# Fix print output for fix Step
0 0 0.725559436102023
0.000495000000000006 0.00552143156400007 1.46679674432473
0.000995000000000074 0.0110986351640008 0.0262070006502054
0.00149500000000001 0.0166758387640002 1.51021168482877
0.00199499999999996 0.0222530423639995 -0.185787406493937
0.00249500000000002 0.0278302459640003 1.7645325675264
0.00299500000000009 0.033407449564001 1.78923647585615
0.0034949999999999 0.0389846531639989 3.3604129265552
0.00399499999999997 0.0445618567639997 4.68765435802759
0.00449500000000004 0.0501390603640004 2.91467805202929
0.00499500000000011 0.0557162639640012 3.81580338855349
0.00549499999999992 0.0612934675639991 2.40053112203861
0.00599499999999999 0.0668706711639999 3.54001930383548
0.00649500000000006 0.0724478747640006 2.552863187576
0.00699500000000012 0.0780250783640014 2.90040353695337
0.00749499999999994 0.0836022819639993 4.04478996860376
0.00799500000000001 0.0891794855640001 4.28852608751322
0.00849500000000007 0.0947566891640008 5.48822320284148
0.00899500000000001 0.100333892764 4.92307377633323
0.00949499999999995 0.105911096363999 4.88596929984995
0.00999500000000002 0.111488299964 4.98995244267168
0.0104950000000001 0.117065503564001 5.63480779766029
0.0109949999999999 0.122642707163999 5.84854867343073
0.011495 0.128219910764 5.35767252069806
0.011995 0.133797114364 5.94884684526405
0.0124950000000001 0.139374317964001 6.54599764881567
0.0129949999999999 0.144951521563999 6.86116457695682
0.013495 0.150528725164 7.09806364635852
0.0139950000000001 0.156105928764001 6.85725205998374
0.0144950000000001 0.161683132364001 7.0494576042387
0.0149949999999999 0.167260335963999 7.20963573192956
0.015495 0.172837539564 7.37709793521048
0.0159950000000001 0.178414743164001 7.8240864983534
0.016495 0.183991946764 8.1209942268313
0.016995 0.189569150363999 8.16326920992676
0.017495 0.195146353964 8.266699077795
0.0179950000000001 0.200723557564001 8.56711622083426
0.0184949999999999 0.206300761163999 8.95136049443291
0.018995 0.211877964764 8.99799131461377
0.019495 0.217455168364 8.81344991355369
0.0199950000000001 0.223032371964001 9.05248235212739
0.0204949999999999 0.228609575563999 9.5087324528632
0.020995 0.234186779164 9.924310881712
0.0214950000000001 0.239763982764001 9.99406430243065
0.0219950000000001 0.245341186364001 9.88472302207934
0.0224949999999999 0.250918389963999 10.1126527681724
0.022995 0.256495593564 10.6950286851264
0.0234950000000001 0.262072797164001 11.0323009096727
0.023995 0.267650000764 10.959707237246
0.024495 0.273227204363999 10.8795042083799
0.024995 0.278804407964 11.3147688958508
0.0254950000000001 0.284381611564001 11.630318077183
0.0259949999999999 0.289958815163999 11.7519376442882
0.026495 0.295536018764 11.854588246181
0.026995 0.301113222364 12.2294339879595
0.0274950000000001 0.306690425964001 12.4632557792767
0.0279949999999999 0.312267629563999 12.6240026510942
0.028495 0.317844833164 12.9526304749398
0.0289950000000001 0.323422036764001 12.762006330146
0.0294950000000001 0.328999240364001 13.0235487921285
0.0299949999999999 0.334576443963999 13.3048935187895
0.030495 0.340153647564 13.657223782535
0.0309950000000001 0.345730851164001 13.5859096088773
0.031495 0.351308054764 13.6100499821465
0.031995 0.356885258363999 14.0560778320541
0.032495 0.362462461964 14.5300536868057
0.0329950000000001 0.368039665564001 14.4275870520271
0.0334949999999999 0.373616869163999 14.6513461517245
0.033995 0.379194072764 14.6457032049183
0.034495 0.384771276364 15.0831580201384
0.0349950000000001 0.390348479964001 15.0448172197225
0.0354949999999999 0.395925683563999 15.2265317610906
0.035995 0.401502887164 15.6030201024057
0.0364950000000001 0.407080090764001 15.994170505444
0.0369950000000001 0.412657294364001 16.0392266585122
0.0374949999999999 0.418234497963999 16.2265709027896
0.037995 0.423811701564 16.3724949337188
0.0384950000000001 0.429388905164001 16.4670355285926
0.038995 0.434966108764 16.3889445910048
0.039495 0.440543312363999 16.6629300131608
0.039995 0.446120515964 17.0668289200933
0.0404950000000001 0.451697719564001 17.2435708905047
0.0409949999999999 0.457274923163999 17.3468672730441
0.041495 0.462852126764 17.6075250437352
0.041995 0.468429330364 18.0813521896527
0.0424950000000001 0.474006533964001 18.0989956310053
0.0429949999999999 0.479583737563999 18.4523300936312
0.043495 0.485160941164 18.5488662181748
0.0439950000000001 0.490738144764001 18.6622949151095
0.0444950000000001 0.496315348364001 18.7813448954307
0.0449949999999999 0.501892551963999 18.8560688016524
0.045495 0.507469755564 19.1968623761395
0.0459950000000001 0.513046959164001 19.4179814323983
0.046495 0.518624162764 19.5594397669664
0.046995 0.524201366363999 20.0011120089549
0.047495 0.529778569964 20.0830254794928
0.0479950000000001 0.535355773564001 20.0683743613647
0.048495 0.540932977164 20.4149635745796
0.048995 0.546510180764 20.3799552899455
0.049495 0.552087384364 20.670236046985
0.0499950000000001 0.557664587964001 20.6715408656809
0.0504949999999999 0.563241791563999 20.8912792631546
0.050995 0.568818995164 21.0008990685507
0.0514950000000001 0.574396198764001 21.3270734188992
0.0519950000000001 0.579973402364001 21.4529018224923
0.0524949999999999 0.585550605963999 21.7072720482753
0.052995 0.591127809564 22.1757018690066
0.0534950000000001 0.596705013164001 22.2136965184895
0.053995 0.602282216764 22.4380684947523
0.054495 0.607859420363999 22.4819788055802
0.054995 0.613436623964 22.9323224844242
0.0554950000000001 0.619013827564001 23.0198802517792
0.055995 0.624591031164 23.0904569636581
0.056495 0.630168234764 23.2099202911591
0.056995 0.635745438364 23.6807779911543
0.0574950000000001 0.641322641964001 23.6683615004041
0.0579949999999999 0.646899845563999 23.7222730077426
0.058495 0.652477049164 24.2164611196559
0.0589950000000001 0.658054252764001 24.3289366816469
0.0594950000000001 0.663631456364001 24.3656730415309
0.0599949999999999 0.669208659963999 24.3596215135529
0.060495 0.674785863564 25.017085182763
0.0609950000000001 0.680363067164001 25.040094609868
0.061495 0.685940270764 24.9667877765984
0.061995 0.691517474363999 25.3974468723873
0.062495 0.697094677964 25.6174635397733
0.0629950000000001 0.702671881564001 25.7162340079243
0.0634949999999999 0.708249085163999 25.9061690536185
0.063995 0.713826288764 26.1070105310311
0.064495 0.719403492364 26.3095095931247
0.0649950000000001 0.724980695964001 26.5431104454979
0.0654949999999999 0.730557899563999 26.6793804036209
0.065995 0.736135103164 26.8611585655098
0.0664950000000001 0.741712306764001 26.9741185543517
0.0669950000000001 0.747289510364001 27.2448904092937
0.0674949999999999 0.752866713963999 27.3572604984762
0.067995 0.758443917564 27.7974128780618
0.0684950000000001 0.764021121164001 27.8325262212777
0.068995 0.769598324764 27.9575156098851
0.0694949999999999 0.775175528363999 28.0801658552343
0.069995 0.780752731964 28.3607649126386
0.0704950000000001 0.786329935564001 28.5115617474527
0.0709949999999999 0.791907139163999 28.5536673159299
0.071495 0.797484342764 28.911816986118
0.071995 0.803061546364 28.9600135086919
0.0724950000000001 0.808638749964001 29.1340587157538
0.0729949999999999 0.814215953563999 29.3782725529081
0.073495 0.819793157164 29.6305141849128
0.073995 0.825370360764001 29.8880877291258
0.0744950000000001 0.830947564364001 30.0236639206255
0.0749949999999999 0.836524767963999 30.175013517713
0.075495 0.842101971564 30.3968504392945
0.0759950000000001 0.847679175164001 30.6168641067165
0.076495 0.853256378764 30.8626046257398
0.076995 0.858833582363999 30.911343635093
0.077495 0.864410785964 31.1444954980963
0.0779950000000001 0.869987989564001 31.2593699110249
0.0784949999999999 0.875565193163999 31.4211550655905
0.078995 0.881142396764 31.612612480454
0.079495 0.886719600364 31.8067852000498
0.0799950000000001 0.892296803964001 31.9726914689065
0.0804949999999999 0.897874007563999 32.1172787044569
0.080995 0.903451211164 32.2075768325241
0.0814950000000001 0.909028414764001 32.6612481044196
0.0819950000000001 0.914605618364001 32.8080299475228
0.0824949999999999 0.920182821963999 32.9814277668331
0.082995 0.925760025564 32.9967292934717
0.0834950000000001 0.931337229164001 33.2778124733701
0.083995 0.936914432764 33.4831619968578
0.0844949999999999 0.942491636363999 33.7781711166745
0.084995 0.948068839964 33.9369827906268
0.0854950000000001 0.953646043564001 33.9951990058575
0.0859949999999999 0.959223247163999 34.3170555221679
0.086495 0.964800450764 34.4315184150038
0.086995 0.970377654364 34.6709090113443
0.0874950000000001 0.975954857964001 34.7306135367198
0.0879949999999999 0.981532061563999 34.9318787868345
0.088495 0.987109265164 35.0941380635292
0.088995 0.992686468764001 35.4653417070636
0.0894950000000001 0.998263672364001 35.6057597935311
0.0899949999999999 1.003840875964 35.6168515962512
0.090495 1.009418079564 36.0292289706719
0.0909950000000001 1.014995283164 36.2658451561543
0.0914950000000001 1.020572486764 36.2632857179318
0.091995 1.026149690364 36.3101188328395
0.092495 1.031726893964 36.6387783942018
0.0929950000000001 1.037304097564 36.8600327288898
0.0934949999999999 1.042881301164 37.1918593957714
0.093995 1.048458504764 37.0924614026587
0.094495 1.054035708364 37.5477234613399
0.0949950000000001 1.059612911964 37.7810113561179
0.0954949999999999 1.065190115564 37.9637311826997
0.095995 1.070767319164 38.0309737853102
0.0964950000000001 1.076344522764 38.0720329760794
0.0969950000000001 1.081921726364 38.5573650755357
0.0974949999999999 1.087498929964 38.7042881987291
0.097995 1.093076133564 39.0160590706703
0.0984950000000001 1.098653337164 39.05119095695
0.098995 1.104230540764 39.0179838101671
0.0994949999999999 1.109807744364 39.3024070609665
0.099995 1.115384947964 39.6351186975171
0.100495 1.120962151564 39.7836569695801
0.100995 1.126539355164 40.0518886127865
0.101495 1.132116558764 40.0740525312474
0.101995 1.137693762364 40.300147404334
0.102495 1.143270965964 40.6217889763218
0.102995 1.148848169564 40.8701622164766
0.103495 1.154425373164 40.8608652033435
0.103995 1.160002576764 41.0101259656748
0.104495 1.165579780364 41.3940506045754
0.104995 1.171156983964 41.3003379824374
0.105495 1.176734187564 41.6335011655844
0.105995 1.182311391164 41.6830193475773
0.106495 1.187888594764 42.0661562196521
0.106995 1.193465798364 42.2743594038043
0.107495 1.199043001964 42.4455905297517
0.107995 1.204620205564 42.5307894846551
0.108495 1.210197409164 42.6325295029482
0.108995 1.215774612764 42.9839692911435
0.109495 1.221351816364 43.2019405101778
0.109995 1.226929019964 43.1860174358003
0.110495 1.232506223564 43.3324286505975
0.110995 1.238083427164 43.6655484508399
0.111495 1.243660630764 43.6621833412303
0.111995 1.249237834364 44.0110812101414
0.112495 1.254815037964 44.1455473945393
0.112995 1.260392241564 44.5736170823471
0.113495 1.265969445164 44.379630361207
0.113995 1.271546648764 44.6931791627278
0.114495 1.277123852364 44.9915224223232
0.114995 1.282701055964 45.0251593364448
0.115495 1.288278259564 45.2292726055508
0.115995 1.293855463164 45.3191738611731
0.116495 1.299432666764 45.6578009724153
0.116995 1.305009870364 45.5663353272741
0.117495 1.310587073964 45.957288123889
0.117995 1.316164277564 46.1695105830536
0.118495 1.321741481164 46.1760142026957
0.118995 1.327318684764 46.4265920988661
0.119495 1.332895888364 46.535732809222
0.119995 1.338473091964 46.7490189670773
0.120495 1.344050295564 46.961006047218
0.120995 1.349627499164 47.1873581971864
0.121495 1.355204702764 47.268213143836
0.121995 1.360781906364 47.4306054703161
0.122495 1.366359109964 47.5424782647117
0.122995 1.371936313564 47.7886670179873
0.123495 1.377513517164 47.9773430957674
0.123995 1.383090720764 48.1237726167138
0.124495 1.388667924364 48.1486866983235
0.124995 1.394245127964 48.3966304985264
0.125495 1.399822331564 48.6101713595293
0.125995 1.405399535164 48.7714117131344
0.126495 1.410976738764 49.0145823908467
0.126995 1.416553942364 48.9703900059342
0.127495 1.422131145964 49.2173456993879
0.127995 1.427708349564 49.4803252219437
0.128495 1.433285553164 49.4831371521307
0.128995 1.438862756764 49.8166473799803
0.129495 1.444439960364 49.8880260641834
0.129995 1.450017163964 50.1095645137135
0.130495 1.455594367564 50.2308892349562
0.130995 1.461171571164 50.1468991265002
0.131495 1.466748774764 50.4183159628646
0.131995 1.472325978364 50.8630413413728
0.132495 1.477903181964 50.6568540459474
0.132995 1.483480385564 50.74479208639
0.133495 1.489057589164 51.2244800803257
0.133995 1.494634792764 51.3101663617717
0.134495 1.500211996364 51.5528491300386
0.134995 1.505789199964 51.4547217492405
0.135495 1.511366403564 51.7467571012709
0.135995 1.516943607164 51.9608641585535
0.136495 1.522520810764 52.0140695590468
0.136995 1.528098014364 52.0986180716711
0.137495 1.533675217964 52.3563247239044
0.137995 1.539252421564 52.5324000075171
0.138495 1.544829625164 52.6220569444914
0.138995 1.550406828764 52.7692911825314
0.139495 1.555984032364 52.7012866803691
0.139995 1.561561235964 53.2427954302067
0.140495 1.567138439564 53.1762345160783
0.140995 1.572715643164 53.2358373158158
0.141495 1.578292846764 53.3883972843263
0.141995 1.583870050364 53.6566503450134
0.142495 1.589447253964 53.9910686783978
0.142995 1.595024457564 53.968052208477
0.143495 1.600601661164 53.8928883429681
0.143995 1.606178864764 54.1264727647256
0.144495 1.611756068364 54.4334156910475
0.144995 1.617333271964 54.7434249090454
0.145495 1.622910475564 54.5717942427058
0.145995 1.628487679164 54.6406196910356
0.146495 1.634064882764 55.1106682123258
0.146995 1.639642086364 55.3157304231675
0.147495 1.645219289964 55.0885852391874
0.147995 1.650796493564 55.1200116802687
0.148495 1.656373697164 55.689593957588
0.148995 1.661950900764 55.6566281070614
0.149495 1.667528104364 55.7781590904689
0.149995 1.673105307964 55.9066642482995
0.150495 1.678682511564 56.2119238075006
0.150995 1.684259715164 56.2400180176105
0.151495 1.689836918764 56.1968143250714
0.151995 1.695414122364 56.3078778874377
0.152495 1.700991325964 56.606916920695
0.152995 1.706568529564 56.8263231807501
0.153495 1.712145733164 56.8834124491352
0.153995 1.717722936764 56.8039445270499
0.154495 1.723300140364 57.040475726704
0.154995 1.728877343964 57.181798330352
0.155495 1.734454547564 57.424164454729
0.155995 1.740031751164 57.4149864402186
0.156495 1.745608954764 57.4191200325436
0.156995 1.751186158364 57.8537421593202
0.157495 1.756763361964 57.8543422522486
0.157995 1.762340565564 58.1357708248182
0.158495 1.767917769164 57.9469074741129
0.158995 1.773494972764 58.2954863508006
0.159495 1.779072176364 58.6401318828153
0.159995 1.784649379964 58.7435811407728
0.160495 1.790226583564 58.679041669363
0.160995 1.795803787164 58.8051581707192
0.161495 1.801380990764 59.0048695525052
0.161995 1.806958194364 59.0047235992836
0.162495 1.812535397964 59.3508213004527
0.162995 1.818112601564 59.3802474030751
0.163495 1.823689805164 59.676610694658
0.163995 1.829267008764 59.59437555306
0.164495 1.834844212364 59.8381883995274
0.164995 1.840421415964 60.0306192575842
0.165495 1.845998619564 60.0146539951357
0.165995 1.851575823164 60.2037126534422
0.166495 1.857153026764 60.5587282640946
0.166995 1.862730230364 60.6354731287566
0.167495 1.868307433964 60.3700357175353
0.167995 1.873884637564 60.7388244833658
0.168495 1.879461841164 61.0875119131579
0.168995 1.885039044764 61.3192812193596
0.169495 1.890616248364 61.1830495194733
0.169995 1.896193451964 61.2711908255605
0.170495 1.901770655564 61.4246176108806
0.170995 1.907347859164 61.5732961774425
0.171495 1.912925062764 61.7851121647719
0.171995 1.918502266364 61.7990858143543
0.172495 1.924079469964 61.9394484479059
0.172995 1.929656673564 61.8747530050471
0.173495 1.935233877164 62.1680286629514
0.173995 1.940811080764 62.2699933501381
0.174495 1.946388284364 62.5298729846532
0.174995 1.951965487964 62.6223170734395
0.175495 1.957542691564 62.6956909396575
0.175995 1.963119895164 62.7359822944604
0.176495 1.968697098764 62.750412191036
0.176995 1.974274302364 63.2311524929651
0.177495 1.979851505964 63.0594689474788
0.177995 1.985428709564 63.3270988583286
0.178495 1.991005913164 63.3282075688869
0.178995 1.996583116764 63.7301567455133
0.179495 2.002160320364 63.6598707122068
0.179995 2.007737523964 63.8552202875834
0.180495 2.013314727564 64.0277448525959
0.180995 2.018891931164 63.9912795708568
0.181495 2.024469134764 64.1681621878383
0.181995 2.030046338364 64.228999190804
0.182495 2.035623541964 64.5549854968077
0.182995 2.041200745564 64.4615163801092
0.183495 2.046777949164 64.7642443716732
0.183995 2.052355152764 64.722884800179
0.184495 2.057932356364 64.9305262806164
0.184995 2.063509559964 64.9665464396916
0.185495 2.069086763564 65.2190443003261
0.185995 2.074663967164 65.3887101812367
0.186495 2.080241170764 65.3523461777839
0.186995 2.085818374364 65.4781389761123
0.187495 2.091395577964 65.6579442428691
0.187995 2.096972781564 65.7290325349637
0.188495 2.102549985164 65.6951138297498
0.188995 2.108127188764 66.1201376475605
0.189495 2.113704392364 65.9988442482913
0.189995 2.119281595964 66.4303726462767
0.190495 2.124858799564 66.2375807971053
0.190995 2.130436003164 66.499897386862
0.191495 2.136013206764 66.6769574463124
0.191995 2.141590410364 66.6463442596043
0.192495 2.147167613964 67.01916029971
0.192995 2.152744817564 67.0407325802969
0.193495 2.158322021164 67.2083725399102
0.193995 2.163899224764 67.1545267587452
0.194495 2.169476428364 67.477883744421
0.194995 2.175053631964 67.4372138333401
0.195495 2.180630835564 67.6907006857414
0.195995 2.186208039164 67.7101409216918
0.196495 2.191785242764 67.9117725618892
0.196995 2.197362446364 68.0857238169056
0.197495 2.202939649964 68.1001752941904
0.197995 2.208516853564 68.2322288152225
0.198495 2.214094057164 68.3062532639892
0.198995 2.219671260764 68.5289830735916
0.199495 2.225248464364 68.5670760978982
0.199995 2.230825667964 68.8240626702288
0.200495 2.236402871564 68.7961856012612
0.200995 2.241980075164 68.9549504097703
0.201495 2.247557278764 69.0429691131502
0.201995 2.253134482364 69.2873606851494
0.202495 2.258711685964 69.4795900105359
0.202995 2.264288889564 69.359238673661
0.203495 2.269866093164 69.705055306152
0.203995 2.275443296764 69.6479715855006
0.204495 2.281020500364 69.9364039942298
0.204995 2.286597703964 69.963819974135
0.205495 2.292174907564 69.998135945886
0.205995 2.297752111164 70.0991632068907
0.206495 2.303329314764 70.3024860475921
0.206995 2.308906518364 70.3222076260466
0.207495 2.314483721964 70.4704902039048
0.207995 2.320060925564 70.6542525233206
0.208495 2.325638129164 70.9512907131755
0.208995 2.331215332764 70.9597917725626
0.209495 2.336792536364 70.8227860586846
0.209995 2.342369739964 71.172680596425
0.210495 2.347946943564 71.5934418483775
0.210995 2.353524147164 71.5393778095994
0.211495 2.359101350764 71.3339007116632
0.211995 2.364678554364 71.4242331655629
0.212495 2.370255757964 71.9022979850414
0.212995 2.375832961564 71.9827883541471
0.213495 2.381410165164 71.8625589449395
0.213995 2.386987368764 71.7336839172377
0.214495 2.392564572364 72.3872211730596
0.214995 2.398141775964 72.5482278073846
0.215495 2.403718979564 72.3338007696304
0.215995 2.409296183164 72.3682798604108
0.216495 2.414873386764 72.9502750310922
0.216995 2.420450590364 73.1086518028261
0.217495 2.426027793964 72.7721256246558
0.217995 2.431604997564 73.0666755999895
0.218495 2.437182201164 73.1864945999058
0.218995 2.442759404764 73.4772550633289
0.219495 2.448336608364 73.2946514176604
0.219995 2.453913811964 73.5011499203536
0.220495 2.459491015564 73.815459320771
0.220995 2.465068219164 73.8701719017116
0.221495 2.470645422764 73.9394166722421
0.221995 2.476222626364 74.0482190246806
0.222495 2.481799829964 74.2371901475456
0.222995 2.487377033564 74.3593130806189
0.223495 2.492954237164 74.4342492527853
0.223995 2.498531440764 74.3225445237808
0.224495 2.504108644364 74.9196692335712
0.224995 2.509685847964 74.8888217039518
0.225495 2.515263051564 74.8721582993925
0.225995 2.520840255164 74.8013181926802
0.226495 2.526417458764 75.164967951846
0.226995 2.531994662364 75.3262461838659
0.227495 2.537571865964 75.2826836997863
0.227995 2.543149069564 75.6122299643409
0.228495 2.548726273164 75.7161368118443
0.228995 2.554303476764 75.974007444564
0.229495 2.559880680364 75.6303161330218
0.229995 2.565457883964 76.1146859168101
0.230495 2.571035087564 76.3738247816197
0.230995 2.576612291164 76.3140782628964
0.231495 2.582189494764 76.2752119432798
0.231995 2.587766698364 76.3402910287481
0.232495 2.593343901964 76.8689378430724
0.232995 2.598921105564 76.641727718106
0.233495 2.604498309164 77.0177811071651
0.233995 2.610075512764 76.6329491087968
0.234495 2.615652716364 77.4392563737949
0.234995 2.621229919964 77.127137631059
0.235495 2.626807123564 77.3206729247516
0.235995 2.632384327164 77.3804056900484
0.236495 2.637961530764 77.7858144797168
0.236995 2.643538734364 77.6570706486879
0.237495 2.649115937964 77.7415907724424
0.237995 2.654693141564 77.8429743179976
0.238495 2.660270345164 77.9938994491669
0.238995 2.665847548764 78.2352338580724
0.239495 2.671424752364 78.2366489972924
0.239995 2.677001955964 78.5307379512503
0.240495 2.682579159564 78.4629825059117
0.240995 2.688156363164 78.805004630315
0.241495 2.693733566764 78.8666522247591
0.241995 2.699310770364 78.8049243803529
0.242495 2.704887973964 78.9033924755412
0.242995 2.710465177564 79.4018737570061
0.243495 2.716042381164 79.2267628691558
0.243995 2.721619584764 79.5805351725931
0.244495 2.727196788364 79.5142235652466
0.244995 2.732773991964 79.7312256771342
0.245495 2.738351195564 79.9442364559553
0.245995 2.743928399164 79.8507896219295
0.246495 2.749505602764 79.9306580374079
0.246995 2.755082806364 80.323174862927
0.247495 2.760660009964 80.6379475883897
0.247995 2.766237213564 80.313814811999
0.248495 2.771814417164 80.5573402800018
0.248995 2.777391620764 80.9920862631025
0.249495 2.782968824364 80.8540904664863
0.249995 2.788546027964 81.1783215395321
0.250495 2.794123231564 80.9217727914968
0.250995 2.799700435164 81.165192390019
0.251495 2.805277638764 81.6773463484573
0.251995 2.810854842364 81.6581257214696
0.252495 2.816432045964 81.4644299644243
0.252995 2.822009249564 81.8162179555446
0.253495 2.827586453164 81.9854025976009
0.253995 2.833163656764 82.3393646854633
0.254495 2.838740860364 82.3298587616076
0.254995 2.844318063964 82.1455109872807
0.255495 2.849895267564 82.1103057099545
0.255995 2.855472471164 82.5802223008763
0.256495 2.861049674764 83.0946870525068
0.256995 2.866626878364 82.3999390915002
0.257495 2.872204081964 82.8754432317757
0.257995 2.877781285564 82.9188915366222
0.258495 2.883358489164 83.3890814224067
0.258995 2.888935692764 83.3629306670016
0.259495 2.894512896364 83.3701698008814
0.259995 2.900090099964 83.8473565938345
0.260495 2.905667303564 83.7480874024094
0.260995 2.911244507164 83.878290769206
0.261495 2.916821710764 83.8924212883351
0.261995 2.922398914364 83.9870235954297
0.262495 2.927976117964 84.4861066831415
0.262995 2.933553321564 84.5236429377497
0.263495 2.939130525164 84.6464676217959
0.263995 2.944707728764 84.5464813992328
0.264495 2.950284932364 85.1123884733855
0.264995 2.955862135964 85.0167429556361
0.265495 2.961439339564 85.1568230565413
0.265995 2.967016543164 85.3790240738993
0.266495 2.972593746764 85.5271550650155
0.266995 2.978170950364 85.7924956741354
0.267495 2.983748153964 85.6260520701044
0.267995 2.989325357564 86.2609920869339
0.268495 2.994902561164 86.072478973394
0.268995 3.000479764764 86.0755654868668
0.269495 3.006056968364 86.2593227451298
0.269995 3.011634171964 86.6047655217198
0.270495 3.017211375564 87.1168976295536
0.270995 3.022788579164 87.0235075916253
0.271495 3.028365782764 86.7137620537485
0.271995 3.033942986364 86.6294536603892
0.272495 3.039520189964 87.6671031525177
0.272995 3.045097393564 87.2090706140698
0.273495 3.050674597164 87.2781900002285
0.273995 3.056251800764 87.4525345567495
0.274495 3.061829004364 87.4908519360881
0.274995 3.067406207964 88.1456621802057
0.275495 3.072983411564 88.0320664821464
0.275995 3.078560615164 88.2738007863424
0.276495 3.084137818764 88.4119923410177
0.276995 3.089715022364 88.726012629477
0.277495 3.095292225964 88.8878442931321
0.277995 3.100869429564 88.6588912211904
0.278495 3.106446633164 89.3157691793513
0.278995 3.112023836764 89.563904410915
0.279495 3.117601040364 89.2211247771293
0.279995 3.123178243964 89.2585811172167
0.280495 3.128755447564 89.7105456418006
0.280995 3.134332651164 90.9155923577295
0.281495 3.139909854764 89.9947691515502
0.281995 3.145487058364 90.5514718070669
0.282495 3.151064261964 90.057596533983
0.282995 3.156641465564 90.7154213321775
0.283495 3.162218669164 90.0905937372606
0.283995 3.167795872764 90.9828354414209
0.284495 3.173373076364 90.8321434196879
0.284995 3.178950279964 91.1356087901686
0.285495 3.184527483564 91.257471147556
0.285995 3.190104687164 92.1226047947975
0.286495 3.195681890764 91.630518090229
0.286995 3.201259094364 92.0234774785235
0.287495 3.206836297964 92.6344976363377
0.287995 3.212413501564 91.9556670042304
0.288495 3.217990705164 92.7780730590715
0.288995 3.223567908764 92.4446323461887
0.289495 3.229145112364 93.3812167712668
0.289995 3.234722315964 93.647919568603
0.290495 3.240299519564 93.2917432964945
0.290995 3.245876723164 93.4983262422142
0.291495 3.251453926764 94.1319143017253
0.291995 3.257031130364 94.2130529728816
0.292495 3.262608333964 94.0544543751561
0.292995 3.268185537564 93.9604362720486
0.293495 3.273762741164 94.3438737486509
0.293995 3.279339944764 94.7286267009428
0.294495 3.284917148364 95.2560622832928
0.294995 3.290494351964 95.3753682714428
0.295495 3.296071555564 94.9341761347204
0.295995 3.301648759164 95.7217188278717
0.296495 3.307225962764 96.0465002932328
0.296995 3.312803166364 96.0458804298206
0.297495 3.318380369964 96.12431325611
0.297995 3.323957573564 96.3284559046747
0.298495 3.329534777164 97.0084821346084
0.298995 3.335111980764 96.9741692782868
0.299495 3.340689184364 97.242299984887
0.299995 3.346266387964 97.4084627250554
0.300495 3.351843591564 98.5581797927525
0.300995 3.357420795164 98.0492742532375
0.301495 3.362997998764 98.0070573404976
0.301995 3.368575202364 98.6314708789509
0.302495 3.374152405964 98.4361706230434
0.302995 3.379729609564 98.8212364357286
0.303495 3.385306813164 98.8954063627493
0.303995 3.390884016764 99.5044970257909
0.304495 3.396461220364 99.8090465299833
0.304995 3.402038423964 100.466900224253
0.305495 3.407615627564 100.232922475526
0.305995 3.413192831164 101.00364867216
0.306495 3.418770034764 100.720276224969
0.306995 3.424347238364 100.922556375102
0.307495 3.429924441964 101.531397830518
0.307995 3.435501645564 101.32192016497
0.308495 3.441078849164 102.335081193746
0.308995 3.446656052764 102.224205479252
0.309495 3.452233256364 102.755787635069
0.309995 3.457810459964 102.400781121771
0.310495 3.463387663564 102.996243219119
0.310995 3.468964867164 104.67297383766
0.311495 3.474542070764 103.020125883
0.311995 3.480119274364 104.469462011463
0.312495 3.485696477964 103.653067796283
0.312995 3.491273681564 104.609979531937
0.313495 3.496850885164 104.863066166385
0.313995 3.502428088764 105.051598804384
0.314495 3.508005292364 105.280207448728
0.314995 3.513582495964 105.7339818228
0.315495 3.519159699564 106.309899016133
0.315995 3.524736903164 106.266358622849
0.316495 3.530314106764 107.194015230252
0.316995 3.535891310364 107.953708471361
0.317495 3.541468513964 107.206896668784
0.317995 3.547045717564 108.40384612737
0.318495 3.552622921164 108.508751508721
0.318995 3.558200124764 108.151825926299
0.319495 3.563777328364 109.926187672726
0.319995 3.569354531964 109.165910959926
0.320495 3.574931735564 109.45820647056
0.320995 3.580508939164 109.886713996587
0.321495 3.586086142764 110.459101696585
0.321995 3.591663346364 111.04826182066
0.322495 3.597240549964 111.247860460288
0.322995 3.602817753564 111.988547332795
0.323495 3.608394957164 112.469708642928
0.323995 3.613972160764 112.712795531834
0.324495 3.619549364364 112.629890259834
0.324995 3.625126567964 113.815901538813
0.325495 3.630703771564 113.950638744896
0.325995 3.636280975164 113.997856830979
0.326495 3.641858178764 114.693078901988
0.326995 3.647435382364 115.751071897759
0.327495 3.653012585964 115.03309630451
0.327995 3.658589789564 115.982623241157
0.328495 3.664166993164 115.270290584088
0.328995 3.669744196764 116.445809342085
0.329495 3.675321400364 117.364448530761
0.329995 3.680898603964 116.676865388674
0.330495 3.686475807564 118.138298812272
0.330995 3.692053011164 118.421689080408
0.331495 3.697630214764 119.406085375563
0.331995 3.703207418364 119.209198099636
0.332495 3.708784621964 119.989831098086
0.332995 3.714361825564 121.036789109583
0.333495 3.719939029164 120.874627433334
0.333995 3.725516232764 120.818869895199
0.334495 3.731093436364 121.532466995491
0.334995 3.736670639964 122.251711914409
0.335495 3.742247843564 122.681001914869
0.335995 3.747825047164 122.758411605157
0.336495 3.753402250764 123.485693023175
0.336995 3.758979454364 123.667578301614
0.337495 3.764556657964 123.808621777932
0.337995 3.770133861564 126.369998522778
0.338495 3.775711065164 126.200650853049
0.338995 3.781288268764 126.759773963892
0.339495 3.786865472364 126.455193969632
0.339995 3.792442675964 126.874076944882
0.340495 3.798019879564 128.049778021634
0.340995 3.803597083164 127.669038403177
0.341495 3.809174286764 129.059960762897
0.341995 3.814751490364 128.786260091875
0.342495 3.820328693964 129.619454141812
0.342995 3.825905897564 129.8748828526
0.343495 3.831483101164 130.585154093529
0.343995 3.837060304764 130.790619800397
0.344495 3.842637508364 132.069020011525
0.344995 3.848214711964 131.674631200849
0.345495 3.853791915564 134.060904201801
0.345995 3.859369119164 132.88855648828
0.346495 3.864946322764 134.778126725977
0.346995 3.870523526364 133.662270633373
0.347495 3.876100729964 135.729040094475
0.347995 3.881677933564 135.70400549783
0.348495 3.887255137164 135.675635464757
0.348995 3.892832340764 136.808167204258
0.349495 3.898409544364 136.893968094909
0.349995 3.903986747964 137.948475473899
0.350495 3.909563951564 137.983326214442
0.350995 3.915141155164 138.816441257648
0.351495 3.920718358764 139.261665376798
0.351995 3.926295562364 140.223983169876
0.352495 3.931872765964 141.16693719984
0.352995 3.937449969564 141.329939392323
0.353495 3.943027173164 141.453070512364
0.353995 3.948604376764 142.384863528251
0.354495 3.954181580364 143.655593702195
0.354995 3.959758783964 142.916093692912
0.355495 3.965335987564 144.670603447992
0.355995 3.970913191164 144.072407013885
0.356495 3.976490394764 145.908931950954
0.356995 3.982067598364 146.179516647306
0.357495 3.987644801964 147.005304880489
0.357995 3.993222005564 147.488870052846
0.358495 3.998799209164 148.213894732726
0.358995 4.004376412764 148.398077425273
0.359495 4.009953616364 149.202819429509
0.359995 4.015530819964 150.220618385835
0.360495 4.021108023564 149.595090948572
0.360995 4.026685227164 150.645747683736
0.361495 4.032262430764 151.32072159909
0.361995 4.037839634364 153.042224366326
0.362495 4.043416837964 152.539624750285
0.362995 4.048994041564 152.976217078101
0.363495 4.054571245164 153.869201038493
0.363995 4.060148448764 155.180280650391
0.364495 4.065725652364 155.930362183345
0.364995 4.071302855964 156.566668582471
0.365495 4.076880059564 157.341249371741
0.365995 4.082457263164 157.088721764209
0.366495 4.088034466764 157.956559117238
0.366995 4.093611670364 159.179237954838
0.367495 4.099188873964 160.082823453664
0.367995 4.104766077564 161.036846370657
0.368495 4.110343281164 160.245282992469
0.368995 4.115920484764 160.942567268353
0.369495 4.121497688364 162.839544708993
0.369995 4.127074891964 162.946717925804
0.370495 4.132652095564 164.628128460145
0.370995 4.138229299164 164.55193238853
0.371495 4.143806502764 165.898842320051
0.371995 4.149383706364 166.088836086281
0.372495 4.154960909964 167.240791489203
0.372995 4.160538113564 167.577904785454
0.373495 4.166115317164 168.436998613398
0.373995 4.171692520764 170.017630635339
0.374495 4.177269724364 170.237122396935
0.374995 4.182846927964 171.4834968312
0.375495 4.188424131564 171.71678141661
0.375995 4.194001335164 172.453378709733
0.376495 4.199578538764 173.05418854511
0.376995 4.205155742364 173.478502268055
0.377495 4.210732945964 175.740670131129
0.377995 4.216310149564 175.892098858577
0.378495 4.221887353164 176.230428056966
0.378995 4.227464556764 176.347362407645
0.379495 4.233041760364 178.129737904426
0.379995 4.238618963964 179.441726771133
0.380495 4.244196167564 180.963694704916
0.380995 4.249773371164 182.289407167919
0.381495 4.255350574764 182.073272773622
0.381995 4.260927778364 182.797696619321
0.382495 4.266504981964 183.766561230846
0.382995 4.272082185564 184.366477339121
0.383495 4.277659389164 186.151645941458
0.383995 4.283236592764 187.703171661138
0.384495 4.288813796364 187.985245579278
0.384995 4.294390999964 188.494385965539
0.385495 4.299968203564 188.595255303758
0.385995 4.305545407164 177.351559454664
0.386495 4.311122610764 145.721260608386
0.386995 4.316699814364 100.416964769063
0.387495 4.322277017964 65.5153413258916
0.387995 4.327854221564 53.4036708017484
0.388495 4.333431425164 42.3707925637073
0.388995 4.339008628764 30.0568529908478
0.389495 4.344585832364 18.0133468887678
0.389995 4.350163035964 4.71818345946498
0.390495 4.355740239564 -8.88623430372252
0.390995 4.361317443164 -17.5879411818158
0.391495 4.366894646764 -17.2123045958508
0.391995 4.372471850364 -9.75559605643453
0.392495 4.378049053964 -0.804316159596765
0.392995 4.383626257564 6.28298506108336
0.393495 4.389203461164 9.11426754611431
0.393995 4.394780664764 9.40564033654243
0.394495 4.400357868364 5.0784479095601
0.394995 4.405935071964 -0.702401272227649
0.395495 4.411512275564 -5.42160455875505
0.395995 4.417089479164 -7.77877771981695
0.396495 4.422666682764 -7.68504919118134
0.396995 4.428243886364 -4.81142188897705
0.397495 4.433821089964 0.145054969257243
0.397995 4.439398293564 2.17935007218507
0.398495 4.444975497164 4.30786552283647
0.398995 4.450552700764 4.59011822937506
0.399495 4.456129904364 3.27116443240782
0.399995 4.461707107964 -0.169791046969792
0.400495 4.467284311564 -2.02968392908466
0.400995 4.472861515164 -4.4914388394793
0.401495 4.478438718764 -4.90782139748205
0.401995 4.484015922364 -3.40451684799801
0.402495 4.489593125964 -0.465386759399554
0.402995 4.495170329564 1.81303084383454
0.403495 4.500747533164 2.73005243972756
0.403995 4.506324736764 4.08839326226297
0.404495 4.511901940364 2.28431072718621
0.404995 4.517479143964 1.05457724534238
0.405495 4.523056347564 -0.418439458020005
0.405995 4.528633551164 -2.0471020249036
0.406495 4.534210754764 -2.87705392657168
0.406995 4.539787958364 -1.44952577552684
0.407495 4.545365161964 -0.149278028436882
0.407995 4.550942365564 0.797916588693769
0.408495 4.556519569164 1.3369118736682
0.408995 4.562096772764 2.28315077203872
0.409495 4.567673976364 0.977739940644603
0.409995 4.573251179964 0.0181006043207817
0.410495 4.578828383564 -0.635188441594002
0.410995 4.584405587164 -0.323312569129344
0.411495 4.589982790764 -1.13541444918155
0.411995 4.595559994364 0.0574263471482697
0.412495 4.601137197964 1.08315334893893
0.412995 4.606714401564 1.05895562012268
0.413495 4.612291605164 1.1776408027204
0.413995 4.617868808764 0.606386098710131
0.414495 4.623446012364 -0.336509912353892
0.414995 4.629023215964 -0.646953284626743
0.415495 4.634600419564 -1.63996042675108
0.415995 4.640177623164 -1.07527102279992
0.416495 4.645754826764 -1.15909582943462
0.416995 4.651332030364 0.0102229955804502
0.417495 4.656909233964 0.400613943518866
0.417995 4.662486437564 1.33147759108186
0.418495 4.668063641164 1.35120961755571
0.418995 4.673640844764 0.965814981550975
0.419495 4.679218048364 0.536577853968342
0.419995 4.684795251964 -0.824849400281173
0.420495 4.690372455564 -0.686870825059184
0.420995 4.695949659164 -1.77403602216742
0.421495 4.701526862764 -1.41258028963034
0.421995 4.707104066364 -0.910426008963027
0.422495 4.712681269964 -0.773829472434381
0.422995 4.718258473564 0.0556185359289176
0.423495 4.723835677164 0.367729602139325
0.423995 4.729412880764 0.580842845576502
0.424495 4.734990084364 0.12731763196033
0.424995 4.740567287964 -0.181516366163885
0.425495 4.746144491564 -0.74325999827902
0.425995 4.751721695164 -0.842903371149913
0.426495 4.757298898764 -0.616276629979973
0.426995 4.762876102364 -0.310360857639148
0.427495 4.768453305964 0.404998649263013
0.427995 4.774030509564 0.338537377819656
0.428495 4.779607713164 0.770378158839849
0.428995 4.785184916764 0.566783329074249
0.429495 4.790762120364 -7.98089975039839e-05
0.429995 4.796339323964 0.016742934877645
0.430495 4.801916527564 -0.611921355877144
0.430995 4.807493731164 -0.142915336327849
0.431495 4.813070934764 -0.237959252225374
0.431995 4.818648138364 0.0515006895098796
0.432495 4.824225341964 -0.00613924151468089
0.432995 4.829802545564 0.512921456505579
0.433495 4.835379749164 0.595673066407072
0.433995 4.840956952764 0.530637063532715
0.434495 4.846534156364 0.376875308463542
0.434995 4.852111359964 0.56699846486654
0.435495 4.857688563564 0.312985032200181
0.435995 4.863265767164 -0.229250147304537
0.436495 4.868842970764 -0.275637065394428
0.436995 4.874420174364 -0.0792767005775017
0.437495 4.879997377964 -0.0335599630302611
0.437995 4.885574581564 -0.341699695195259
0.438495 4.891151785164 -0.125653738905195
0.438995 4.896728988764 -0.10732860264988
0.439495 4.902306192364 0.0279265958776241
0.439995 4.907883395964 -0.969703580824007
0.440495 4.913460599564 0.0451364070003847
0.440995 4.919037803164 -0.48870101064403
0.441495 4.924615006764 -0.236849743166712
0.441995 4.930192210364 -0.32806258398071
0.442495 4.935769413964 0.212882420900988
0.442995 4.941346617564 0.677452087403566
0.443495 4.946923821164 0.0802580751928112
0.443995 4.952501024764 0.31626793608482
0.444495 4.958078228364 0.161401204665198
0.444995 4.963655431964 -0.551397907725376
0.445495 4.969232635564 -0.813446873098137
0.445995 4.974809839164 -1.12925950118947
0.446495 4.980387042764 -0.4556471550121
0.446995 4.985964246364 -0.996340654785054
0.447495 4.991541449964 0.827003244218487
0.447995 4.997118653564 0.861467061584566
0.448495 5.002695857164 1.04908993699746
0.448995 5.008273060764 0.931806638733467
0.449495 5.013850264364 0.229385386004739
0.449995 5.019427467964 -0.0872297385822535
0.450495 5.025004671564 -1.61165060982974
0.450995 5.030581875164 -0.985984211000685
0.451495 5.036159078764 -1.30718492202032
0.451995 5.041736282364 -0.587145772630743
0.452495 5.047313485964 -0.250445926407052
0.452995 5.052890689564 0.759883758722984
0.453495 5.058467893164 1.06353543592708
0.453995 5.064045096764 1.10135402909532
0.454495 5.069622300364 0.916555474895787
0.454995 5.075199503964 0.512120009545311
0.455495 5.080776707564 -0.348911924792359
0.455995 5.086353911164 -0.447344141550646
0.456495 5.091931114764 -0.317022813434462
0.456995 5.097508318364 -0.608664352498118
0.457495 5.103085521964 -0.609326508043745
0.457995 5.108662725564 0.0699686980903402
0.458495 5.114239929164 -0.110976796045332
0.458995 5.119817132764 -0.338203576076399
0.459495 5.125394336364 0.267835778978393
0.459995 5.130971539964 0.295172354487554
0.460495 5.136548743564 -0.488064018806699
0.460995 5.142125947164 -0.157193762833031
0.461495 5.147703150764 0.0260001812873452
0.461995 5.153280354364 0.177254164144842
0.462495 5.158857557964 -0.568469989082736
0.462995 5.164434761564 0.175474051231548
0.463495 5.170011965164 -0.0649101301773228
0.463995 5.175589168764 -0.277399741707492
0.464495 5.181166372364 -0.331926770630785
0.464995 5.186743575964 -0.185061313299317
0.465495 5.192320779564 -0.197682514240904
0.465995 5.197897983164 -0.440542739662245
0.466495 5.203475186764 0.185833776004819
0.466995 5.209052390364 0.219827049970455
0.467495 5.214629593964 0.114652357214782
0.467995 5.220206797564 0.0067566167945847
0.468495 5.225784001164 0.183012608486349
0.468995 5.231361204764 0.213128439163537
0.469495 5.236938408364 0.202100164726831
0.469995 5.242515611964 -0.701852222782014
0.470495 5.248092815564 0.149870726669404
0.470995 5.253670019164 -0.371360131416226
0.471495 5.259247222764 0.268327626295006
0.471995 5.264824426364 0.0720729370849164
0.472495 5.270401629964 0.407887326193834
0.472995 5.275978833564 0.816070234796719
0.473495 5.281556037164 0.103460051871017
0.473995 5.287133240764 -0.00176277826786305
0.474495 5.292710444364 -0.820985123660234
0.474995 5.298287647964 -0.363394237959332
0.475495 5.303864851564 -1.14650676802871
0.475995 5.309442055164 -0.591897872851909
0.476495 5.315019258764 -0.355090305456922
0.476995 5.320596462364 0.737387337840559
0.477495 5.326173665964 1.03656264727002
0.477995 5.331750869564 0.482364033308529
0.478495 5.337328073164 0.76224074928654
0.478995 5.342905276764 -0.0609514214708594
0.479495 5.348482480364 -0.528988350189993
0.479995 5.354059683964 -1.26936380807153
0.480495 5.359636887564 -1.0249267183718
0.480995 5.365214091164 -0.690043655024663
0.481495 5.370791294764 -0.414724051434986
0.481995 5.376368498364 0.238064476006555
0.482495 5.381945701964 1.02233711640528
0.482995 5.387522905564 0.983493719430887
0.483495 5.393100109164 0.358223967149771
0.483995 5.398677312764 0.330036647575275
0.484495 5.404254516364 -0.00979821068193721
0.484995 5.409831719964 -0.789064577685021
0.485495 5.415408923564 -0.804750734817629
0.485995 5.420986127164 -0.49433941588346
0.486495 5.426563330764 -0.442053547868067
0.486995 5.432140534364 0.0839846187346951
0.487495 5.437717737964 0.753371004031329
0.487995 5.443294941564 0.856258703175036
0.488495 5.448872145164 0.523145330072422
0.488995 5.454449348764 0.267681108032975
0.489495 5.460026552364 0.109915009235855
0.489995 5.465603755964 -0.689064064582481
0.490495 5.471180959564 -0.912666407358524
0.490995 5.476758163164 -0.660416831526483
0.491495 5.482335366764 -0.154857221648711
0.491995 5.487912570364 -0.293919978588244
0.492495 5.493489773964 -0.00486024741859303
0.492995 5.499066977564 0.553133227539477
0.493495 5.504644181164 0.517377763677962
0.493995 5.510221384764 0.500911879473074
0.494495 5.515798588364 -0.00976969715351328
0.494995 5.521375791964 -0.0908198487286665
0.495495 5.526952995564 -0.452399333739172
0.495995 5.532530199164 -0.336591207576911
0.496495 5.538107402764 -0.184322503036836
0.496995 5.543684606364 -0.0332748742469391
0.497495 5.549261809964 0.264834512958756
0.497995 5.554839013564 -0.155411321973178
0.498495 5.560416217164 0.167551843141356
0.498995 5.565993420764 -0.0968770714476577
0.499495 5.571570624364 -0.19264194789066
0.499995 5.577147827964 -0.478164232876042
0.500495 5.582725031564 -0.38177903821078
0.500995 5.588302235164 0.0772042923927633
0.501495 5.593879438764 0.189770400743102
0.501995 5.599456642364 0.325011903592081
0.502495 5.605033845964 0.611936034581575
0.502995 5.610611049564 0.746760904789304
0.503495 5.616188253164 0.254283687192261
0.503995 5.621765456764 -0.0405100930838156
0.504495 5.627342660364 -0.537757867495761
0.504995 5.632919863964 -0.785489138078782
0.505495 5.638497067564 -0.958126710216982
0.505995 5.644074271164 -0.61167506752383
0.506495 5.649651474764 -0.255995636633326
0.506995 5.655228678364 0.409768576358234
0.507495 5.660805881964 0.723155419394114
0.507995 5.666383085564 0.520600112699769
0.508495 5.671960289164 0.635885959091095
0.508995 5.677537492764 0.398969869684772
0.509495 5.683114696364 -0.572029463159626
0.509995 5.688691899964 -0.444548818609617
0.510495 5.694269103564 -0.671327694409964
0.510995 5.699846307164 -0.677325771691416
0.511495 5.705423510764 -0.455791127265228
0.511995 5.711000714364 0.438241016826385
0.512495 5.716577917964 0.519480364799827
0.512995 5.722155121564 0.419997106025041
0.513495 5.727732325164 0.110793872652791
0.513995 5.733309528764 0.560626918751243
0.514495 5.738886732364 -0.0409777959599054
0.514995 5.744463935964 -0.454525957287193
0.515495 5.750041139564 -0.225088342660819
0.515995 5.755618343164 -0.47880430084749
0.516495 5.761195546764 -0.639234682165168
0.516995 5.766772750364 -0.314670728432937
0.517495 5.772349953964 0.392712953777089
0.517995 5.777927157564 0.536156884572125
0.518495 5.783504361164 0.423825615451732
0.518995 5.789081564764 0.234922518398492
0.519495 5.794658768364 0.184380132004992
0.519995 5.800235971964 -0.163857105097662
0.520495 5.805813175564 -0.544939667235298
0.520995 5.811390379164 -0.197008251135066
0.521495 5.816967582764 -0.37453470927723
0.521995 5.822544786364 -0.287609426460576
0.522495 5.828121989964 -0.0693433469702732
0.522995 5.833699193564 0.4273240740617
0.523495 5.839276397164 -0.0756343359418252
0.523995 5.844853600764 0.0741779264375908
0.524495 5.850430804364 0.185645851119223
0.524995 5.856008007964 -0.215074264685648
0.525495 5.861585211564 -0.378147138510481
0.525995 5.867162415164 0.0574614307863015
0.526495 5.872739618764 -0.390080426419999
0.526995 5.878316822364 0.118429896149385
0.527495 5.883894025964 -0.195688840595595
0.527995 5.889471229564 0.487759018591877
0.528495 5.895048433164 -0.271272743427415
0.528995 5.900625636764 0.109706261780273
0.529495 5.906202840364 -0.554664957653335
0.529995 5.911780043964 0.407401887722442
0.530495 5.917357247564 -0.258522686458801
0.530995 5.922934451164 0.127590258457107
0.531495 5.928511654764 -0.241462827931999
0.531995 5.934088858364 0.204226155333672
0.532495 5.939666061964 0.324410361443442
0.532995 5.945243265564 0.00621782057056212
0.533495 5.950820469164 -0.0511501130182386
0.533995 5.956397672764 0.302934489186755
0.534495 5.961974876364 -0.0278103474401119
0.534995 5.967552079964 -0.224891100308554
0.535495 5.973129283564 -0.211675520001713
0.535995 5.978706487164 -0.0717073529515384
0.536495 5.984283690764 -0.228118088563354
0.536995 5.989860894364 -0.0680556433527573
0.537495 5.995438097964 -0.191257561415502
0.537995 6.001015301564 0.401349010152219
0.538495 6.006592505164 0.379584623395296
0.538995 6.012169708764 0.0774235091485596
0.539495 6.017746912364 0.344685171918023
0.539995 6.023324115964 -0.136232172298132
0.540495 6.028901319564 0.2402532359804
0.540995 6.034478523164 -0.678812461686294
0.541495 6.040055726764 -0.294194592799167
0.541995 6.045632930364 -0.173591924402218
0.542495 6.051210133964 -0.220733127651919
0.542995 6.056787337564 0.0277633983455788
0.543495 6.062364541164 -0.0287422083380567
0.543995 6.067941744764 0.452680471419242
0.544495 6.073518948364 0.0971968541744878
0.544995 6.079096151964 -0.071058190075232
0.545495 6.084673355564 0.269864072962164
0.545995 6.090250559164 -0.403735677758883
0.546495 6.095827762764 -0.346802497660959
0.546995 6.101404966364 -0.456759215967978
0.547495 6.106982169964 -0.443878366607474
0.547995 6.112559373564 -0.0271435431852238
0.548495 6.118136577164 -0.426166962432694
0.548995 6.123713780764 0.00342825615831161
0.549495 6.129290984364 0.122692873809235
0.549995 6.134868187964 0.307794290318992
0.550495 6.140445391564 0.323662912168866
0.550995 6.146022595164 0.323693510796911
0.551495 6.151599798764 0.342528869970933
0.551995 6.157177002364 0.0937203590304904
0.552495 6.162754205964 -0.0601447721554119
0.552995 6.168331409564 -0.2173050561866
0.553495 6.173908613164 -0.367728479283326
0.553995 6.179485816764 -0.323620750240688
0.554495 6.185063020364 -0.312704634396468
0.554995 6.190640223964 0.180427014287137
0.555495 6.196217427564 -0.228567883171762
0.555995 6.201794631164 0.423919370516521
0.556495 6.207371834764 0.260493653538613
0.556995 6.212949038364 0.507990215387485
0.557495 6.218526241964 -0.0729309917595368
0.557995 6.224103445564 -0.242531102297919
0.558495 6.229680649164 0.0117977645992275
0.558995 6.235257852764 -0.327301772924069
0.559495 6.240835056364 -0.307090956563147
0.559995 6.246412259964 -0.909571915270516
0.560495 6.251989463564 0.195547293007702
0.560995 6.257566667164 -0.200559047850481
0.561495 6.263143870764 0.229451168935668
0.561995 6.268721074364 0.215902566335394
0.562495 6.274298277964 0.742643456150295
0.562995 6.279875481564 0.50364264368626
0.563495 6.285452685164 0.0548489361755153
0.563995 6.291029888764 0.0785284476402092
0.564495 6.296607092364 -0.153905892063999
0.564995 6.302184295964 -0.399009930104184
0.565495 6.307761499564 -0.602542419037628
0.565995 6.313338703164 -0.33018506585429
0.566495 6.318915906764 -0.358914851952071
0.566995 6.324493110364 0.0806990817491312
0.567495 6.330070313964 0.828954155815495
0.567995 6.335647517564 0.62963357588817
0.568495 6.341224721164 0.48761580477167
0.568995 6.346801924764 0.49339368576133
0.569495 6.352379128364 0.141168030375746
0.569995 6.357956331964 -0.445846273018999
0.570495 6.363533535564 -0.323952337632906
0.570995 6.369110739164 -0.634398679097075
0.571495 6.374687942764 -0.627837360741554
0.571995 6.380265146364 -0.399284178665086
0.572495 6.385842349964 -0.076321538435893
0.572995 6.391419553564 0.339096877508415
0.573495 6.396996757164 0.124266281003704
0.573995 6.402573960764 0.44994406488609
0.574495 6.408151164364 0.489210049117838
0.574995 6.413728367964 -0.0615138465275487
0.575495 6.419305571564 -0.0438191373828325
0.575995 6.424882775164 -0.255626572142297
0.576495 6.430459978764 -0.331550936332218
0.576995 6.436037182364 -0.560781389714011
0.577495 6.441614385964 -0.272042500330193
0.577995 6.447191589564 0.208193281869304
0.578495 6.452768793164 0.125209757749778
0.578995 6.458345996764 -0.00533231973161511
0.579495 6.463923200364 0.209828318812454
0.579995 6.469500403964 0.928794278867307
0.580495 6.475077607564 -0.0379741924827286
0.580995 6.480654811164 -0.518568128157164
0.581495 6.486232014764 -0.482957714640109
0.581995 6.491809218364 0.088945235641641
0.582495 6.497386421964 -0.244142875231011
0.582995 6.502963625564 -0.783835257038827
0.583495 6.508540829164 0.112970994546624
0.583995 6.514118032764 0.311095617758595
0.584495 6.519695236364 0.365170779912767
0.584995 6.525272439964 0.18210998702452
0.585495 6.530849643564 0.299475757120826
0.585995 6.536426847164 0.303067340560147
0.586495 6.542004050764 0.245925837658612
0.586995 6.547581254364 0.255207528449784
0.587495 6.553158457964 -0.330779091607102
0.587995 6.558735661564 -0.18371145357964
0.588495 6.564312865164 0.0606403345787649
0.588995 6.569890068764 -0.323383261495624
0.589495 6.575467272364 -0.379374011706467
0.589995 6.581044475964 -0.268674141263626
0.590495 6.586621679564 0.21508144496283
0.590995 6.592198883164 0.347266930378968
0.591495 6.597776086764 0.246386592815377
0.591995 6.603353290364 0.352536579643791
0.592495 6.608930493964 0.259727118394574
0.592995 6.614507697564 -0.10088352411899
0.593495 6.620084901164 0.148572194175519
0.593995 6.625662104764 0.0498718906901375
0.594495 6.631239308364 -0.495918084555802
0.594995 6.636816511964 -0.390334068952404
0.595495 6.642393715564 -0.0127630420703097
0.595995 6.647970919164 0.423780416502092
0.596495 6.653548122764 0.238849089048424
0.596995 6.659125326364 0.347659238143489
0.597495 6.664702529964 0.289730087887939
0.597995 6.670279733564 0.144181393432662
0.598495 6.675856937164 -0.314622301422648
0.598995 6.681434140764 -0.471638789693494
0.599495 6.687011344364 -0.197643199625722
0.599995 6.692588547964 -0.632958896407156
0.600495 6.698165751564 -0.229165216794315
0.600995 6.703742955164 -0.0651852369902316
0.601495 6.709320158764 0.140765251457717
0.601995 6.714897362364 0.288500595137186
0.602495 6.720474565964 0.426863253571563
0.602995 6.726051769564 0.0970613058664199
0.603495 6.731628973164 0.0259099642164498
0.603995 6.737206176764 0.30588929683701
0.604495 6.742783380364 0.143444024311417
0.604995 6.748360583964 -0.6243243014935
0.605495 6.753937787564 -0.421791958705597
0.605995 6.759514991164 -0.496647374972226
0.606495 6.765092194764 -0.459022275739881
0.606995 6.770669398364 -0.494461370604346
0.607495 6.776246601964 0.266698580957153
0.607995 6.781823805564 0.486591382833019
0.608495 6.787401009164 0.564471559600502
0.608995 6.792978212764 0.432310812914138
0.609495 6.798555416364 0.710400642718936
0.609995 6.804132619964 -0.14854098705113
0.610495 6.809709823564 -0.4872108204429
0.610995 6.815287027164 -0.406820889814717
0.611495 6.820864230764 -0.373752670715222
0.611995 6.826441434364 -0.325962758209596
0.612495 6.832018637964 -0.0293747587017729
0.612995 6.837595841564 -0.0210809548912431
0.613495 6.843173045164 0.49624963469716
0.613995 6.848750248764 0.482313832817752
0.614495 6.854327452364 0.447036239271335
0.614995 6.859904655964 0.47534846468158
0.615495 6.865481859564 -0.0586332027280011
0.615995 6.871059063164 0.167649010384576
0.616495 6.876636266764 -0.392785748400614
0.616995 6.882213470364 -0.0600900305620455
0.617495 6.887790673964 -0.543121897007575
0.617995 6.893367877564 0.0813642504646106
0.618495 6.898945081164 0.195807492062936
0.618995 6.904522284764 -0.0641232168205627
0.619495 6.910099488364 -0.0651743284187985
0.619995 6.915676691964 0.175023581849868
0.620495 6.921253895564 0.519518239705068
0.620995 6.926831099164 0.155460671557318
0.621495 6.932408302764 -0.653060857940129
0.621995 6.937985506364 0.271049983309653
0.622495 6.943562709964 -0.469687808264649
0.622995 6.949139913564 -0.375311471189928
0.623495 6.954717117164 -0.345890647556978
0.623995 6.960294320764 0.405053474467237
0.624495 6.965871524364 0.231668464446938
0.624995 6.971448727964 -0.0659505410698436
0.625495 6.977025931564 0.181396452872352
0.625995 6.982603135164 0.378061450053032
0.626495 6.988180338764 0.0603994116340678
0.626995 6.993757542364 -0.186481865001366
0.627495 6.999334745964 0.0487626360473733
0.627995 7.004911949564 0.221333487692417
0.628495 7.010489153164 -0.363567985462605
0.628995 7.016066356764 0.100077570223413
0.629495 7.021643560364 0.24379984601906
0.629995 7.027220763964 0.145423853540489
0.630495 7.032797967564 -0.348296798714113
0.630995 7.038375171164 -0.0245049392735137
0.631495 7.043952374764 0.0306322757991701
0.631995 7.049529578364 0.106948190801483
0.632495 7.055106781964 -0.34279112249357
0.632995 7.060683985564 -0.108828610545526
0.633495 7.066261189164 0.27597637394864
0.633995 7.071838392764 0.0840058842344684
0.634495 7.077415596364 -0.395559765416823
0.634995 7.082992799964 0.0214295460913134
0.635495 7.088570003564 -0.221221534011237
0.635995 7.094147207164 0.102707073815803
0.636495 7.099724410764 -0.482220864833132
0.636995 7.105301614364 0.122810819723618
0.637495 7.110878817964 0.123428651968056
0.637995 7.116456021564 -0.106329103436556
0.638495 7.122033225164 0.266535455027532
0.638995 7.127610428764 0.682767842517281
0.639495 7.133187632364 -0.139814866213577
0.639995 7.138764835964 0.154879802523983
0.640495 7.144342039564 -0.606077847277609
0.640995 7.149919243164 0.188239515873172
0.641495 7.155496446764 -0.684311974568155
0.641995 7.161073650364 -0.174509122139846
0.642495 7.166650853964 0.296605476273373
0.642995 7.172228057564 0.460617551843785
0.643495 7.177805261164 0.0067888372023198
0.643995 7.183382464764 0.554487429312855
0.644495 7.188959668364 0.43778901235334
0.644995 7.194536871964 0.303104353574472
0.645495 7.200114075564 -0.711459738364802
0.645995 7.205691279164 -0.506132587862654
0.646495 7.211268482764 -0.439095769724996
0.646995 7.216845686364 -0.467960222271189
0.647495 7.222422889964 -0.172981093045662
0.647995 7.228000093564 0.0595506835027411
0.648495 7.233577297164 0.264476145470559
0.648995 7.239154500764 0.303472422538816
0.649495 7.244731704364 0.143151494299913
0.649995 7.250308907964 0.0388199356795837
0.650495 7.255886111564 -0.303897755914808
0.650995 7.261463315164 -0.289940217421704
0.651495 7.267040518764 -0.185298232991301
0.651995 7.272617722364 -0.515055896464992
0.652495 7.278194925964 -0.394311421666738
0.652995 7.283772129564 0.458938112477837
0.653495 7.289349333164 0.137739503468716
0.653995 7.294926536764 0.242702376146999
0.654495 7.300503740364 0.195664362141736
0.654995 7.306080943964 0.373442809275275
0.655495 7.311658147564 0.483705534232924
0.655995 7.317235351164 -0.211139232538464
0.656495 7.322812554764 -0.114298875550486
0.656995 7.328389758364 -0.310494999673408
0.657495 7.333966961964 -0.0045473150990224
0.657995 7.339544165564 -0.418477905552047
0.658495 7.345121369164 -0.125278504884138
0.658995 7.350698572764 -0.193258416024053
0.659495 7.356275776364 0.00278664887599801
0.659995 7.361852979964 0.0651855909417496
0.660495 7.367430183564 0.199548894261377
0.660995 7.373007387164 0.195497375284719
0.661495 7.378584590764 0.237342310270835
0.661995 7.384161794364 0.0537345108261379
0.662495 7.389738997964 -0.0879645962338582
0.662995 7.395316201564 -0.143929839779576
0.663495 7.400893405164 -0.283120313865833
0.663995 7.406470608764 0.113911771374981
0.664495 7.412047812364 -0.378930858413374
0.664995 7.417625015964 -0.125653496560028
0.665495 7.423202219564 0.200700834980512
0.665995 7.428779423164 0.080387322244638
0.666495 7.434356626764 0.187461924584409
0.666995 7.439933830364 -0.0366046383457838
0.667495 7.445511033964 0.409331584740133
0.667995 7.451088237564 -0.495457689395368
0.668495 7.456665441164 0.140589956254648
0.668995 7.462242644764 -0.187817070183115
0.669495 7.467819848364 -0.118752173046899
0.669995 7.473397051964 -0.181798957845007
0.670495 7.478974255564 0.522146107972434
0.670995 7.484551459164 0.529591554031879
0.671495 7.490128662764 0.385446283909487
0.671995 7.495705866364 0.213321071022006
0.672495 7.501283069964 -0.481081706443966
0.672995 7.506860273564 -0.277840199627443
0.673495 7.512437477164 -0.0648732751717428
0.673995 7.518014680764 -0.19821837508401
0.674495 7.523591884364 -0.154077995347972
0.674995 7.529169087964 -0.229882854068829
0.675495 7.534746291564 0.206039177688945
0.675995 7.540323495164 0.108868343880324
0.676495 7.545900698764 0.0604611598361157
0.676995 7.551477902364 -0.558793155874877
0.677495 7.557055105964 0.49104138115288
0.677995 7.562632309564 0.0730399302299975
0.678495 7.568209513164 -0.369698005137012
0.678995 7.573786716764 -0.436742480125304
0.679495 7.579363920364 0.854074181177952
0.679995 7.584941123964 0.24587560660137
0.680495 7.590518327564 -0.113565765014093
0.680995 7.596095531164 0.0304518769560658
0.681495 7.601672734764 0.48858198405359
0.681995 7.607249938364 -0.17632784447051
0.682495 7.612827141964 -0.216425247730139
0.682995 7.618404345564 -0.0384619609156185
0.683495 7.623981549164 0.0984727895104934
0.683995 7.629558752764 -0.423108802180995
0.684495 7.635135956364 -0.180030733656904
0.684995 7.640713159964 0.497036260134853
0.685495 7.646290363564 0.123916384619335
0.685995 7.651867567164 -0.422786305963375
0.686495 7.657444770764 0.438179895192601
0.686995 7.663021974364 0.254880578585073
0.687495 7.668599177964 0.0799469192409593
0.687995 7.674176381564 -0.222732476701802
0.688495 7.679753585164 0.157755052064919
0.688995 7.685330788764 0.0935023690342663
0.689495 7.690907992364 -0.331659078934135
0.689995 7.696485195964 0.333164414564298
0.690495 7.702062399564 -0.294403606196574
0.690995 7.707639603164 -0.0732923618252393
0.691495 7.713216806764 -0.543185135357188
0.691995 7.718794010364 0.25540363764342
0.692495 7.724371213964 0.1406028831955
0.692995 7.729948417564 -0.0759116777628312
0.693495 7.735525621164 0.322924757550998
0.693995 7.741102824764 -0.219973394341421
0.694495 7.746680028364 -0.0613800663766292
0.694995 7.752257231964 -0.0948069867012754
0.695495 7.757834435564 0.34323208832156
0.695995 7.763411639164 -0.447530502986644
0.696495 7.768988842764 0.0342938788810593
0.696995 7.774566046364 -0.148028405913515
0.697495 7.780143249964 -0.205982834533856
0.697995 7.785720453564 -0.112054402395228
0.698495 7.791297657164 0.0429487556349204
0.698995 7.796874860764 0.517295471740073
0.699495 7.802452064364 0.433165474680156
0.699995 7.808029267964 0.108498698580704
0.700495 7.813606471564 -0.181547644843478
0.700995 7.819183675164 0.102752811186887
0.701495 7.824760878764 0.0754151113811763
0.701995 7.830338082364 -0.176451542128931
0.702495 7.835915285964 0.122925377597312
0.702995 7.841492489564 -0.430370201751856
0.703495 7.847069693164 -0.26561766552224
0.703995 7.852646896764 -0.0815556826776498
0.704495 7.858224100364 0.325956351870309
0.704995 7.863801303964 -0.296263741048603
0.705495 7.869378507564 0.0906359542339221
0.705995 7.874955711164 0.129724215554187
0.706495 7.880532914764 0.137901927592125
0.706995 7.886110118364 -0.35218631197188
0.707495 7.891687321964 -0.0246244151951603
0.707995 7.897264525564 -0.0974252064017581
0.708495 7.902841729164 -0.371517037217188
0.708995 7.908418932764 -0.307561308852208
0.709495 7.913996136364 0.267436228506169
0.709995 7.919573339964 0.126263735832839
0.710495 7.925150543564 0.0187250265948335
0.710995 7.930727747164 0.071995637007469
0.711495 7.936304950764 -0.263397983325394
0.711995 7.941882154364 0.0345499008136699
0.712495 7.947459357964 -0.00475128119207987
0.712995 7.953036561564 0.216311620783725
0.713495 7.958613765164 -0.217276369203617
0.713995 7.964190968764 -0.266608371069857
0.714495 7.969768172364 0.265718872531417
0.714995 7.975345375964 0.190073507818174
0.715495 7.980922579564 -0.186736879436188
0.715995 7.986499783164 0.160670479667566
0.716495 7.992076986764 0.187790307615767
0.716995 7.997654190364 -0.0458489571526093
0.717495 8.003231393964 -0.186482204139235
0.717995 8.008808597564 0.095544969762682
0.718495 8.014385801164 0.0906947430994427
0.718995 8.019963004764 0.248250287730929
0.719495 8.025540208364 0.224517270873064
0.719995 8.031117411964 0.326559929982399
0.720495 8.036694615564 -0.38378271857062
0.720995 8.042271819164 -0.0379556769790273
0.721495 8.047849022764 -0.0564542833947839
0.721995 8.053426226364 -0.490211681727614
0.722495 8.059003429964 -0.123613315625398
0.722995 8.064580633564 -0.0124220637934718
0.723495 8.070157837164 0.326081686913089
0.723995 8.075735040764 -0.279401051875052
0.724495 8.081312244364 0.0947096973029947
0.724995 8.086889447964 0.0718669084114513
0.725495 8.092466651564 0.590238092018337
0.725995 8.098043855164 -0.412557202786845
0.726495 8.103621058764 -0.143226861419159
0.726995 8.109198262364 -0.307703231457335
0.727495 8.114775465964 -0.00707973493164457
0.727995 8.120352669564 -0.0521036100208125
0.728495 8.125929873164 0.0511274348218555
0.728995 8.131507076764 -0.0747356690937417
0.729495 8.137084280364 0.36329262738808
0.729995 8.142661483964 0.103367964968026
0.730495 8.148238687564 0.517491837354631
0.730995 8.153815891164 -0.181618300152888
0.731495 8.159393094764 0.149518196687614
0.731995 8.164970298364 -0.0194804243508954
0.732495 8.170547501964 -0.191742346244392
0.732995 8.176124705564 -0.449243414611559
0.733495 8.181701909164 0.0857930251950744
0.733995 8.187279112764 -0.24944752788485
0.734495 8.192856316364 0.268212353515289
0.734995 8.198433519964 0.0443385719439431
0.735495 8.204010723564 -0.132792807307417
0.735995 8.209587927164 -0.108713494707528
0.736495 8.215165130764 0.0523985329410885
0.736995 8.220742334364 0.124136345188819
0.737495 8.226319537964 -0.449850431510412
0.737995 8.231896741564 -0.0966789130074366
0.738495 8.237473945164 0.203991346522771
0.738995 8.243051148764 0.129179343802726
0.739495 8.248628352364 0.21196191815013
0.739995 8.254205555964 0.242886375240406
0.740495 8.259782759564 0.224399393862178
0.740995 8.265359963164 -0.375572713714195
0.741495 8.270937166764 -0.108380983793647
0.741995 8.276514370364 0.064537727401481
0.742495 8.282091573964 0.235555903617283
0.742995 8.287668777564 -0.259876806480787
0.743495 8.293245981164 0.0669011451520453
0.743995 8.298823184764 0.101497776330026
0.744495 8.304400388364 0.254078076775685
0.744995 8.309977591964 -0.00066130536408765
0.745495 8.315554795564 0.191017809153565
0.745995 8.321131999164 -0.18371899029764
0.746495 8.326709202764 0.00161613062443634
0.746995 8.332286406364 -0.224037038582538
0.747495 8.337863609964 0.230423857302765
0.747995 8.343440813564 -0.135862717529953
0.748495 8.349018017164 -0.461709446362094
0.748995 8.354595220764 0.379247823771745
0.749495 8.360172424364 -0.298871489623903
0.749995 8.365749627964 0.327368305666156
0.750495 8.371326831564 -0.411476290717142
0.750995 8.376904035164 0.0139432464463339
0.751495 8.382481238764 -0.160987341704309
0.751995 8.388058442364 0.0448648257895882
0.752495 8.393635645964 -0.294884253073337
0.752995 8.399212849564 0.210596155835648
0.753495 8.404790053164 0.152372784832033
0.753995 8.410367256764 0.213270506823691
0.754495 8.415944460364 0.45408301605277
0.754995 8.421521663964 0.103909573477213
0.755495 8.427098867564 0.209368190724729
0.755995 8.432676071164 -0.421504982836433
0.756495 8.438253274764 -0.0493198566116984
0.756995 8.443830478364 -0.615290749626822
0.757495 8.449407681964 -0.446092990537272
0.757995 8.454984885564 -0.063267648730808
0.758495 8.460562089164 0.450439629747131
0.758995 8.466139292764 -0.0719942817504384
0.759495 8.471716496364 0.288877516394269
0.759995 8.477293699964 0.624410357361861
0.760495 8.482870903564 0.237753582429107
0.760995 8.488448107164 0.0267390646223952
0.761495 8.494025310764 -0.492699566049006
0.761995 8.499602514364 0.272315296521844
0.762495 8.505179717964 -0.929923812177341
0.762995 8.510756921564 0.0740398492656679
0.763495 8.516334125164 0.262042851182338
0.763995 8.521911328764 0.393243477624099
0.764495 8.527488532364 -0.118489243907357
0.764995 8.533065735964 0.268170019387012
0.765495 8.538642939564 0.36991630745648
0.765995 8.544220143164 -0.354641982719548
0.766495 8.549797346764 -0.0114982741145897
0.766995 8.555374550364 -0.654801001330979
0.767495 8.560951753964 -0.00841565230222674
0.767995 8.566528957564 -0.149537369786103
0.768495 8.572106161164 -0.0769445266559747
0.768995 8.577683364764 0.0276999429317922
0.769495 8.583260568364 0.0478990378900665
0.769995 8.588837771964 0.373745204119739
0.770495 8.594414975564 -0.244328957919344
0.770995 8.599992179164 0.130317863204156
0.771495 8.605569382764 -0.362775263312965
0.771995 8.611146586364 0.483000816115435
0.772495 8.616723789964 -0.401458267858621
0.772995 8.622300993564 0.695003755952597
0.773495 8.627878197164 0.128701696650548
0.773995 8.633455400764 -0.146275930497265
0.774495 8.639032604364 0.115654135404626
0.774995 8.644609807964 0.213265449741589
0.775495 8.650187011564 -0.065810212888186
0.775995 8.655764215164 -0.534605580503427
0.776495 8.661341418764 0.415459712102636
0.776995 8.666918622364 0.216175403564583
0.777495 8.672495825964 -0.208503725228428
0.777995 8.678073029564 0.126234045701815
0.778495 8.683650233164 0.569510409057808
0.778995 8.689227436764 0.111030327551006
0.779495 8.694804640364 -0.359690840316982
0.779995 8.700381843964 0.105367307791994
0.780495 8.705959047564 0.176915093371822
0.780995 8.711536251164 -0.485202510213504
0.781495 8.717113454764 -0.470742176763946
0.781995 8.722690658364 0.271262199693871
0.782495 8.728267861964 -0.00825401958150118
0.782995 8.733845065564 -0.0426439507678539
0.783495 8.739422269164 0.0472241295397122
0.783995 8.744999472764 0.761150200875839
0.784495 8.750576676364 0.283349951402643
0.784995 8.756153879964 -0.477410258453504
0.785495 8.761731083564 -0.17420536432461
0.785995 8.767308287164 -0.245916504812153
0.786495 8.772885490764 -0.636521980500071
0.786995 8.778462694364 -0.466560455659761
0.787495 8.784039897964 0.268484718293313
0.787995 8.789617101564 0.0563062124614261
0.788495 8.795194305164 0.183223620394029
0.788995 8.800771508764 0.0384689714087804
0.789495 8.806348712364 0.393766232402693
0.789995 8.811925915964 0.197072821978738
0.790495 8.817503119564 -0.166613892153049
0.790995 8.823080323164 0.040355830091729
0.791495 8.828657526764 -0.197953514163763
0.791995 8.834234730364 0.319158058266585
0.792495 8.839811933964 -0.481943404404971
0.792995 8.845389137564 0.435987227996309
0.793495 8.850966341164 -0.305137587322399
0.793995 8.856543544764 0.378230297161332
0.794495 8.862120748364 -0.54671342185681
0.794995 8.867697951964 0.0653658535457217
0.795495 8.873275155564 -0.0478623084170466
0.795995 8.878852359164 -0.083698950704502
0.796495 8.884429562764 0.239472579833443
0.796995 8.890006766364 0.273193293004219
0.797495 8.895583969964 0.54633461738607
0.797995 8.901161173564 -0.432286777358958
0.798495 8.906738377164 0.267945367910064
0.798995 8.912315580764 -0.062997282235689
0.799495 8.917892784364 -0.0232729283159427
0.799995 8.923469987964 -0.266577182765235
0.800495 8.929047191564 -0.0354728944588898
0.800995 8.934624395164 0.336616704904776
0.801495 8.940201598764 -0.510599450835925
0.801995 8.945778802364 0.280997912245532
0.802495 8.951356005964 -0.249580913624158
0.802995 8.956933209564 -0.0536816525329846
0.803495 8.962510413164 -0.200823694565349
0.803995 8.968087616764 0.391932536086219
0.804495 8.973664820364 0.0101372689165812
0.804995 8.979242023964 0.0774387977207078
0.805495 8.984819227564 0.0367857125765995
0.805995 8.990396431164 0.314029677542004
0.806495 8.995973634764 -0.321466208330924
0.806995 9.001550838364 0.0670288192216083
0.807495 9.007128041964 0.177437130978752
0.807995 9.012705245564 -0.062513477970234
0.808495 9.018282449164 0.228996384455855
0.808995 9.023859652764 -0.353018270702052
0.809495 9.029436856364 0.197093927662933
0.809995 9.035014059964 0.54447471087618
0.810495 9.040591263564 0.524144798473773
0.810995 9.046168467164 0.0842007714422247
0.811495 9.051745670764 -0.327517613302052
0.811995 9.057322874364 0.188953167565303
0.812495 9.062900077964 -0.294257528099384
0.812995 9.068477281564 -0.20965258366491
0.813495 9.074054485164 -0.709056013788211
0.813995 9.079631688764 0.0117757914217813
0.814495 9.085208892364 -0.218930842240114
0.814995 9.090786095964 0.0126750020037967
0.815495 9.096363299564 0.160086116956921
0.815995 9.101940503164 0.658851663245455
0.816495 9.107517706764 0.224368049012418
0.816995 9.113094910364 -0.32072427275673
0.817495 9.118672113964 -0.191110000475986
0.817995 9.124249317564 -0.20657237180869
0.818495 9.129826521164 -0.146560447973099
0.818995 9.135403724764 -0.516214725101434
0.819495 9.140980928364 0.17506294097806
0.819995 9.146558131964 0.472040928956149
0.820495 9.152135335564 0.390044185527392
0.820995 9.157712539164 0.171008307397145
0.821495 9.163289742764 0.861286697277346
0.821995 9.168866946364 -0.373821413265041
0.822495 9.174444149964 -0.296286701818056
0.822995 9.180021353564 -0.0268595703452776
0.823495 9.185598557164 -0.0858047349665215
0.823995 9.191175760764 -0.450732892269689
0.824495 9.196752964364 -0.33192040297753
0.824995 9.202330167964 0.228167645013691
0.825495 9.207907371564 -0.176089884688188
0.825995 9.213484575164 -0.164660881613895
0.826495 9.219061778764 0.352204782529777
0.826995 9.224638982364 0.00583518000669516
0.827495 9.230216185964 -0.0369607696150404
0.827995 9.235793389564 -0.165422019429176
0.828495 9.241370593164 0.0494942311734658
0.828995 9.246947796764 -0.380755530757168
0.829495 9.252525000364 -0.0294781473195344
0.829995 9.258102203964 -0.506294720774781
0.830495 9.263679407564 0.271281663586663
0.830995 9.269256611164 -0.139326029736748
0.831495 9.274833814764 -0.185148168915102
0.831995 9.280411018364 0.0281517365395486
0.832495 9.285988221964 0.152610010636768
0.832995 9.291565425564 0.0353711310757984
0.833495 9.297142629164 0.11999804843609
0.833995 9.302719832764 0.439702497287669
0.834495 9.308297036364 -0.574261379188579
0.834995 9.313874239964 -0.270193405409617
0.835495 9.319451443564 0.0271720193058198
0.835995 9.325028647164 0.194834710738486
0.836495 9.330605850764 -0.227013662122214
0.836995 9.336183054364 -0.445313986719917
0.837495 9.341760257964 0.261280013499673
0.837995 9.347337461564 0.163898060824405
0.838495 9.352914665164 0.440401725894717
0.838995 9.358491868764 -0.428409006628634
0.839495 9.364069072364 0.16111803366453
0.839995 9.369646275964 -0.453951653609632
0.840495 9.375223479564 -0.00170136254962353
0.840995 9.380800683164 -0.285138294334143
0.841495 9.386377886764 0.0568607662212
0.841995 9.391955090364 -0.10785966455112
0.842495 9.397532293964 0.0902078367587353
0.842995 9.403109497564 -0.0393034865053671
0.843495 9.408686701164 -0.323069084343471
0.843995 9.414263904764 0.603854018830622
0.844495 9.419841108364 0.429224940857394
0.844995 9.425418311964 0.132590106065232
0.845495 9.430995515564 0.164722807285726
0.845995 9.436572719164 -0.0464372665853903
0.846495 9.442149922764 0.401664666614966
0.846995 9.447727126364 -0.527082904561711
0.847495 9.453304329964 -0.0627647938740052
0.847995 9.458881533564 0.15162163252328
0.848495 9.464458737164 0.11486341399239
0.848995 9.470035940764 -0.271989921317682
0.849495 9.475613144364 -0.217286981556517
0.849995 9.481190347964 0.0380077294815131
0.850495 9.486767551564 0.0500369385367253
0.850995 9.492344755164 0.0210529096762073
0.851495 9.497921958764 0.300199422015805
0.851995 9.503499162364 -0.0473361522934783
0.852495 9.509076365964 0.0978408410663013
0.852995 9.514653569564 -0.0256604030185923
0.853495 9.520230773164 -0.452742774420776
0.853995 9.525807976764 -0.62138124954181
0.854495 9.531385180364 -0.0380111301045106
0.854995 9.536962383964 -0.0238046498194264
0.855495 9.542539587564 -0.161413580386662
0.855995 9.548116791164 0.546028326064343
0.856495 9.553693994764 0.040419350658814
0.856995 9.559271198364 0.715202247965692
0.857495 9.564848401964 -0.526157901998054
0.857995 9.570425605564 0.839032748546733
0.858495 9.576002809164 -0.284226827099043
0.858995 9.581580012764 -0.443187264485251
0.859495 9.587157216364 -0.441238629648968
0.859995 9.592734419964 -0.618234834124593
0.860495 9.598311623564 0.192096816974564
0.860995 9.603888827164 -0.586938313415411
0.861495 9.609466030764 0.47787991552083
0.861995 9.615043234364 -0.177484064446643
0.862495 9.620620437964 0.131661990254212
0.862995 9.626197641564 0.171636956374936
0.863495 9.631774845164 -0.0938279405220186
0.863995 9.637352048764 0.122862424076399
0.864495 9.642929252364 -0.301781374210613
0.864995 9.648506455964 0.621434087721655
0.865495 9.654083659564 0.0562372824575577
0.865995 9.659660863164 -0.167319733356927
0.866495 9.665238066764 0.383969830077613
0.866995 9.670815270364 0.202184212890851
0.867495 9.676392473964 0.112157338436706
0.867995 9.681969677564 -0.601623753089133
0.868495 9.687546881164 -0.0464949733399391
0.868995 9.693124084764 0.245854219565727
0.869495 9.698701288364 -0.394151342784667
0.869995 9.704278491964 0.244856654250906
0.870495 9.709855695564 -0.374647759135337
0.870995 9.715432899164 0.700970746466643
0.871495 9.721010102764 -0.81524773694378
0.871995 9.726587306364 0.498374988972338
0.872495 9.732164509964 0.226825670697821
0.872995 9.737741713564 -0.141110693731619
0.873495 9.743318917164 -0.205620928451993
0.873995 9.748896120764 -0.198327547343244
0.874495 9.754473324364 0.878795613207066
0.874995 9.760050527964 -0.0181503364995408
0.875495 9.765627731564 0.225244168999896
0.875995 9.771204935164 -0.315695259614834
0.876495 9.776782138764 0.0391104602076966
0.876995 9.782359342364 -0.290829227221986
0.877495 9.787936545964 -0.346924454541848
0.877995 9.793513749564 0.444639170033666
0.878495 9.799090953164 -0.164469382853966
0.878995 9.804668156764 0.291557630645749
0.879495 9.810245360364 0.429837613934442
0.879995 9.815822563964 0.15437545224252
0.880495 9.821399767564 0.229773538411117
0.880995 9.826976971164 0.180309143265448
0.881495 9.832554174764 0.285176093109056
0.881995 9.838131378364 -0.338403542134698
0.882495 9.843708581964 -0.492918728431
0.882995 9.849285785564 -0.0502970125708621
0.883495 9.854862989164 0.0914184458957161
0.883995 9.860440192764 -0.328131978725778
0.884495 9.866017396364 -0.379700119946569
0.884995 9.871594599964 0.461993100299892
0.885495 9.877171803564 0.302017417118427
0.885995 9.882749007164 0.165727750239917
0.886495 9.888326210764 -0.6773026086293
0.886995 9.893903414364 0.342820289952656
0.887495 9.899480617964 0.0872420166550761
0.887995 9.905057821564 0.0595906109575174
0.888495 9.910635025164 -0.090645252253336
0.888995 9.916212228764 -0.252893358330653
0.889495 9.921789432364 0.0844337868563172
0.889995 9.927366635964 -0.42398510770444
0.890495 9.932943839564 0.219910455301306
0.890995 9.938521043164 -0.236586203358116
0.891495 9.944098246764 0.152844618132929
0.891995 9.949675450364 -0.237338545244116
0.892495 9.955252653964 0.173641403072079
0.892995 9.960829857564 -0.333702763478401
0.893495 9.966407061164 0.455379213778582
0.893995 9.971984264764 0.194893882360448
0.894495 9.977561468364 -0.012836524433707
0.894995 9.983138671964 -0.0408198277277098
0.895495 9.988715875564 0.260260405057295
0.895995 9.994293079164 -0.10478594961099
0.896495 9.999870282764 0.0442741447371242
0.896995 10.005447486364 -0.0912032108115499
0.897495 10.011024689964 -0.115516716987716
0.897995 10.016601893564 0.557931593885536
0.898495 10.022179097164 -0.0717595930334027
0.898995 10.027756300764 0.215956023280708
0.899495 10.033333504364 -0.451196826829322
0.899995 10.038910707964 0.206035299598476
0.900495 10.044487911564 -1.00232302541985
0.900995 10.050065115164 0.18798633713036
0.901495 10.055642318764 -0.295165812158847
0.901995 10.061219522364 0.288800128451028
0.902495 10.066796725964 0.284437648352485
0.902995 10.072373929564 -0.42954599384079
0.903495 10.077951133164 0.496123131508313
0.903995 10.083528336764 0.349215829539827
0.904495 10.089105540364 0.464168114871339
0.904995 10.094682743964 -0.788094810557538
0.905495 10.100259947564 0.215794279443764
0.905995 10.105837151164 0.230740010390091
0.906495 10.111414354764 -0.201529947292139
0.906995 10.116991558364 -0.209277753537444
0.907495 10.122568761964 -0.0652102201887802
0.907995 10.128145965564 0.726435620932803
0.908495 10.133723169164 -0.599328700374919
0.908995 10.139300372764 0.285860231114461
0.909495 10.144877576364 0.207713751626317
0.909995 10.150454779964 0.179765104451551
0.910495 10.156031983564 -0.448942363370536
0.910995 10.161609187164 -0.0541190153646962
0.911495 10.167186390764 0.179343486514437
0.911995 10.172763594364 -0.0756246817754231
0.912495 10.178340797964 0.166730498823245
0.912995 10.183918001564 0.111404460571586
0.913495 10.189495205164 0.726644328297481
0.913995 10.195072408764 -0.0513694970669232
0.914495 10.200649612364 0.303496996187142
0.914995 10.206226815964 -0.533106451262913
0.915495 10.211804019564 -0.449113475356317
0.915995 10.217381223164 -0.0229070813380689
0.916495 10.222958426764 -0.098296403546511
0.916995 10.228535630364 -0.153628590211534
0.917495 10.234112833964 0.084554001039448
0.917995 10.239690037564 0.230220593245668
0.918495 10.245267241164 -0.0212010135884952
0.918995 10.250844444764 0.166885198778014
0.919495 10.256421648364 -0.143157297998687
0.919995 10.261998851964 0.161059336339374
0.920495 10.267576055564 -0.199631268119697
0.920995 10.273153259164 -0.0677521683735089
0.921495 10.278730462764 0.232085826422496
0.921995 10.284307666364 -0.308594996902605
0.922495 10.289884869964 0.0440080406760936
0.922995 10.295462073564 -0.0619310160238682
0.923495 10.301039277164 -0.0162102940670429
0.923995 10.306616480764 -0.655075141490736
0.924495 10.312193684364 -0.298211097111072
0.924995 10.317770887964 -0.334124887113885
0.925495 10.323348091564 -0.171067759822435
0.925995 10.328925295164 -0.284425447767745
0.926495 10.334502498764 0.353547423754077
0.926995 10.340079702364 0.277346105855578
0.927495 10.345656905964 0.291668896664274
0.927995 10.351234109564 -0.138884520131611
0.928495 10.356811313164 0.518351397973064
0.928995 10.362388516764 -0.0860570045892764
0.929495 10.367965720364 -0.271834076742827
0.929995 10.373542923964 -0.622027456814538
0.930495 10.379120127564 0.312125969629237
0.930995 10.384697331164 0.0701714446480301
0.931495 10.390274534764 0.0133039301278249
0.931995 10.395851738364 0.125385710131514
0.932495 10.401428941964 0.543178690462869
0.932995 10.407006145564 -0.242929866348753
0.933495 10.412583349164 -0.289736748964728
0.933995 10.418160552764 -0.130972024443944
0.934495 10.423737756364 0.332740602935169
0.934995 10.429314959964 -0.383997453154038
0.935495 10.434892163564 0.202635191927176
0.935995 10.440469367164 -0.00362953143113693
0.936495 10.446046570764 0.614788117106019
0.936995 10.451623774364 -0.253206846335153
0.937495 10.457200977964 0.384983078024204
0.937995 10.462778181564 -0.245965154960067
0.938495 10.468355385164 0.0476693455316095
0.938995 10.473932588764 -0.15404464979003
0.939495 10.479509792364 -0.143500394650264
0.939995 10.485086995964 0.0870239836880508
0.940495 10.490664199564 0.220347170020021
0.940995 10.496241403164 -0.0120692069300857
0.941495 10.501818606764 -0.212264266723612
0.941995 10.507395810364 -0.0737057122342969
0.942495 10.512973013964 0.206576520106787
0.942995 10.518550217564 -0.611779717931561
0.943495 10.524127421164 0.38724376733696
0.943995 10.529704624764 -0.361689329154966
0.944495 10.535281828364 -0.161668631822589
0.944995 10.540859031964 -0.397200879885994
0.945495 10.546436235564 0.458001828292951
0.945995 10.552013439164 0.24990033770284
0.946495 10.557590642764 0.24864506414251
0.946995 10.563167846364 -0.0880769679480457
0.947495 10.568745049964 0.0559419664990746
0.947995 10.574322253564 -0.568097459350974
0.948495 10.579899457164 -0.0555693190266027
0.948995 10.585476660764 -0.300610141993465
0.949495 10.591053864364 0.269281768985993
0.949995 10.596631067964 -0.155167360402282
0.950495 10.602208271564 -0.147222396996645
0.950995 10.607785475164 0.809875672422851
0.951495 10.613362678764 -0.155615963090136
0.951995 10.618939882364 0.264972113992058
0.952495 10.624517085964 0.0752362957319036
0.952995 10.630094289564 0.212268268753076
0.953495 10.635671493164 -0.437001288863378
0.953995 10.641248696764 0.0205617742848642
0.954495 10.646825900364 0.359924413427606
0.954995 10.652403103964 0.310806848910119
0.955495 10.657980307564 0.283375214270953
0.955995 10.663557511164 0.314061805490666
0.956495 10.669134714764 0.422168174937455
0.956995 10.674711918364 -0.257527136726555
0.957495 10.680289121964 -0.311365283684367
0.957995 10.685866325564 -0.228010614114683
0.958495 10.691443529164 0.304630493599493
0.958995 10.697020732764 -0.273840434722038
0.959495 10.702597936364 0.704075741315524
0.959995 10.708175139964 0.942626576012795
0.960495 10.713752343564 -0.403111067302186
0.960995 10.719329547164 0.482564043953567
0.961495 10.724906750764 0.00872412440748612
0.961995 10.730483954364 0.0753679128432893
0.962495 10.736061157964 -0.775891838366532
0.962995 10.741638361564 -0.157892064021258
0.963495 10.747215565164 0.451562416065558
0.963995 10.752792768764 -0.35773837418997
0.964495 10.758369972364 0.309916747426557
0.964995 10.763947175964 0.426531657949161
0.965495 10.769524379564 0.67285029093165
0.965995 10.775101583164 -0.454534776217081
0.966495 10.780678786764 -0.353947728438635
0.966995 10.786255990364 0.0981794774068646
0.967495 10.791833193964 -0.47422254207911
0.967995 10.797410397564 -0.388118185228343
0.968495 10.802987601164 0.0582417775066067
0.968995 10.808564804764 0.3717963145869
0.969495 10.814142008364 0.0501756532435389
0.969995 10.819719211964 0.566230505545689
0.970495 10.825296415564 0.649580485532047
0.970995 10.830873619164 -0.266206722383872
0.971495 10.836450822764 -0.0274378445910466
0.971995 10.842028026364 0.27332130517501
0.972495 10.847605229964 -0.201949545831862
0.972995 10.853182433564 -0.321916370684696
0.973495 10.858759637164 -0.135250157006982
0.973995 10.864336840764 0.255743707425233
0.974495 10.869914044364 0.0499417296634908
0.974995 10.875491247964 0.0889657845516135
0.975495 10.881068451564 0.457020005040741
0.975995 10.886645655164 -0.364628980061847
0.976495 10.892222858764 -0.389272748385023
0.976995 10.897800062364 0.19175937787198
0.977495 10.903377265964 -0.098061902686723
0.977995 10.908954469564 -0.460609916239936
0.978495 10.914531673164 0.359024979544647
0.978995 10.920108876764 -0.00137516035399976
0.979495 10.925686080364 -0.185514315173844
0.979995 10.931263283964 0.0954406761165708
0.980495 10.936840487564 0.689071235493574
0.980995 10.942417691164 -0.0722035834562292
0.981495 10.947994894764 -0.0906273565013534
0.981995 10.953572098364 0.136927926621567
0.982495 10.959149301964 -0.0290548334621109
0.982995 10.964726505564 0.241785179706129
0.983495 10.970303709164 -0.383447867855652
0.983995 10.975880912764 0.339849351723057
0.984495 10.981458116364 -0.010115738355197
0.984995 10.987035319964 -0.395708222300422
0.985495 10.992612523564 -0.350986787254631
0.985995 10.998189727164 -0.0681387355016207
0.986495 11.003766930764 -0.109566129591205
0.986995 11.009344134364 0.278996855393683
0.987495 11.014921337964 -0.308044474298963
0.987995 11.020498541564 -0.174155093932168
0.988495 11.026075745164 -0.0249865901126474
0.988995 11.031652948764 0.782799220994833
0.989495 11.037230152364 -0.178858161203982
0.989995 11.042807355964 0.0812551059651605
0.990495 11.048384559564 0.232065855161098
0.990995 11.053961763164 0.268182638459785
0.991495 11.059538966764 -0.142545724778788
0.991995 11.065116170364 -0.501470021229095
0.992495 11.070693373964 0.221057487950129
0.992995 11.076270577564 -0.367586469153367
0.993495 11.081847781164 0.26941056519917
0.993995 11.087424984764 -0.262816737438194
0.994495 11.093002188364 0.216499932040616
0.994995 11.098579391964 -0.0869108197199662
0.995495 11.104156595564 0.546154063820793
0.995995 11.109733799164 0.537816144302059
0.996495 11.115311002764 -0.0998808596702376
0.996995 11.120888206364 0.222322097505075
0.997495 11.126465409964 0.0646142422387096
0.997995 11.132042613564 0.0196881099958233
0.998495 11.137619817164 -0.424188922537441
0.998995 11.143197020764 0.0274554212691306
0.999495 11.148774224364 -0.172666832333955
0.999995 11.154351427964 -0.233888064541471
