286

3 -4.776750 -6.796830 100.0670
3 -3.753210 -7.818230 100.0910
3 -1.264880 -8.412730 100.0880
3  0.177414 -8.322920 100.0660
3  2.623770 -7.264480 100.1120
3  3.892030 -6.540310 100.1290
3 -6.175360 -4.478030 100.0620
3  5.618720 -4.580260 100.0720
3 -6.691690 -3.127150 100.0370
3  6.267450 -3.307160 100.1110
3 -7.045510 -0.537356 100.0390
3  7.097170 -0.738295 100.1140
3 -1.257390 -8.352830 103.2410
3  0.174211 -8.149240 103.2460
3 -5.103160 -6.228490 101.6350
3 -4.894140 -6.726550 103.1500
3 -3.301130 -8.010230 101.6520
3 -3.802610 -7.638650 103.2060
3 -1.882990 -8.389050 101.6510
3  0.701248 -8.021230 101.6250
3  2.046300 -7.526140 101.6490
3  2.715860 -7.365590 103.1740
3  3.863420 -6.537250 103.1870
3  4.388430 -6.190910 101.7320
3 -5.957280 -5.051860 101.6340
3 -6.358140 -4.607960 103.1960
1  0.013859 -3.797740 103.6470
3  5.201780 -5.028140 101.6520
3  5.641040 -4.569120 103.2440
3 -6.837320 -2.547420 101.6310
3 -6.823720 -3.195750 103.1580
1 -1.959780 -2.391510 103.0530
1 -0.614796 -2.768640 102.8880
1  0.404884 -1.749410 102.5530
1  1.657500 -2.164620 103.1640
1  1.392690 -3.457500 103.8570
3  6.293770 -3.245230 103.2140
3  6.539380 -2.707730 101.6710
3 -6.923860 -1.102040 101.6100
3 -6.936300 -0.510353 103.1700
1 -3.282830 -0.752272 104.0040
1 -2.280890 -1.007870 103.0170
1 -1.309780  0.002721 102.7120
1  0.089224 -0.371271 102.4160
1  2.566780 -1.259800 103.7370
1  2.134000  0.161228 103.7480
3  7.016010 -1.307670 101.6700
3  7.004960 -0.682343 103.2730
3 -5.254370 -6.294150 104.7660
3 -3.281550 -7.924760 104.8000
3 -1.857880 -8.214090 104.8510
3  0.721210 -8.097330 104.7570
3  2.127490 -7.588630 104.7670
3  4.390450 -6.161450 104.7600
3 -6.048670 -5.055210 104.6890
1 -2.056710 -4.021530 104.8740
1 -0.669564 -4.490990 104.6170
3  5.262070 -5.028070 104.7550
3 -6.946990 -2.600370 104.7350
1 -2.756830 -3.064890 104.0750
1 -3.596600 -2.017950 104.6660
1  2.017380 -3.729400 105.1090
1  2.987180 -2.763460 105.6720
3  6.390130 -2.703760 104.8320
3 -6.961790 -1.146120 104.7570
1 -3.160860  0.462191 104.7450
1  3.151540 -1.532900 105.0320
1  3.128100 -0.316524 105.7800
3  6.843400 -1.321030 104.8360
3  0.175577 -8.207450 106.3780
3 -4.877150 -6.745860 106.3490
3 -3.836560 -7.713450 106.3720
3 -1.264560 -8.234030 106.4110
3  3.833350 -6.507700 106.3400
3  2.767200 -7.454030 106.3050
3 -6.369420 -4.539420 106.2890
1 -2.303080 -4.068890 106.2880
1 -1.022570 -4.308740 106.9220
1 -0.045826 -4.684700 105.8900
1  1.299350 -4.329920 106.1490
3  5.591990 -4.557630 106.3430
3 -6.908670 -3.240090 106.3210
1 -3.716250 -2.035030 106.0680
1 -3.189700 -3.138620 106.9000
1  1.729930 -3.776010 107.4090
1  2.757910 -2.793210 107.1490
3  6.261140 -3.261330 106.3590
3 -6.966810 -0.521858 106.3560
1 -3.429560  0.421757 106.1620
1 -3.670310 -0.790146 106.7700
1  2.785070 -1.564570 107.9240
1  2.983160 -0.323201 107.2190
3  7.027240 -0.751130 106.4160
3 -1.266310 -8.336400 109.4770
3 -5.334240 -6.347380 107.9080
3 -4.934900 -6.680820 109.5380
3 -3.345490 -7.911040 107.9680
3 -3.856320 -7.652400 109.5210
3 -1.897480 -8.294500 107.9840
3  0.196241 -8.346510 109.4860
3  0.797313 -8.288400 107.9600
3  2.157820 -7.733540 107.8880
3  2.719510 -7.513610 109.4750
3  3.839640 -6.540200 109.4950
3  4.228550 -6.167370 107.9090
3 -6.158990 -5.119890 107.8710
1 -0.638850 -3.832970 108.0920
3  5.204450 -5.068710 107.9040
3  5.583320 -4.646080 109.5140
3 -7.006850 -2.546730 107.8650
3 -6.854500 -3.150520 109.4710
1 -2.765100 -2.489950 108.1500
1 -1.505430 -2.844150 108.7090
1 -0.648327 -1.928190 109.3790
1  0.749344 -3.546490 108.3800
1  0.735943 -2.357870 109.1800
3  6.195260 -3.316030 109.5340
3  6.398710 -2.751670 107.9460
3 -6.956310 -1.104480 107.9650
3 -6.986800 -0.550851 109.5120
1 -3.047250 -1.083040 108.0160
1 -2.239040 -0.173424 108.6770
1 -1.015180 -0.603183 109.2810
1  1.734630 -1.395990 108.9180
3  6.837400 -1.325050 108.0120
3  6.995160 -0.795134 109.6050
3 -5.319850 -6.242350 111.0450
3 -3.272970 -7.886570 111.1290
3 -1.832580 -8.275280 111.0850
3  0.806105 -8.198620 111.0970
3  2.152720 -7.726070 111.0420
3  4.294150 -6.269890 111.1080
3 -6.377020 -4.501520 109.4400
3 -6.188200 -5.032230 111.0220
3  5.269690 -5.181370 111.1340
3 -6.819070 -2.587370 111.0530
3  6.220600 -2.760510 111.1200
3 -6.900530 -1.125680 111.0590
3  6.647750 -1.372670 111.1590
3 -1.228220 -8.376950 112.6940
3 -4.925180 -6.639210 112.6080
3 -3.739380 -7.514050 112.6290
3  0.241765 -8.368040 112.6940
3  3.759500 -6.563540 112.6960
3  2.601910 -7.427610 112.6370
3 -6.388140 -4.501710 112.6380
3  5.591480 -4.676850 112.6840
3 -6.848900 -3.142940 112.6570
2 -1.860120 -3.590840 113.4010
2  0.732277 -2.682570 112.7280
2  1.843940 -1.977860 113.2600
3  6.166050 -3.334520 112.7090
3 -6.895680 -0.572046 112.6650
2 -1.716410 -2.404260 112.6450
2 -2.526670 -1.198210 112.9340
2 -0.379337 -1.921370 112.3640
2 -0.424886 -0.487272 112.5690
2  1.922870 -0.582230 113.2720
3  6.761830 -0.805974 112.6960
3 -6.785960  0.899149  99.9789
3  7.197570  0.681807 100.0990
3 -6.147560  3.470400 100.0600
3  7.321580  3.371280 100.1080
3 -5.507670  4.771270 100.0180
3  6.700380  4.687350 100.0920
3 -3.748280  6.678530 100.0470
3 -2.489530  7.470130 100.0190
3  3.944550  7.612460 100.0640
3  5.188250  6.737920 100.0860
3  0.029500  8.246780 100.0850
3  1.522890  8.336490 100.0650
3 -6.704330  1.517480 101.5590
3 -6.780550  0.951717 103.1410
1 -1.235080  1.238700 103.5100
1  0.186376  1.627920 103.7110
1  0.941230  0.605640 103.0990
3  7.163470  1.355140 101.6310
3  7.186110  0.762431 103.2280
3 -6.319180  2.950790 101.5490
3 -6.012450  3.454440 103.1560
3  7.254380  2.773220 101.6690
3  7.081980  3.277180 103.2730
3 -5.107070  5.236950 101.6050
3 -5.361090  4.784640 103.2170
3  6.438530  5.220520 101.6780
3  6.744770  4.705930 103.2810
3 -4.097230  6.226090 101.6260
3 -3.647750  6.621660 103.2170
3 -2.412420  7.380420 103.1840
3 -1.900050  7.615060 101.5910
3  3.918360  7.502460 103.2540
3  3.403580  7.821150 101.6580
3  5.597180  6.416280 101.7230
3  5.152070  6.781550 103.2610
3 -0.546549  8.069460 101.6120
3 -0.035742  8.309520 103.2180
3  1.455380  8.467540 103.2610
3  2.024740  8.381260 101.6460
3 -6.609030  1.480080 104.7510
1 -2.202810  1.441900 104.5330
1 -1.828750  2.023440 105.7630
1  0.531372  2.206270 104.9380
1 -0.477779  2.317640 105.9530
1  2.500080  0.720583 104.9810
1  1.730560  1.698720 105.5720
3  7.284660  1.251670 104.8500
3 -6.143800  2.917650 104.7510
3  7.186150  2.678250 104.8470
3 -5.049030  5.213290 104.8430
3  6.520070  5.181420 104.8780
3 -4.120310  6.335470 104.8100
3 -1.941410  7.644850 104.8120
3  3.414840  7.748660 104.7790
3  5.594160  6.344480 104.8580
3 -0.573759  8.225740 104.8330
3  2.029470  8.353910 104.8420
3 -6.749090  0.924489 106.3550
1 -2.663560  1.457230 106.8740
1 -2.068150  1.099210 108.1210
1  0.096318  2.058210 107.2590
1  2.060850  0.681779 107.8020
1  1.463830  1.663360 107.0320
3  7.270480  0.649493 106.4450
3 -6.081880  3.453000 106.3550
3  7.041980  3.223350 106.4590
3 -5.382730  4.732070 106.3790
3  6.792890  4.658750 106.4260
3 -2.461880  7.467900 106.3590
3 -3.624390  6.647750 106.4090
3  4.008130  7.593650 106.3690
3  5.201370  6.737500 106.3960
3  0.046841  8.419240 106.4160
3  1.489020  8.497140 106.3610
3 -6.771480  1.540610 107.9330
3 -6.933120  0.934077 109.4910
1 -0.649850  1.545160 108.3480
1 -0.060262  0.384313 109.1240
1  1.308770  0.064219 108.8430
3  7.306150  1.234780 108.0370
3  7.255900  0.605337 109.5960
3 -6.086010  2.847140 107.9510
3 -6.008240  3.360270 109.4830
3  7.178650  2.697190 108.0500
3  7.253260  3.284420 109.5620
3 -4.961040  5.124350 107.9680
3 -5.316180  4.657320 109.4890
3  6.521980  5.229130 108.0120
3  6.760670  4.658730 109.6170
3 -4.023140  6.208330 107.9660
3 -3.585460  6.717180 109.5370
3 -2.352540  7.466590 109.5030
3 -1.944600  7.796850 107.9560
3  3.948740  7.512230 109.5320
3  5.555120  6.260890 107.9700
3  5.112050  6.610970 109.5390
3 -0.563831  8.179540 107.9750
3  0.107541  8.371910 109.5060
3  1.578300  8.521560 109.4950
3  2.089240  8.393030 107.9410
3  3.413610  7.815930 107.9480
3 -6.695870  1.483250 111.0930
3  7.233720  1.243100 111.1560
3 -6.101260  2.845480 111.0950
3  7.260380  2.706240 111.1910
3 -5.032310  5.227490 111.0700
3  6.524590  5.194400 111.1140
3 -3.966490  6.298500 111.0770
3 -1.857500  7.728290 111.0890
3  3.413600  7.852870 111.1170
3  5.567440  6.297130 111.1450
3 -0.456171  8.243740 111.1040
3  2.123680  8.458470 111.0840
3 -6.831620  0.888035 112.6340
2 -1.704090 -0.070351 112.8750
2  0.725687  0.218937 112.9110
3  7.130920  0.639824 112.7600
3 -5.980790  3.370990 112.6790
3  7.270240  3.298500 112.7390
3 -5.275380  4.670730 112.6850
3  6.780530  4.700800 112.7030
3 -3.585820  6.704930 112.6600
3 -2.292360  7.348090 112.6740
3  3.983630  7.599270 112.7120
3  5.087240  6.677840 112.7280
3  0.066446  8.389270 112.6550
3  1.534240  8.599140 112.6720