269

3  0.346698 -8.495770 -5.216770
3  1.779030 -8.436310 -5.234130
3 -3.339750 -6.740990 -5.193230
3 -2.184150 -7.575400 -5.139930
3  4.297570 -7.430770 -5.262830
3  5.389610 -6.505140 -5.186870
3 -5.114540 -4.670860 -5.206800
3  6.905710 -4.325330 -5.211340
3 -5.872020 -3.498900 -5.245420
3  7.298060 -2.964450 -5.269460
3 -6.919190 -0.962157 -5.275110
2 -2.334670 -0.969021 -5.556960
2 -3.302000 -0.623839 -4.537400
2 -1.210420 -1.733310 -5.110980
2  0.074698 -1.376690 -5.700750
2  1.086560 -1.570680 -4.613880
2  2.169640 -0.617030 -4.569040
3  7.359460 -0.178372 -5.317070
3 -0.288211 -8.317810 -3.875500
3  0.337861 -8.532010 -2.562750
3  1.753860 -8.471300 -2.575880
3  2.392170 -8.289400 -3.929260
3 -3.741020 -6.211740 -3.889380
3 -2.213050 -7.617550 -2.564130
3 -3.390320 -6.758110 -2.502540
3 -1.622590 -7.891340 -3.854830
3  3.661700 -7.723820 -3.915310
3  4.216490 -7.414900 -2.594340
3  5.300940 -6.474680 -2.578080
3 -4.741910 -5.229540 -3.893720
3 -5.149430 -4.640740 -2.643870
3  5.802930 -6.026990 -3.859110
3  6.572020 -4.814780 -3.861820
3  6.872530 -4.278120 -2.563720
3 -6.135860 -2.914810 -3.906040
3 -5.920530 -3.470400 -2.640230
2 -0.984540 -2.172070 -3.734350
3  7.329780 -2.247570 -3.960220
3  7.160490 -2.856700 -2.589080
3 -6.729230 -1.629300 -3.981740
3 -7.048310 -1.018050 -2.635480
2 -3.031880 -1.013560 -3.200860
2 -1.934340 -1.834930 -2.767970
2  0.383186 -2.045470 -3.423010
3  7.436520 -0.804269 -3.952410
3  7.389160 -0.136223 -2.613130
3 -0.299861 -8.411520 -1.236910
3  2.403450 -8.269830 -1.196780
3 -3.835200 -6.235960 -1.238240
3 -1.645150 -7.821960 -1.243330
3  3.688500 -7.745610 -1.226810
3 -4.830640 -5.212770 -1.279130
3  5.669220 -5.923340 -1.258680
3  6.506130 -4.801060 -1.242080
3 -6.344820 -2.978090 -1.324580
3  7.293340 -2.195510 -1.265740
3 -6.805140 -1.614520 -1.302270
2 -3.407590 -0.134223 -2.081120
2 -2.416520 -0.300704 -1.041540
2 -1.564870 -1.427490 -1.413010
2  0.824653 -1.588940 -2.175420
2 -0.187457 -1.221150 -1.193360
2  1.941290 -0.655459 -2.038590
3  7.402360 -0.762467 -1.308390
3 -0.327224 -8.353740  1.430570
3  0.377618 -8.513740  0.155150
3  1.783500 -8.403520  0.192769
3  2.406160 -8.251200  1.492000
3 -2.225350 -7.501550  0.048762
3 -3.329360 -6.634240  0.092686
3 -3.818390 -6.297650  1.463600
3 -1.637070 -7.801970  1.395900
3  3.794870 -7.899330  1.443350
3  4.293830 -7.460210  0.075935
3  5.271900 -6.489680  0.059556
3 -5.175910 -4.717310  0.083759
3 -4.754610 -5.136120  1.434230
3  5.695310 -5.994830  1.414020
3  6.409760 -4.790210  1.420520
3  6.852280 -4.228950  0.051670
3 -6.404960 -3.013460  1.394670
3 -6.083710 -3.597440  0.063616
3  7.166710 -2.841210  0.063770
3  7.255840 -2.212690  1.369010
3 -7.036780 -1.017180  0.006676
3 -6.987390 -1.732710  1.345000
3  7.320570 -0.120435  0.036284
3  7.436450 -0.807058  1.378470
3  1.746290 -8.435740  2.796570
3  0.374790 -8.484800  2.777170
3 -3.304340 -6.592610  2.779730
3 -2.119300 -7.386030  2.732240
3  4.347240 -7.582410  2.752730
3  5.354380 -6.534110  2.771260
3 -5.206550 -4.685700  2.714210
3 -4.855420 -5.259520  4.070740
3  6.725360 -4.179380  2.762550
3 -6.080810 -3.556210  2.735030
3  7.106790 -2.819440  2.729330
3 -7.230820 -1.153760  2.702600
3  7.498970 -0.177107  2.722680
3 -0.335075 -8.456940  4.096990
3  0.320706 -8.488340  5.430430
3  1.717550 -8.478080  5.430340
3  2.425070 -8.412670  4.111220
3 -3.916890 -6.302630  4.083230
3 -2.214490 -7.439910  5.380800
3 -3.391380 -6.662430  5.361760
3 -1.620850 -7.785820  4.111100
3  3.778600 -7.972800  4.123870
3  4.282180 -7.431500  5.468400
3  5.329970 -6.464540  5.435780
3 -5.287800 -4.754010  5.365980
3  5.681400 -5.932990  4.097860
3  6.365320 -4.702760  4.077870
3  6.655930 -4.092610  5.397710
3 -6.455370 -3.038180  4.068530
3 -6.111800 -3.600590  5.390810
3  7.292490 -2.157430  4.081300
3  7.101520 -2.741500  5.430410
3 -7.079580 -1.786370  4.052940
3 -7.105150 -1.138140  5.343430
3  7.641340 -0.774493  4.089710
3 -7.399830  0.322479 -5.255700
2 -3.164170  1.134770 -6.091140
2 -3.846440  0.673262 -4.885280
2  2.347310  0.502524 -5.497400
2  2.823970  1.637020 -4.687620
3  7.216130  1.242080 -5.307350
3 -7.252290  3.046380 -5.223970
2 -2.745530  2.506940 -6.227390
2 -3.017890  3.412740 -5.071200
2 -0.880004  3.998560 -5.929920
2  1.336500  3.080230 -6.052590
2  2.274520  2.876290 -4.980250
3  6.308520  3.746980 -5.333670
3 -6.668090  4.360140 -5.268940
2 -1.913330  4.317900 -4.916610
2  0.462269  4.141980 -5.661420
2  0.803045  4.563600 -4.313320
3  5.423080  4.899590 -5.354850
3 -5.171150  6.500590 -5.345890
3 -4.007440  7.315740 -5.318620
3  2.573480  7.666820 -5.363930
3  3.706930  6.841380 -5.360260
3 -1.464000  8.080200 -5.408440
3 -0.078774  8.102230 -5.395860
3 -7.521250  0.988293 -3.886830
3 -7.416570  0.393842 -2.570160
2 -4.085090  1.528380 -3.806170
2 -3.966040  1.144730 -2.431000
2  2.495220 -0.166215 -3.230520
2  2.963800  1.215400 -3.341530
3  7.148090  1.848840 -3.962690
3  7.306550  1.258080 -2.671200
3 -7.392830  2.427920 -3.931530
3 -7.197620  3.107190 -2.624380
2 -3.729590  2.887460 -3.984000
2 -3.360580  3.421380 -2.689530
2  2.209610  3.490590 -2.571810
2  2.725640  2.096220 -2.271580
3  6.293750  3.753530 -2.689250
3  6.622020  3.219130 -4.001780
3 -6.686810  4.452690 -2.610650
3 -6.432610  4.975440 -3.963620
2 -2.245360  4.262620 -2.548900
2 -1.549180  4.778840 -3.684540
2 -0.145335  4.923780 -3.353460
2  1.975440  3.864750 -3.925640
3  5.080420  5.378190 -4.033860
3  5.506210  4.914470 -2.657040
3 -5.645620  6.118560 -3.990570
3 -5.154870  6.555210 -2.669150
3 -4.023210  7.440750 -2.710910
3 -3.455690  7.724960 -4.028680
3  1.943950  7.853990 -4.013740
3  2.532430  7.669950 -2.678430
3  3.675180  6.746900 -2.690280
3  4.086920  6.335920 -4.014620
3 -2.096380  8.121100 -4.031920
3 -1.504560  8.225020 -2.725200
3 -0.020757  8.209750 -2.726680
3  0.550237  8.086900 -4.079140
3 -7.427180  1.051660 -1.259630
2 -1.957670  0.792816 -0.355495
2  1.568540  0.321320 -1.012240
2  0.320466 -0.107382 -0.480057
2  1.992970  1.650950 -1.066420
3  7.070870  1.836680 -1.351500
3 -7.325620  2.464940 -1.342990
2 -3.415520  2.300590 -1.708020
2 -2.508530  2.131430 -0.676706
2 -1.348410  3.033570 -0.531896
2  1.215380  3.824240 -1.619440
2  1.061150  2.684240 -0.763894
3  6.592520  3.186020 -1.367760
3 -6.383000  4.971100 -1.292050
2 -1.262360  4.146790 -1.488170
2  0.029964  4.452130 -2.039980
3  5.150800  5.425310 -1.324930
3 -5.493830  6.089760 -1.310700
3 -3.489020  7.759740 -1.387040
3  4.222290  6.550510 -1.342500
3 -2.084890  8.172080 -1.388890
3  1.990300  7.920320 -1.389920
3  0.611250  8.134470 -1.382140
3 -7.272400  0.385551  0.045133
3 -7.392330  0.970472  1.413460
2 -0.540938  0.945945 -0.124050
3  7.245030  1.251220  0.002782
3  7.177230  1.908340  1.373050
3 -7.140470  3.044280  0.011784
3 -7.328970  2.403760  1.370400
2 -0.169559  2.287550 -0.266153
3  6.328880  3.818090  0.019637
3  6.649100  3.267190  1.366280
3 -6.674550  4.373590  0.019327
3 -6.399850  4.989610  1.399370
3  5.576410  4.978890  0.037171
3  5.215210  5.531110  1.391550
3 -5.566170  6.169940  1.411190
3 -5.048010  6.558720  0.040858
3 -3.932370  7.409770 -0.023278
3 -3.425520  7.733190  1.345120
3 -2.052400  8.232350  1.383840
3  2.023610  7.906660  1.315330
3  2.613850  7.747010  0.008033
3  3.855910  7.033720 -0.051331
3  4.364840  6.627320  1.327270
3 -1.444630  8.282620 -0.021921
3 -0.040359  8.274760 -0.035544
3  0.644288  8.181270  1.320920
3 -7.374760  0.298891  2.699160
3  7.248910  1.256980  2.693810
3 -7.155970  3.047120  2.658260
3  6.313730  3.823040  2.717790
3 -6.632580  4.366850  2.690430
3  5.662530  5.100950  2.721960
3 -5.154540  6.647710  2.746660
3 -3.971840  7.499600  2.704600
3  2.617870  7.760430  2.641830
3  3.856510  7.107480  2.662050
3 -1.420980  8.397440  2.649230
3 -0.002371  8.249590  2.672770
3 -7.296780  0.915175  4.032850
3 -7.274240  0.253796  5.342960
3  7.029010  1.865560  4.052990
3  7.245350  1.344520  5.422670
3  7.574050 -0.031985  5.414780
3 -7.204580  2.355870  4.026950
3 -6.968270  2.922240  5.342950
3  6.327800  3.843320  5.397730
3  6.622010  3.222720  4.041640
3 -6.326170  4.933900  4.045030
3 -6.486890  4.289720  5.384560
3  5.166130  5.542430  4.068340
3  5.693730  5.149310  5.406140
3 -5.540170  6.111360  4.043860
3 -5.110130  6.553920  5.404870
3 -3.371180  7.795000  4.015650
3 -3.951770  7.463510  5.355350
3 -1.968000  8.176160  4.079300
3  1.990250  8.072080  3.976830
3  2.605060  7.829640  5.396830
3  3.821960  7.051030  5.392530
3  4.221530  6.617930  3.999900
3 -1.409200  8.379310  5.377410
3  0.017790  8.464680  5.348500
3  0.623743  8.336510  4.000060