301

1 -0.934875 -4.716450 26.3830
1  1.663830 -3.749000 26.6004
1  2.460220 -2.603090 26.2307
1 -4.122300 -1.540870 26.6130
1  2.377880 -0.086223 26.3873
1  2.330290 -1.387770 26.9871
3 -1.461000 -8.283230 27.4983
3  0.033104 -8.154040 27.4688
3 -5.160900 -6.724190 27.5687
3 -3.984680 -7.612860 27.5364
3  2.518290 -7.380870 27.5531
3  3.740070 -6.536390 27.4823
3 -6.535250 -4.436260 27.5617
3  5.300530 -4.452700 27.5052
3 -7.036210 -3.063310 27.5647
1 -3.185840 -3.663870 26.5281
1 -2.834590 -3.090660 27.8024
1 -0.524639 -4.273890 27.6700
1 -1.499850 -3.329040 28.3066
1  0.781921 -3.677050 27.7541
3  5.967300 -3.175690 27.5120
3 -7.489590 -0.466366 27.5944
1 -3.368300 -1.733700 27.8419
1 -0.765118 -2.258640 28.8580
1 -1.324780 -0.937097 28.9064
1  1.345130 -1.345750 28.0179
1  0.629017 -2.400250 28.4744
3  6.816930 -0.648274 27.5191
3 -1.454120 -8.277740 30.6649
3  0.037454 -8.168620 30.6222
3  0.587004 -8.108020 29.0699
3 -5.551440 -6.277660 29.1167
3 -5.107420 -6.708830 30.6983
3 -3.500480 -7.836410 29.1478
3 -3.955940 -7.610860 30.6706
3 -2.064210 -8.251430 29.0867
3  1.994200 -7.645280 29.0376
3  2.561850 -7.357910 30.6203
3  3.799710 -6.573900 30.5715
3  4.165140 -6.108650 29.0317
3 -6.258030 -4.963390 29.1154
3 -6.542570 -4.428990 30.7435
3  5.114080 -5.029740 29.0428
3  5.249400 -4.425910 30.6076
3 -7.140720 -2.533730 29.1618
3 -7.064120 -3.064550 30.6917
3  6.061220 -3.204350 30.6295
3  6.264750 -2.674600 29.0588
3 -7.422510 -1.094280 29.1802
3 -7.383480 -0.521861 30.7014
3  6.704050 -1.260350 29.0792
3  6.881730 -0.746248 30.6789
3 -2.003520 -8.088660 32.2248
3 -5.564030 -6.246110 32.2639
3 -3.482340 -7.890880 32.2763
3  0.587032 -8.109600 32.2221
3  1.974620 -7.673190 32.1974
3  4.239110 -6.114050 32.1850
3 -6.361180 -5.022380 32.2498
3  5.011240 -4.933380 32.1716
3 -7.227600 -2.491600 32.2716
3  6.218220 -2.693650 32.2687
3 -7.465030 -1.087810 32.2811
2 -0.462406 -0.939504 32.5467
2 -1.292910  0.106679 32.2971
2  0.947419 -0.956670 32.0745
2  1.337400  0.187377 31.4297
2  2.606040  0.738265 31.8411
3  6.799570 -1.372330 32.2426
3 -1.463330 -8.187780 33.7994
3  0.012538 -8.092170 33.8230
3 -5.098170 -6.648080 33.8381
3 -3.971240 -7.561780 33.8621
3  3.764560 -6.525560 33.7649
3  2.522360 -7.335640 33.7691
3 -6.538710 -4.407380 33.7999
3  5.318840 -4.450120 33.7740
3 -7.139400 -3.058910 33.7943
3  6.105140 -3.234210 33.7969
3 -7.365220 -0.419380 33.8740
2 -0.532474 -1.581340 33.8499
2  0.780247 -1.926650 34.2739
2  1.746370 -1.556760 33.2085
2  2.951280 -0.944716 33.5904
2  3.406670  0.210691 32.8563
3  7.037230 -0.797890 33.7934
3 -2.056790 -8.224860 35.3679
3 -1.465000 -8.293500 36.9344
3  0.024226 -8.185960 36.9531
3 -4.976300 -6.491610 37.0269
3 -5.478290 -6.211300 35.4217
3 -3.444270 -7.721090 35.3906
3 -3.969300 -7.483490 37.0054
3  0.601624 -8.061320 35.3404
3  2.037920 -7.763280 35.3315
3  2.701500 -7.465560 36.8716
3  3.853950 -6.610400 36.8740
3  4.241560 -6.188060 35.3606
3 -6.359480 -4.994670 35.3813
3  5.062330 -4.990530 35.2977
3  5.469890 -4.556740 36.8958
3 -7.187480 -2.480960 35.4074
3 -7.206740 -3.171480 36.9408
3  6.088360 -3.262240 36.8870
3  6.239330 -2.641420 35.3130
3 -7.397780 -1.035980 35.4103
3 -7.320240 -0.498036 36.9217
2 -1.523300 -1.226310 34.7687
2 -1.209150 -1.131140 36.1463
2  1.144610 -1.862970 35.6033
2  2.457850 -1.257980 35.9819
2  3.329520 -0.839620 34.9612
2  3.976140  0.430662 35.1053
3  6.893920 -1.315910 35.2783
3 -1.974750 -8.221620 38.5547
3 -5.407240 -6.053460 38.5622
3 -3.375610 -7.859640 38.5623
3  0.691686 -8.148220 38.4948
3  2.075000 -7.624280 38.4589
3  4.224400 -6.233060 38.4364
3 -6.619020 -4.475510 36.9538
3 -6.365030 -4.982970 38.5478
3  5.179680 -5.111660 38.4522
3 -7.337940 -2.525150 38.5391
3  6.363450 -2.689540 38.4701
3 -7.458230 -1.077480 38.5150
2  0.157255 -1.382670 36.5383
2  2.168390 -0.433841 37.1284
2  0.755445 -0.519929 37.4654
3  6.970890 -0.801177 36.8990
3  6.966800 -1.368530 38.4925
3  0.165603 -8.262570 40.1189
3 -1.313130 -8.252500 40.1184
3 -4.945240 -6.493530 40.1227
3 -3.832600 -7.505240 40.0882
3  2.714420 -7.481310 40.0585
3  3.813360 -6.568250 40.0801
3 -6.664460 -4.471100 40.1342
3  5.424870 -4.603450 40.0050
3 -7.260510 -3.092300 40.1013
3  6.084580 -3.274560 40.0565
3 -7.411380 -0.563107 40.1412
3  7.145130 -0.799634 40.0638
1 -3.443850  0.839626 26.5985
1 -0.774828  1.914880 26.7538
1  0.621019  1.678100 26.3726
1  1.432410  0.759340 27.0942
3 -7.183810  0.982288 27.6016
1 -2.690610 -0.638987 28.4636
1 -2.689420  0.646199 27.7641
1 -1.301920  1.115960 27.7842
1  0.848715 -0.045557 28.0997
1 -0.478265  0.145261 28.4736
3  6.973090  0.792081 27.4821
3 -6.025600  3.420640 27.5891
3  6.911560  3.398840 27.4915
3 -5.305620  4.662210 27.5852
3  6.588420  4.806550 27.5173
3 -3.646190  6.682230 27.5186
3 -2.546800  7.640370 27.4839
3 -0.077110  8.432290 27.5371
3  1.365760  8.589160 27.5548
3  3.832170  7.936080 27.4880
3  4.997860  6.927680 27.4730
3 -6.861230  1.506180 29.1485
3 -7.111770  0.928172 30.7539
3  7.096360  1.351910 29.0984
3  7.057190  0.717764 30.6890
3 -6.319130  2.832310 29.1469
3 -5.932450  3.285510 30.6800
3  6.928950  2.789980 29.0790
3  6.862920  3.355850 30.6774
3 -4.957670  5.114020 29.1204
3 -5.303770  4.659070 30.7340
3  6.196190  5.267430 29.0754
3  6.392100  4.724540 30.6521
3 -3.973610  6.235820 29.1073
3 -3.687940  6.734400 30.7019
3 -2.580530  7.661040 30.6763
3 -2.036400  7.856630 29.0960
3 -0.648108  8.310810 29.1590
3  1.353580  8.514040 30.6672
3  3.441770  8.149900 29.0765
3  4.002570  7.942450 30.6590
3  5.428180  6.498960 29.0565
3  5.040480  6.949360 30.6227
3 -0.110590  8.462950 30.7515
3  1.969720  8.465060 29.1381
3 -6.924990  1.472660 32.3083
2 -0.877867  1.248150 31.5442
2  0.447961  1.292410 31.0962
2  1.202670  2.507340 31.2050
2  2.530360  2.197180 31.6570
3  7.050480  1.295360 32.2071
3 -6.212000  2.727010 32.2378
2 -2.468850  1.959350 33.0486
2 -1.591990  2.448550 31.9936
2 -0.826274  3.638380 32.1180
2  0.589126  3.638590 31.7229
2  1.262410  4.555830 32.6445
2  3.216680  3.021380 32.5906
3  7.038540  2.758500 32.2512
3 -4.989980  5.145650 32.3402
2 -1.001870  4.382970 33.3243
3  6.139830  5.212650 32.2249
3 -3.985420  6.266300 32.3278
3 -2.049720  7.814140 32.2527
3 -0.649368  8.221660 32.3337
3  3.388120  8.098400 32.2379
3  5.464380  6.500290 32.1870
3  1.941320  8.415970 32.2424
3 -7.053940  0.976047 33.8532
2 -2.312330  0.531707 33.1501
2 -2.428090 -0.109773 34.4117
2  3.974780  2.465200 33.6984
2  4.089070  1.075810 33.8445
3  7.061270  0.615634 33.7442
3 -5.944250  3.298810 33.8287
2 -2.621080  2.711410 34.2055
2  2.549110  4.215300 33.1191
2  2.881760  4.292260 34.5446
3  6.973040  3.351100 33.8087
3 -5.365630  4.592010 33.8899
2 -1.875500  4.033630 34.3420
2  0.281699  5.003370 33.6394
2  0.626182  4.993250 35.0173
3  6.455230  4.766170 33.7588
3 -3.721810  6.752270 33.9039
3 -2.527120  7.579020 33.9010
3  3.925230  7.839290 33.7962
3  4.982470  6.847570 33.7638
3 -0.093426  8.284190 33.9220
3  1.389040  8.410730 33.8498
3 -6.919210  1.540340 35.4222
3 -7.050080  0.926313 37.0020
2 -2.661600  0.663129 35.6100
2 -1.860340  0.065359 36.6745
2  3.813000  1.180780 36.2934
3  7.094330  1.259800 35.3419
3 -6.244900  2.828990 35.4324
3 -5.980600  3.320990 37.0492
2 -2.778840  2.072290 35.5147
2 -2.056830  2.943290 36.4298
2  3.705710  2.635350 36.1534
2  3.750910  3.210260 34.8973
3  7.025200  2.692810 35.3448
3 -4.997080  5.088810 35.4745
3 -5.376770  4.639200 37.0292
2 -1.561800  4.125770 35.7493
2 -0.288728  4.592800 36.0621
2  0.448949  4.001870 37.1162
2  1.977770  4.756290 35.5017
2  1.834960  4.079140 36.7553
3  6.219390  5.217290 35.3163
3 -4.175050  6.275690 35.4702
3 -3.765750  6.667130 37.0784
3 -2.612580  7.550860 37.0497
3 -1.990060  7.799370 35.4724
3  3.360700  8.021050 35.3793
3  3.951300  7.815290 36.9581
3  5.500220  6.511550 35.3817
3  5.066880  6.923020 36.9826
3 -0.626014  8.243830 35.4086
3 -0.065309  8.298070 37.0079
3  1.387620  8.429340 36.9779
3  1.973140  8.369620 35.4500
3 -6.904690  1.463820 38.6297
2  0.128523  0.610361 38.0308
2 -1.237230  0.896640 37.6091
2  2.897700  0.757910 37.2928
3  7.087900  0.640419 36.8939
3  7.158050  1.247830 38.4853
3 -6.279700  2.771600 38.6353
2 -1.320800  2.351660 37.4499
2 -0.064862  2.926520 37.8691
2  2.214440  1.907120 37.8885
2  0.851071  1.859090 38.1506
2  2.691040  3.048210 37.1122
3  6.777650  3.240170 36.9320
3  6.972840  2.655830 38.4499
3 -5.028480  5.061760 38.6272
3  6.544250  4.705350 36.8800
3  6.352130  5.313520 38.4660
3 -4.139490  6.216490 38.6235
3 -2.073410  7.781290 38.6305
3  3.377980  8.014190 38.5243
3  5.555310  6.537110 38.5167
3 -0.676553  8.171520 38.5805
3  1.999680  8.332420 38.5598
3 -7.212140  0.896742 40.1432
3  7.149340  0.635713 40.0758
3 -6.163350  3.312220 40.2341
3  6.812860  3.217490 40.0432
3 -5.390380  4.583620 40.2048
3  6.534290  4.726120 40.0658
3 -3.809280  6.728620 40.2320
3 -2.565570  7.599840 40.2470
3  3.884680  7.762400 40.1323
3  5.055800  6.870310 40.1063
3 -0.067094  8.350240 40.1455
3  1.390280  8.447290 40.1272