296

3 -0.440723 -8.410370 30.7908
3  0.218568 -8.430630 32.1768
3  1.625960 -8.449160 32.1398
3  2.202460 -8.166060 30.8013
3 -3.919910 -6.513820 30.8640
3 -3.494180 -6.867570 32.1808
3 -2.429930 -7.840700 32.1540
3 -1.858410 -8.096880 30.7882
3  3.560300 -7.702760 30.7945
3  4.081060 -7.335230 32.0950
3  5.022720 -6.253060 32.1341
3 -4.925380 -5.536620 30.8200
3 -5.368800 -5.040580 32.1691
3  5.517220 -5.803680 30.8291
3  6.065200 -4.514210 30.8618
3  6.429340 -3.947510 32.2001
3 -6.381170 -3.293690 30.8114
3 -6.157120 -3.906030 32.1460
3  7.089640 -1.965020 30.9747
3  6.980730 -2.623510 32.3171
3 -6.965550 -2.022350 30.8138
3 -7.105680 -1.338350 32.1299
1 -0.516450 -1.221250 31.3817
1 -0.506885 -0.132690 32.2887
1  0.745235 -1.638660 30.8672
1  1.905170 -0.940298 31.1719
3  7.356070 -0.611003 30.9157
3  7.459720  0.007639 32.2931
3 -0.439726 -8.473070 33.4974
3 -1.811750 -8.165620 33.5159
3  1.622560 -8.253880 34.8359
3  0.201774 -8.442410 34.8435
3  2.262740 -8.179040 33.4950
3 -4.015370 -6.544630 33.5067
3  3.568740 -7.651530 33.4774
3  4.101580 -7.338040 34.7452
3  5.061640 -6.320600 34.7578
3 -4.964900 -5.523800 33.5047
3  5.408130 -5.809680 33.4762
3  6.132390 -4.579470 33.4993
3 -6.466920 -3.275060 33.4352
3  7.210630 -2.062480 33.6249
3 -6.891060 -1.952490 33.4839
3  7.456860 -0.676434 33.6429
3 -0.470438 -8.343660 36.1767
3 -1.864950 -8.149990 36.2139
3  2.215890 -8.101810 36.1353
3 -3.961740 -6.525290 36.1853
3 -3.499400 -6.929620 34.8067
3 -2.425300 -7.890890 34.8149
3  3.574400 -7.688450 36.1326
3 -5.401570 -5.049280 34.8193
3 -4.957690 -5.486550 36.1412
3  5.538340 -5.853220 36.0904
3  6.482640 -4.038350 34.7917
3  6.170850 -4.594540 36.1250
3 -6.494210 -3.340370 36.1743
3 -6.263180 -3.901580 34.8124
2 -0.229961 -2.938050 36.0522
2  1.206070 -2.683120 36.1495
3  6.980580 -2.720870 34.8543
3  7.125000 -2.117500 36.2447
3 -6.902620 -1.984470 36.2162
3 -7.125480 -1.406340 34.8295
2 -2.337860 -1.699260 36.5363
2 -1.089490 -1.823950 35.8007
2 -0.560402 -0.444068 35.6345
2  1.768910 -1.381520 35.8977
2  0.871981 -0.276025 35.6637
2  2.804420 -0.893486 36.7909
3  7.550480 -0.044855 34.9399
3  7.419720 -0.703962 36.2341
3 -0.401984 -8.564600 38.8049
3  0.243615 -8.421610 37.5391
3  1.614390 -8.303190 37.4931
3  2.328430 -8.278570 38.8111
3 -3.605200 -7.083010 37.4834
3 -2.437260 -7.909730 37.4997
3 -4.039310 -6.680570 38.8087
3 -1.783460 -8.197060 38.8014
3  3.681470 -7.787150 38.8209
3  4.186650 -7.480860 37.5060
3  5.193410 -6.427360 37.4895
3 -5.369150 -5.129410 37.4841
3 -4.932880 -5.559780 38.8338
2  0.672293 -4.254900 37.7823
3  5.502010 -5.900300 38.8354
3  6.448700 -4.062850 37.5089
3  6.163380 -4.650300 38.8748
3 -6.411640 -3.322400 38.8111
3 -6.228560 -3.950480 37.5290
2 -2.619410 -2.673860 37.5372
2 -0.539640 -3.925200 37.0669
2 -1.771050 -3.797250 37.8162
2  1.699930 -3.469470 37.2417
2  2.787110 -3.037730 38.0137
3  6.947810 -2.719000 37.5541
3  7.069310 -2.056510 38.9035
3 -6.937780 -1.310190 37.5218
3 -6.937970 -1.995450 38.8342
2 -2.610450 -0.284904 36.7146
2  3.353150 -1.736740 37.8195
3  7.304120 -0.028268 37.5586
3  1.611300 -8.381090 40.1302
3  0.249117 -8.664960 40.1148
3 -3.486560 -7.080050 40.1226
3 -2.384460 -7.948760 40.1071
3  4.182690 -7.505070 40.1254
3  5.207160 -6.491830 40.1713
3 -5.180740 -5.003690 40.1384
2 -0.576800 -4.389220 39.9052
2  0.652620 -4.602610 39.1579
2  1.706270 -4.095340 39.9964
3  6.442800 -4.059900 40.2109
3 -6.048870 -3.883980 40.1762
2 -2.687330 -3.143520 39.8544
2 -3.108760 -2.249100 38.7915
2 -1.806540 -4.098810 39.2650
2  2.742230 -3.317050 39.4841
2  3.305860 -2.108190 40.1404
3  6.871000 -2.706330 40.2321
3 -6.944590 -1.323730 40.1865
2 -3.414570 -0.923017 39.0616
2 -3.075580 -0.400799 40.3431
2  3.598340 -1.152400 39.1026
3  7.402330 -0.647596 38.8880
3  7.471570 -0.062712 40.2158
3 -0.372031 -8.694440 41.4529
3  2.275070 -8.267190 41.4638
3 -3.995890 -6.669920 41.4249
3 -2.381020 -8.055540 42.7437
3 -1.789640 -8.258480 41.4195
3  3.640310 -7.790740 41.5274
3 -4.794700 -5.492220 41.4656
3  5.538510 -5.909840 41.5426
3  6.193260 -4.684220 41.5263
3 -6.222170 -3.270590 41.4943
2 -2.337330 -2.584090 41.1325
2 -1.085980 -2.892790 41.7499
2 -0.241457 -3.865300 41.1945
2  1.162550 -3.624210 41.2454
2  1.668540 -2.475070 41.9319
3  7.113420 -2.119650 41.5384
3 -6.774230 -1.922500 41.4961
2 -2.593050 -1.183170 41.4301
2 -1.501710 -0.622565 42.2768
2 -0.556998 -1.749670 42.5010
2  0.798481 -1.507370 42.5658
2  1.320890 -0.185084 42.3695
2  2.752220 -1.707030 41.3390
2  2.551160 -0.296145 41.6402
3  7.427390 -0.756763 41.5419
1  2.859890  3.448310 30.6177
3 -7.232790  0.743047 30.8162
3 -7.328190  0.089054 32.1450
1 -3.152820  1.819140 30.5944
1 -2.600540  0.687876 31.3157
1 -1.032570  2.141940 32.5022
1 -1.576770  0.830616 32.2715
1  0.406331  1.988160 32.8216
1  0.664966  0.607145 32.6543
1  2.861970  1.166800 31.7082
1  1.890690  0.153015 32.1177
3  7.246960  2.002570 30.9517
3  7.417520  1.396900 32.2787
3 -7.140400  2.134820 30.8348
3 -7.044340  2.719110 32.1838
1 -2.647870  3.129740 30.7884
1 -1.612200  3.259140 31.8182
1 -0.616136  4.203330 31.2844
1  1.336990  2.948320 32.3296
1  0.781448  4.040790 31.5140
1  2.654510  2.591540 31.7900
3  6.437290  3.883980 32.2802
3  6.691270  3.340240 30.9183
3 -6.754080  4.116140 32.1584
3 -6.520300  4.699700 30.8235
3 -5.750310  5.893970 30.8527
3  5.396800  5.603180 30.8900
3  5.708180  5.097390 32.2274
3 -5.315120  6.343730 32.2360
3 -4.217820  7.211190 32.2137
3 -3.574260  7.500090 30.8948
3 -2.216500  8.054170 30.8797
3  1.854710  7.736710 30.8801
3  2.468790  7.612390 32.2208
3  3.766300  6.928790 32.2431
3  4.339630  6.538360 30.8814
3 -1.626130  8.107470 32.2280
3 -0.203198  8.163660 32.2594
3  0.472754  8.035930 30.9417
3 -7.321110  0.705373 33.4869
3 -7.290320  0.039732 34.8514
3  7.319210  2.042970 33.5769
3 -7.115720  2.066940 33.5380
3  6.771570  3.370060 33.6249
3 -6.532120  4.650810 33.5645
3 -5.727690  5.828920 33.5340
3  5.358710  5.633390 33.5795
3 -3.585490  7.508860 33.5648
3 -2.257380  7.953940 33.5672
3  1.829400  7.664990 33.5917
3  4.326980  6.633030 33.5662
3  0.403335  7.905480 33.5940
3 -7.289740  0.676577 36.2533
2 -1.510370  0.524510 36.1799
2  1.311160  0.868581 36.3958
3  7.442350  1.387550 34.9128
3  7.258840  2.003390 36.2100
3 -7.060140  2.667830 34.8970
3 -7.128530  2.089460 36.2416
3  6.392640  3.896070 34.9674
3  6.754320  3.348510 36.2830
3 -6.634630  4.069770 34.8807
3 -6.416430  4.648860 36.2161
3 -5.644330  5.874220 36.2375
3  5.693680  5.135910 34.9350
3  5.294870  5.650030 36.2829
3 -5.307530  6.380240 34.9458
3 -4.143970  7.181760 34.9401
3 -3.580320  7.472370 36.2819
3 -2.289100  8.000230 36.2767
3  1.801320  7.716760 36.2893
3  2.410180  7.563630 34.9858
3  3.749360  7.006110 34.9471
3  4.308260  6.667450 36.2919
3 -0.233194  8.033350 34.9669
3 -1.641160  8.030620 34.9636
3  0.418186  8.061170 36.3145
3 -7.173980  0.064001 37.5547
3 -7.263630  0.686078 38.8541
2 -3.076230  0.089917 38.0206
2 -2.509510  1.218910 38.7365
2 -1.020340  1.666760 36.8774
2  0.425098  1.817530 36.9784
2  2.878560  1.026560 38.3246
2  2.509900  0.455229 37.1213
3  7.347070  1.413530 37.6066
3 -7.033220  2.736900 37.5628
3 -7.206640  2.133090 38.8583
2 -1.563770  2.039360 38.1832
2  0.824491  2.418600 38.2257
2  2.030840  2.049390 38.8562
3  6.397250  3.868430 37.6401
3  6.638830  3.334430 38.9750
3 -6.772700  4.093320 37.5398
3 -6.592980  4.729180 38.8713
3  5.606490  5.109130 37.6348
3 -5.237550  6.294020 37.6035
3 -4.094200  7.131320 37.6113
3  2.425710  7.617980 37.6279
3  3.757690  7.004370 37.5942
3 -1.668430  8.174890 37.6283
3 -0.222663  8.150820 37.6520
3 -7.186720  0.063297 40.1752
2 -2.580710  0.945997 40.1186
2  1.908330  1.703610 40.2811
2  2.781610  0.596566 40.6075
2  3.388410  0.198857 39.3630
3  7.176120  2.004950 38.9358
3  7.355220  1.344550 40.2367
3 -7.236680  2.801690 40.1894
2 -0.396389  2.513840 38.9963
2 -0.462722  2.234230 40.4016
3  6.338240  3.908600 40.2833
3 -6.892920  4.128870 40.1741
3 -5.769220  5.906000 38.9102
3  5.271680  5.675050 38.9497
3  5.608780  5.172420 40.2637
3 -5.355970  6.352790 40.2239
3 -4.154820  7.125710 40.2819
3 -3.590930  7.463910 38.9927
3  1.795730  7.725170 39.0086
3  4.279270  6.616610 38.9643
3  2.398120  7.556420 40.2914
3  3.692990  6.953440 40.2905
3 -2.310290  8.124990 38.9971
3 -1.644130  8.121370 40.2875
3 -0.252144  8.140270 40.2659
3  0.382064  8.007380 38.9770
3 -7.220780  0.731983 41.5227
2 -1.520170  1.430270 40.9196
2 -1.008320  0.681752 42.0345
2  0.773641  1.892410 41.1035
2  0.425857  0.846361 42.0841
3  7.002590  1.908980 41.5689
3 -7.196510  2.161850 41.4886
3  6.551840  3.262490 41.6032
3 -6.727360  4.769820 41.5957
3 -5.897250  5.908270 41.5404
3  5.204940  5.635120 41.5878
3 -3.666090  7.442100 41.6001
3 -2.324250  7.886860 41.6083
3  1.794820  7.756220 41.6116
3  4.183100  6.563950 41.6147
3  0.400633  8.066430 41.6048