299

3  0.233207 -8.808160 42.8100
3  1.626340 -8.549440 42.8310
3 -3.463610 -7.122840 42.7783
3  4.161920 -7.494130 42.8482
3  5.248050 -6.534470 42.8869
3 -5.153090 -4.999650 42.8218
3  6.432410 -4.086440 42.8465
3 -5.832320 -3.753570 42.8395
3  6.952510 -2.758410 42.8393
3 -6.908570 -1.270200 42.8344
3  7.465570 -0.090879 42.8420
3 -0.402172 -8.762790 44.1566
3 -1.772780 -8.397880 44.0823
3  2.262830 -8.396510 44.1352
3 -3.790450 -6.595390 44.1439
3  3.604870 -7.864380 44.1480
3 -4.703700 -5.505180 44.1635
3  5.678400 -6.000930 44.1947
3  6.233550 -4.689730 44.1938
3 -6.030330 -3.174760 44.1609
3  7.074390 -2.141200 44.2609
3 -6.669920 -1.882590 44.1725
3  7.510780 -0.785784 44.2663
3 -0.383536 -8.636740 46.7826
3 -1.745010 -8.277340 46.7839
3  0.257837 -8.630970 45.4648
3  1.671300 -8.549880 45.4531
3  2.269690 -8.454340 46.8415
3 -3.772930 -6.623560 46.8328
3 -3.435620 -7.116660 45.4256
3 -2.346860 -8.031720 45.4284
3  3.555950 -7.828630 46.8335
3  4.148960 -7.438990 45.4627
3  5.159950 -6.500860 45.5370
3 -5.000160 -4.940900 45.4340
3 -4.666040 -5.517870 46.8118
3  5.484790 -6.009890 46.8623
3  6.220270 -4.764950 46.8577
3  6.521340 -4.164540 45.5527
3 -5.984970 -3.200020 46.7808
3 -5.748900 -3.746140 45.5021
3  6.976170 -2.830590 45.5512
3  7.176910 -2.245030 46.8550
3 -6.887950 -1.303140 45.5159
3 -6.584550 -1.891890 46.8467
1 -2.501270 -0.514992 46.1749
1 -0.690314 -1.887210 46.6553
1 -1.120930 -0.856939 45.7758
1  1.562350 -0.854917 46.6807
3  7.458100 -0.151841 45.5675
3  7.364230 -0.780788 46.8835
3  0.226004 -8.698470 48.1651
3  1.624850 -8.582360 48.1785
3 -3.384050 -7.123320 48.1183
3 -2.338490 -8.003990 48.1398
3  4.140100 -7.561200 48.1587
3  5.144670 -6.554700 48.1844
3 -4.956880 -4.993660 48.0994
3  6.445600 -4.165630 48.1813
3 -5.659390 -3.707550 48.1400
1 -1.398420 -2.431680 48.9421
1 -1.750500 -2.119720 47.6234
1  0.945018 -2.182660 48.5087
3  6.932010 -2.848230 48.2044
3 -6.836630 -1.298730 48.1633
1 -2.851310 -1.280860 47.3680
1 -3.654040 -0.774414 48.4237
1  0.614720 -1.862110 47.1448
1  2.043800 -1.315830 48.9084
1  2.424100 -0.486115 47.8063
3  7.319660 -0.170516 48.2385
3 -0.458870 -8.731100 49.5215
3 -1.771550 -8.373790 49.5023
3  0.215675 -8.731990 50.8484
3  1.572880 -8.553020 50.7970
3  2.282390 -8.420230 49.4812
3 -3.886200 -6.715700 49.4388
3 -3.460420 -7.114600 50.7962
3 -2.397540 -8.055100 50.8617
3  3.597420 -7.942450 49.4810
3  4.048700 -7.488130 50.8070
3  5.101420 -6.513150 50.8011
3 -4.698310 -5.538130 49.4069
3 -5.116020 -5.088390 50.7709
3  5.427040 -5.966400 49.4758
3  6.163340 -4.787880 49.4807
3  6.471460 -4.261810 50.8250
3 -6.041920 -3.244830 49.4069
3 -5.879760 -3.843770 50.7904
1 -2.218950 -1.896180 50.0342
1 -0.058889 -2.445430 49.4128
1  0.028242 -1.957120 50.7735
3  7.015740 -2.253310 49.4998
3  6.913330 -2.890830 50.8367
3 -6.726240 -1.945830 49.4646
3 -6.914380 -1.394090 50.8191
1 -3.325350 -1.067580 49.7948
1 -3.600510  0.081939 50.5882
1  2.126050 -0.856098 50.2544
3  7.172730 -0.838441 49.5666
3  7.190070 -0.187301 50.8799
3 -0.437024 -8.647280 52.2406
3 -1.828440 -8.405920 52.2074
3  2.207360 -8.428780 52.1332
3 -3.949070 -6.693600 52.1424
3  3.482240 -7.800750 52.1365
3 -4.881840 -5.668700 52.1056
3  5.571890 -6.138530 52.1467
3  6.303930 -4.896130 52.1791
3 -6.249200 -3.390200 52.1713
3  7.114080 -2.313640 52.1891
3 -6.925680 -2.123250 52.1870
1 -1.327140 -1.577880 51.1531
1 -1.613730 -0.471871 51.9807
1  1.089230 -1.158670 51.1618
1  0.798247  0.095962 51.8382
3  7.210650 -0.839666 52.2296
3 -0.473521 -8.717630 54.8438
3 -1.893170 -8.437420 54.8671
3  0.186998 -8.744900 53.5449
3  1.627240 -8.606080 53.5069
3  2.232390 -8.413310 54.8448
3 -4.066980 -6.875850 54.8474
3 -3.518380 -7.221150 53.4543
3 -2.435150 -8.145230 53.5296
3  3.505820 -7.802710 54.8413
3  4.015580 -7.458060 53.4900
3  5.165030 -6.609180 53.4809
3 -5.388520 -5.211290 53.5205
3 -4.972150 -5.712760 54.8679
3  5.466840 -6.047010 54.7809
3  6.258690 -4.888840 54.7911
3  6.539540 -4.302410 53.4859
3 -6.346540 -3.391460 54.8655
3 -6.085760 -3.961440 53.4952
3  7.159020 -2.278300 54.8798
3  6.956850 -2.952850 53.5121
3 -7.176340 -1.473870 53.4903
3 -7.007940 -2.084700 54.8644
3  7.254030 -0.229891 53.5484
3  7.335660 -0.883503 54.8962
3 -7.136620  0.112972 42.8347
3  7.249350  1.304870 42.8895
3 -7.166290  2.747120 42.8850
3  6.313190  3.850350 42.9253
3 -6.823450  4.155870 42.9152
3  5.534530  5.038760 42.8977
3 -5.473290  6.461050 42.9244
3 -4.308060  7.283810 42.8944
3  3.677190  6.941510 42.9389
3 -1.663020  7.920460 42.9371
3 -0.268601  8.106470 42.9360
3 -7.259950  0.761535 44.1843
3  7.078170  1.933030 44.3138
3 -7.291950  2.156600 44.1713
3  6.553650  3.265800 44.2971
3 -6.735800  4.788570 44.2113
3 -5.950200  5.937840 44.2620
3  5.100370  5.507810 44.2867
3 -3.688510  7.485270 44.2564
3  1.746690  7.782370 44.2384
3  2.377410  7.599950 42.9262
3  4.219460  6.602520 44.2695
3 -2.358540  7.815640 44.2455
3  0.383125  8.059110 44.2704
3 -7.227030  0.080258 45.5673
3 -7.345460  0.727989 46.8494
1 -2.905640  0.851116 46.1955
1 -0.268061  0.248397 45.3909
1 -2.000370  1.888690 45.7455
1 -0.679803  1.622470 45.3362
1  1.105860  0.174603 45.8431
1  1.519480  1.591210 46.0647
3  7.176830  1.231960 45.5672
3  7.078630  1.885230 46.8703
3 -7.384970  2.775640 45.5502
3 -7.385860  2.130330 46.8974
1 -2.269720  3.065570 46.5123
1  0.414883  2.471710 45.6773
1  0.134071  3.640620 46.4599
3  6.270770  3.820730 45.6057
3  6.620070  3.203180 46.9020
3 -7.064250  4.202990 45.5840
3 -6.680160  4.671410 46.8659
3 -5.913910  5.878180 46.8717
3  5.413150  4.967640 45.6236
3  5.025640  5.453130 46.9613
3 -5.442490  6.365450 45.5452
3 -4.263900  7.164660 45.5816
3 -3.667840  7.373010 46.9005
3 -2.340830  7.848250 46.9086
3  1.795520  7.821900 46.8947
3  2.372260  7.629610 45.5364
3  3.681980  6.973000 45.5873
3  4.099550  6.554230 46.9434
3 -1.683440  7.912960 45.5791
3 -0.262557  8.127840 45.6364
3  0.370455  8.045380 46.9325
3 -7.212240  0.031029 48.1775
1 -3.754070  1.408770 47.2191
1 -4.060830  0.603331 48.3943
1  2.719620  0.871951 48.0260
3  7.225470  1.226740 48.2461
3 -7.283880  2.767060 48.2143
1 -3.286640  2.772210 47.4494
1 -3.368770  3.301670 48.7266
1 -1.213600  3.881970 46.9109
1  2.097830  3.132370 47.8792
1  2.335200  1.917780 47.1277
3  6.259930  3.746000 48.2294
3 -6.893920  4.137030 48.2450
1 -1.160350  4.437230 48.2408
1  1.060790  3.998190 47.5340
1  0.222880  4.550020 48.6519
3  5.445630  4.866660 48.2560
3 -5.407280  6.262180 48.2363
3 -4.209850  7.023670 48.2046
3  2.379690  7.595570 48.2611
3  3.609130  6.900300 48.2711
3 -1.679950  7.918590 48.1919
3 -0.259267  8.028180 48.2155
3 -7.301130  0.666272 49.5133
3 -7.182580  0.011770 50.8509
1 -4.100690  1.136370 49.7519
1  2.563530  0.543895 50.4088
1  2.802490  1.412860 49.3287
3  7.151570  1.858410 49.5264
3  7.243410  1.222860 50.8800
3 -7.450030  2.082020 49.4935
3 -7.450300  2.691900 50.8180
1 -3.748010  2.486000 49.9735
1 -2.190930  4.150030 49.1443
1 -1.848100  3.777640 50.4965
1  1.655910  3.351420 50.3303
1  2.422990  2.828200 49.2738
3  6.314890  3.766200 50.9254
3  6.550430  3.164620 49.5551
3 -6.961170  4.041430 50.8767
3 -6.644580  4.647510 49.5521
3 -5.738740  5.727160 49.5657
1  0.542287  4.223380 50.0275
3  5.110940  5.434470 49.5717
3  5.541840  4.944080 50.9126
3 -5.314770  6.154500 50.8782
3 -4.212900  7.061530 50.8542
3 -3.647090  7.318980 49.5499
3 -2.324390  7.801440 49.5180
3  1.758570  7.649260 49.5657
3  2.257190  7.321560 50.9042
3  3.536640  6.741390 50.9063
3  4.063100  6.339310 49.5855
3 -1.727950  8.054680 50.8511
3 -0.277272  8.081620 50.8496
3  0.378306  7.975850 49.5666
3 -7.383710  0.614682 52.1726
1 -2.361210  1.784430 51.9093
1 -2.756340  0.403947 51.6998
1 -0.913087  1.769330 52.1708
1 -0.464772  0.389862 52.2895
1  1.761080  1.111690 51.4530
3  7.078750  1.822380 52.2050
3 -7.528430  2.027080 52.1790
1 -2.835300  2.833800 51.0550
1 -0.560560  3.857670 51.0141
1 -0.001354  2.816090 51.8687
1  1.326230  2.460760 51.4397
3  6.617660  3.159570 52.2261
3 -6.586360  4.497220 52.1823
3 -5.710030  5.626060 52.1725
3  5.153470  5.507540 52.2155
3 -3.542820  7.211460 52.2044
3 -2.315310  7.827550 52.1900
3  1.715540  7.598410 52.1795
3  4.056950  6.392590 52.2042
3  0.356616  7.932280 52.1803
3 -7.409380  0.546512 54.8427
3 -7.420080 -0.087189 53.4772
3  7.178580  1.171120 53.5358
3  7.069450  1.849930 54.8838
3 -7.475480  1.986190 54.8709
3 -7.402000  2.636720 53.5549
3  6.293420  3.711830 53.5413
3  6.588340  3.149690 54.8910
3 -6.901510  3.955230 53.5143
3 -6.532410  4.491330 54.8272
3 -5.593560  5.543780 54.8133
3  5.609560  4.998070 53.6004
3  5.111450  5.429730 54.8743
3 -5.172490  6.015220 53.4758
3 -4.055170  6.870780 53.4683
3 -3.544020  7.230340 54.8107
3 -2.310720  7.870400 54.8133
3 -1.677340  8.012020 53.4856
3  1.754170  7.612420 54.8302
3  4.123630  6.427460 54.8034
3  2.270640  7.356540 53.5347
3  3.537260  6.691240 53.5477
3 -0.267283  8.073080 53.4996
3  0.428188  8.093230 54.8274