301

3 -1.300990 -8.374240 55.8041
3  0.116277 -8.193980 55.7927
3 -4.930440 -6.564350 55.8620
3 -3.781560 -7.464950 55.8465
3  2.589610 -7.349580 55.7751
3  3.846470 -6.648350 55.7749
3 -6.665260 -4.564640 55.9064
3  5.652890 -4.598530 55.8180
3 -7.115180 -3.156270 55.9324
3  6.259630 -3.315630 55.8043
3 -7.295620 -0.622633 55.9210
2 -0.303790 -0.960215 56.3048
2  1.058780 -0.650413 56.7338
2  1.971490 -1.166910 55.8149
2  3.085840 -0.452277 55.4308
3  7.087560 -0.749292 55.8678
3 -1.333090 -8.290850 58.9915
3  0.152880 -8.133560 58.9595
3 -5.090410 -6.750740 59.0380
3 -5.497960 -6.302750 57.4517
3 -3.837430 -7.669910 59.0021
3 -3.308330 -7.798710 57.4370
3 -1.910100 -8.294360 57.3722
3  0.689531 -8.062700 57.4092
3  2.099930 -7.701450 57.3932
3  2.512610 -7.271600 58.9779
3  3.809100 -6.585580 58.9414
3  4.283540 -6.253770 57.3560
3 -6.703010 -4.589010 59.0592
3 -6.321540 -5.065920 57.4967
3  5.268710 -5.148720 57.4087
3  5.570110 -4.605500 58.9711
3 -7.103550 -3.199190 59.0751
3 -7.225360 -2.626530 57.5062
3  6.221050 -3.267350 58.9408
3  6.519740 -2.742430 57.3364
3 -7.294570 -1.173600 57.5348
3 -7.315820 -0.598610 59.0184
3  7.047760 -1.379420 57.3049
3  7.093390 -0.822449 58.8932
3 -1.850270 -8.254700 60.5883
3 -5.504520 -6.281960 60.6252
3 -3.357730 -7.939140 60.6024
3  0.695380 -8.075180 60.5751
3  2.076990 -7.610100 60.5373
3  4.282790 -6.196180 60.5405
3 -6.291390 -5.050890 60.6642
3  5.185500 -5.000750 60.5018
3 -7.120920 -2.604370 60.6358
1 -2.581730 -3.330410 60.7100
1 -1.251210 -3.836860 60.4000
1 -0.324519 -3.058020 59.7813
1  1.061170 -2.999570 60.2106
3  6.422020 -2.783350 60.5146
3 -7.286780 -1.174190 60.6102
1 -3.718400 -1.277520 61.2627
1 -2.948110 -2.071180 60.3102
1 -2.027800 -1.174810 59.6434
1 -0.744265 -1.650550 59.4427
1  0.425400 -0.789963 59.6739
1  1.483120 -1.625320 60.1573
3  6.912920 -1.355870 60.5032
3 -1.289070 -8.284950 62.1154
3 -5.140170 -6.799810 62.1294
3 -3.941860 -7.698990 62.1534
3  0.120002 -8.207220 62.1378
3  2.589660 -7.229620 62.1020
3  3.979950 -6.598550 62.1397
3 -6.565210 -4.538590 62.1496
1 -1.964010 -4.705210 62.4717
1 -0.859933 -4.713890 61.4981
1  0.453507 -4.681060 61.9095
3  5.534070 -4.586110 62.1031
3 -6.982970 -3.226670 62.1950
1 -3.067550 -3.926500 61.9362
1 -3.832920 -3.181070 62.8581
1  1.419500 -3.868950 61.2997
1  2.237600 -3.282240 62.2987
3  6.125310 -3.254350 62.1253
3 -7.299020 -0.536968 62.2027
1 -4.158100 -1.814860 62.5021
1  2.369290 -1.098140 61.1167
1  2.744970 -1.959520 62.2466
3  6.915160 -0.854099 62.1407
3 -5.458210 -6.294260 63.7209
3 -1.862430 -8.287170 63.7282
3 -3.343530 -7.911700 63.7347
3  0.715936 -8.100980 63.7141
3  2.145400 -7.647450 63.6913
3  4.415530 -6.248290 63.7015
3 -6.305380 -5.108350 63.7123
1 -2.434790 -3.948060 64.7272
1 -1.661800 -4.701040 63.8241
1 -0.288292 -4.746080 64.2918
1  0.796415 -4.709840 63.3958
3  5.314020 -5.113880 63.7093
3 -7.106340 -2.602690 63.7670
1 -3.572220 -3.196480 64.2774
1 -3.779910 -1.862000 64.7830
1  1.945320 -3.096360 64.7795
1  1.925120 -3.856700 63.5478
3  6.215640 -2.661470 63.7391
3 -7.321000 -1.208450 63.7933
1 -4.177290 -1.041690 63.6940
1  2.795760 -1.193750 63.4641
1  2.376120 -1.696640 64.6695
3  6.765300 -1.308470 63.7601
3 -1.266450 -8.369320 65.3067
3 -1.909260 -8.477440 66.8976
3 -4.985600 -6.705920 65.3035
3 -5.358830 -6.291120 66.9300
3 -3.891100 -7.746180 65.3397
3 -3.315420 -8.006060 66.9308
3  0.152658 -8.349080 65.2957
3  0.762568 -8.213640 66.8873
3  2.141880 -7.660650 66.8465
3  2.665350 -7.376980 65.2961
3  3.905150 -6.604650 65.2811
3  4.367230 -6.244430 66.8753
3 -6.463580 -4.634470 65.3515
3 -6.162910 -5.084180 66.9852
3  5.606020 -4.592140 65.2485
3  5.323690 -5.143870 66.8551
3 -6.946190 -3.217150 65.3449
3 -7.039800 -2.609040 66.9143
1 -1.768070 -2.207640 66.2240
1 -0.216536 -3.924740 65.4705
1 -1.574980 -3.447260 65.7671
1  0.868147 -3.092400 65.7090
3  6.060410 -3.192380 65.2489
3  6.258030 -2.644820 66.8609
3 -7.338170 -0.522979 65.3274
3 -7.255680 -1.172180 66.9011
1 -2.870250 -1.404940 65.7301
1 -2.429070  0.011320 65.7208
1 -1.012000 -0.008846 66.2173
1 -0.649698 -1.365040 66.4727
1  0.690495 -1.753940 66.2987
1  1.621170 -0.889916 65.5570
3  6.984160 -0.765531 65.3624
3  6.722250 -1.303300 66.8809
3 -1.278820 -8.365420 68.4720
3 -4.908090 -6.742770 68.5116
3 -3.779970 -7.670570 68.5286
3  0.213226 -8.313580 68.4779
3  2.715630 -7.485910 68.4540
3  3.906700 -6.630090 68.4609
3 -6.397580 -4.534280 68.5500
3  5.498210 -4.520950 68.4334
3 -6.927450 -3.132780 68.5220
3  6.076920 -3.203620 68.4524
3 -7.103000 -0.594709 68.4937
3  7.000850 -0.694374 68.4359
2  0.980471 -0.431828 69.6802
3 -7.102120  0.889733 55.9259
2 -2.415020  0.142954 55.2645
2 -1.119870  1.303550 56.8553
2 -1.366740 -0.004650 56.3208
2  1.237760  0.678269 57.1192
2  3.361100  0.883252 55.9164
2  2.405180  1.423940 56.7627
3  7.438440  0.693107 55.8639
3 -6.243570  3.328120 55.9454
2 -1.980340  2.262280 56.1358
2 -1.431170  3.545920 55.9349
2 -0.103700  3.787030 56.2893
2  0.656860  2.934850 57.0772
2  2.722370  3.604470 55.7935
2  2.080330  2.815510 56.7277
3  7.196270  3.337450 55.8632
3 -5.562580  4.616860 55.8911
2  0.523485  4.538300 55.2754
3  6.804990  4.751960 55.8225
3 -3.703880  6.518560 55.8314
3 -2.550260  7.357020 55.8569
3  3.940490  7.561560 55.8775
3  5.250730  6.844700 55.8679
3 -0.067484  8.177010 55.8605
3  1.421780  8.237840 55.8480
3 -7.183210  0.884744 59.0710
3 -7.026550  1.459790 57.4981
2  0.165494  1.620310 57.2329
3  7.373770  1.259590 57.4326
3  7.343940  0.662509 58.9754
3 -6.460700  2.762410 57.4599
3 -6.298780  3.340990 59.0184
3  7.174600  2.735420 57.4069
3  7.126010  3.304050 59.0225
3 -5.481630  4.544290 59.0396
3 -5.137280  5.050590 57.4443
3  6.517820  5.282550 57.4297
3  6.691390  4.698160 59.0134
3 -4.262380  6.245570 57.4119
3 -3.728600  6.567260 59.0014
3 -2.530040  7.389760 58.9973
3 -1.999180  7.605630 57.4259
3  3.426110  7.822450 57.4493
3  3.931030  7.519780 59.0439
3  5.612170  6.445770 57.4573
3  5.199490  6.824770 59.0874
3 -0.603975  8.016020 57.4177
3 -0.023262  8.211700 59.0137
3  1.439330  8.237050 59.0243
3  2.016590  8.074310 57.4172
3 -7.087000  1.466510 60.6787
1 -2.224170  0.164186 60.2111
1 -1.149180  1.032510 60.4863
1  0.187948  0.512007 60.2162
3  7.184070  1.239660 60.5750
3 -6.568420  2.865290 60.6276
3  7.066660  2.667650 60.5748
3 -5.137780  5.037000 60.5792
3  6.388410  5.144470 60.6115
3 -4.148250  6.133480 60.6073
3 -1.988430  7.581960 60.6158
3  3.292980  7.697960 60.6005
3  5.496800  6.313740 60.6849
3 -0.590793  8.087500 60.6223
3  2.003600  8.239750 60.6193
3 -7.138580  0.910039 62.2086
1 -3.254000  0.819786 62.3807
1 -2.134930  1.680230 62.5963
1 -3.251350  0.093320 61.1797
1 -1.083150  1.778900 61.7260
1  1.041020  1.001690 61.2193
1  0.288235  1.741070 62.1864
1  2.140640  0.224352 61.6487
3  7.281290  0.637339 62.1588
3 -6.276200  3.401940 62.1523
3  7.078670  3.217990 62.2003
3 -5.537100  4.685110 62.1848
3  6.537170  4.600430 62.1830
3 -3.652120  6.475960 62.2027
3 -2.506640  7.405940 62.1840
3  3.838000  7.512780 62.2045
3  5.063180  6.735220 62.1924
3 -0.082606  8.325200 62.1640
3  1.390970  8.284290 62.1540
3 -6.959540  1.506190 63.7999
1 -1.880460  1.696200 64.0492
1 -2.759660  0.755283 64.5967
1 -3.653140  0.268326 63.6144
1 -0.446886  1.697240 64.4694
1  0.599260  1.776790 63.5080
1  1.714050  1.002310 63.9604
1  2.476610  0.202368 63.0939
3  7.226100  1.214540 63.7605
3 -6.559830  2.915320 63.7730
3  7.108370  2.639190 63.7317
3 -5.085600  4.985620 63.7954
3  6.415410  5.216980 63.7660
3 -4.135840  6.109180 63.7637
3 -2.046600  7.672220 63.7817
3  3.281400  7.820190 63.8103
3  5.418250  6.265030 63.8130
3 -0.696526  8.280310 63.7448
3  1.914100  8.220880 63.7461
3 -7.127830  0.885512 65.3002
3 -6.945390  1.465530 66.8945
1 -0.042120  0.854411 65.6073
1  1.347980  0.458543 65.2842
3  7.236040  0.645725 65.3615
3  7.366060  1.289720 66.8823
3 -6.693360  2.920010 66.9251
3 -6.334140  3.471190 65.3799
3  7.205430  3.259940 65.2865
3  7.277410  2.738440 66.9132
3 -5.494940  4.673370 65.3984
3 -5.092780  5.099810 66.9156
3  6.778720  4.682440 65.3391
3  6.447100  5.163970 66.9003
3 -4.156160  6.191330 66.9117
3 -3.733630  6.501840 65.3528
3 -2.616780  7.470820 65.3119
3 -2.067240  7.752240 66.8960
3  3.354570  7.876540 66.9133
3  3.913220  7.551890 65.3631
3  5.049290  6.658020 65.3095
3  5.429760  6.238110 66.8723
3 -0.703097  8.225140 66.9331
3 -0.159399  8.491320 65.3691
3  1.320690  8.421280 65.3176
3  1.970680  8.266560 66.9080
3 -6.978060  0.880413 68.5108
2  1.441640  0.781467 69.1361
2  0.358960  1.670030 68.9711
3  7.237960  0.688083 68.4267
3 -6.332280  3.449920 68.5133
3  7.199130  3.328460 68.4941
3 -5.475720  4.664750 68.4700
3  6.740280  4.716840 68.5294
3 -3.745880  6.613510 68.4585
3 -2.530470  7.501170 68.5051
3  3.917470  7.547770 68.4708
3  4.998590  6.598560 68.4171
3 -0.079297  8.381550 68.5311
3  1.343980  8.366890 68.4989
2 -0.836218  0.970800 69.4244
2  2.694170  1.209940 69.5596
2  0.488507  3.063820 69.3354
2  1.814670  3.544260 69.7633