295

3 -2.338820 -6.533950 69.3283
3  0.118336 -7.532850 69.2677
3  1.543490 -7.671150 69.2584
3  4.196530 -7.144880 69.2721
3  5.484490 -6.422140 69.2361
3 -3.621830 -5.809850 69.3234
3  7.278200 -4.537530 69.2946
3 -5.766270 -4.166220 69.2716
3 -6.775800 -3.164660 69.3364
3  7.969770 -3.312900 69.3452
3 -7.737280 -0.778156 69.3833
1 -3.463460 -1.134730 68.8267
1 -1.365070 -2.440950 68.5898
1 -2.168720 -1.586220 69.3338
1  0.077199 -2.321990 68.6666
3  8.310020 -0.617370 69.3539
3 -1.841000 -6.964540 70.7784
3 -0.495426 -7.387470 70.7595
3  2.238330 -7.676720 70.7873
3  3.631480 -7.355870 70.7732
3 -5.247520 -4.528990 70.7129
3 -4.187000 -5.559970 70.7176
3  6.034040 -6.158910 70.6912
3  6.930210 -5.053240 70.7298
3 -7.029280 -2.706060 70.8595
3  8.176720 -2.734880 70.8032
3 -7.480760 -1.364170 70.8308
1  0.622989 -1.344920 69.5257
3  8.333720 -1.313600 70.8175
3 -2.389380 -6.731680 72.1934
3 -1.800080 -6.945560 73.6912
3  0.168576 -7.600790 72.2624
3 -0.465856 -7.494650 73.6592
3  1.577830 -7.796120 72.2053
3  2.169810 -7.802930 73.7273
3  3.568910 -7.442260 73.6718
3  4.148720 -7.087000 72.1931
3  5.427810 -6.516500 72.1733
3 -5.152790 -4.580550 73.7133
3 -3.574780 -5.828220 72.2394
3 -4.004680 -5.474390 73.7691
3  5.919000 -6.133630 73.6758
3  6.844540 -5.019850 73.6781
3  7.310580 -4.618820 72.2450
3 -5.682030 -4.227130 72.2651
3 -6.798280 -3.256240 72.3223
3 -7.053970 -2.696320 73.7513
2  1.291720 -3.671770 74.5293
2  1.209190 -2.624690 73.5156
3  7.893800 -3.280880 72.2241
3  8.196260 -2.714940 73.6481
3 -7.795670 -0.807408 72.2528
3 -7.585130 -1.402620 73.7274
2 -0.173370 -1.987420 73.6306
2 -0.292456 -0.585889 73.6465
2  2.292140 -1.825860 73.3568
2  3.528920 -2.101730 73.9557
3  8.353790 -1.265050 73.6472
3  8.385940 -0.663018 72.1824
3 -2.342990 -6.572750 75.1649
3  0.161933 -7.594140 75.1684
3  1.533390 -7.749360 75.1776
3  4.215580 -7.337860 75.1775
3  5.396540 -6.499630 75.1803
3 -3.529130 -5.737640 75.1356
2  2.463950 -4.135120 76.5643
3  7.322600 -4.624350 75.1170
3 -5.634620 -4.176580 75.1925
3 -6.725380 -3.147370 75.1525
2  0.003486 -3.753850 75.2106
2 -0.876605 -2.675020 74.7243
2  0.060677 -4.139190 76.6158
2  2.493990 -3.905700 75.1883
2  3.632320 -3.124570 74.8432
2  4.455370 -2.993290 76.0792
3  7.984580 -3.321320 75.1395
3 -7.828990 -0.802982 75.1714
2 -1.692340 -1.993700 75.6183
2 -1.813570 -0.579135 75.4592
2  4.866520 -0.663468 75.4492
2  4.154650 -0.780919 74.2715
3  8.261750 -0.633928 75.1252
3 -1.802970 -6.835770 76.6280
3 -2.327420 -6.598760 78.1600
3 -0.502344 -7.418750 76.6175
3  0.155036 -7.458420 78.1175
3  2.189040 -7.630700 76.6692
3  1.578660 -7.641380 78.1184
3  3.596250 -7.427170 76.6570
3  4.239990 -7.282800 78.1286
3  5.383240 -6.425470 78.1047
3 -5.304930 -4.652290 76.6738
3 -4.087260 -5.491030 76.6092
3 -3.574310 -5.837210 78.1297
2  1.325370 -4.459360 77.2944
3  5.874330 -6.066930 76.5970
3  6.912590 -5.093220 76.5569
3  7.256270 -4.513350 78.0532
3 -7.021770 -2.699760 76.6788
3 -6.694800 -3.206150 78.1272
3 -5.775830 -4.307100 78.1313
2 -1.729190 -2.396260 77.0291
2 -0.765723 -3.353440 77.5031
2  1.186840 -3.849720 78.6536
2 -0.093437 -3.228650 78.7401
2  3.700260 -3.723650 77.1248
2  3.614490 -3.217490 78.4927
3  7.994650 -3.279420 77.9867
3  8.131230 -2.666260 76.5697
3 -7.596310 -1.382190 76.6458
3 -7.808150 -0.734369 78.0376
2 -1.907840 -1.173180 77.7739
2  4.917010 -1.725280 76.4048
2  4.934250 -1.171300 77.7236
2  4.825940  0.280017 77.6391
3  8.347310 -1.226570 76.5458
3  8.450540 -0.661748 78.0346
3 -1.835960 -6.858960 79.5719
3 -0.541076 -7.394380 79.5472
3  2.167920 -7.620390 79.5462
3  3.601400 -7.385600 79.5822
3 -5.325990 -4.767730 79.5690
3 -4.079100 -5.509140 79.5553
3  5.924180 -6.033510 79.5313
3  7.000520 -5.117170 79.4686
3 -6.943820 -2.630930 79.5136
2 -0.335632 -2.044810 79.4374
2  2.379740 -3.301910 79.2243
2  2.131210 -1.984450 79.8465
2  4.187820 -1.906820 78.6646
3  8.284790 -2.738850 79.4405
3 -7.638870 -1.292120 79.4885
2 -1.229880 -1.042150 79.0250
2  0.849959 -1.385520 79.9539
2  0.713619  0.031436 79.8087
2  3.301320 -1.143130 79.5082
2  3.133590  0.199309 79.4782
3  8.421000 -1.332090 79.4784
3 -2.472400 -6.691460 81.0343
3  0.103950 -7.501390 81.0201
3  1.525340 -7.696090 81.0334
3  4.160030 -7.138480 80.9852
3  5.356530 -6.391740 80.9279
3 -3.655360 -5.924350 81.0289
3  7.363400 -4.588590 80.9529
3 -5.888100 -4.432980 81.0870
3 -6.765650 -3.212480 81.0477
3  8.142200 -3.303850 80.9365
3 -7.767020 -0.746501 80.9696
3  8.462610 -0.706345 80.9932
3 -8.103140  0.672253 69.3741
1 -3.772330  0.197108 69.3402
1  1.837040 -0.557421 69.0900
1  1.573350  0.882317 69.5076
3  7.933590  0.762083 69.2928
3 -7.608870  3.229910 69.3289
1 -2.530800  2.841500 69.2596
1 -1.973710  1.812470 70.1622
1  0.965907  3.065630 68.5347
1 -0.226566  3.070270 69.2981
1  1.820470  1.954090 68.6188
3  6.756410  3.083170 69.2163
3 -7.003580  4.556450 69.3321
1 -1.404710  3.592850 68.7233
3  3.919730  5.887510 69.3173
3  5.971710  4.281270 69.2154
3 -5.107320  6.307890 69.3407
3 -3.830600  7.010150 69.3246
3 -1.270100  7.647560 69.2511
3  0.135321  7.491520 69.2622
3  2.696090  6.653460 69.3049
3 -8.018720  1.289190 70.8182
1 -2.574350  0.547931 70.1682
1 -1.616800 -0.509224 70.0484
1 -0.272428 -0.385297 70.1422
1  0.295723  0.898368 70.1779
3  7.711190  1.260170 70.7022
3 -7.830510  2.708220 70.8149
1 -0.524655  2.027890 70.2142
3  7.086000  2.558600 70.7390
3 -6.595920  5.017350 70.7243
3 -5.604130  6.012440 70.7363
3  4.468520  5.623060 70.7276
3  5.607280  4.785900 70.7671
3 -3.253970  7.289540 70.7567
3 -1.852230  7.700900 70.7104
3  0.729470  7.311860 70.7071
3  2.098960  6.859880 70.7885
3 -8.052600  1.261040 73.6995
3 -8.079360  0.623696 72.2687
2  2.107790 -0.380050 73.2468
2  0.856535  0.247241 73.3400
2  3.272320  0.261170 73.8282
3  7.824200  1.393410 73.6500
3  7.977850  0.739353 72.1197
3 -7.944060  2.702530 73.7223
3 -7.726930  3.315300 72.2055
3  6.679540  3.095990 72.1919
3  7.107170  2.603650 73.6817
3 -6.965290  4.556320 72.1754
3 -6.607710  5.105650 73.5959
3 -5.591700  6.065410 73.6409
3  3.966720  6.010730 72.1772
3  4.412970  5.645930 73.6656
3  5.955590  4.293970 72.1965
3  5.609100  4.797820 73.6452
3 -5.116400  6.413230 72.2119
3 -3.838870  7.088530 72.2236
3 -3.276360  7.277740 73.6471
3 -1.896130  7.757900 73.6791
3 -1.202060  7.673740 72.1738
3  0.192625  7.429900 72.2163
3  0.792773  7.349430 73.6998
3  2.115390  6.774910 73.6863
3  2.636870  6.646230 72.1998
3 -8.144950  0.612055 75.1295
2 -1.163780  0.124667 74.4737
2 -0.562340  1.391180 74.8355
2  0.747241  1.430690 74.0899
2  3.150360  1.484730 74.4795
2  3.881970  1.627770 75.7710
3  7.986680  0.744621 75.1247
3 -7.786090  3.269800 75.0924
2  1.892620  2.131570 74.6223
3  6.778510  3.062790 75.1594
3 -7.021690  4.541250 75.0934
3  3.958280  5.921650 75.1194
3  5.970950  4.245250 75.2110
3 -5.082050  6.375790 75.1164
3 -3.835070  7.101440 75.1219
3 -1.265270  7.735070 75.1503
3  0.182021  7.484420 75.1668
3  2.706060  6.632710 75.1387
3 -8.272190  1.259610 76.5761
3 -8.116000  0.667825 78.0560
2 -1.928070 -0.041507 76.8256
2 -1.336120  1.208280 77.0927
2  4.744090  0.565650 76.1828
3  7.929420  1.300300 76.6139
3  8.102280  0.751859 78.0980
3 -7.944100  2.658800 76.6605
3 -7.664160  3.233320 78.0642
2 -0.662014  1.961900 76.0921
2  0.551042  2.479540 76.7007
2  1.777330  2.635090 75.9845
2  3.059910  2.372600 76.6683
3  6.716520  3.000400 78.1350
3  7.081450  2.484190 76.6314
3 -6.682660  5.013080 76.6138
3 -7.046770  4.558770 78.0289
3 -5.600080  6.029780 76.6392
3  4.466300  5.583880 76.6458
3  3.954900  5.946220 78.0953
3  5.990860  4.218230 78.1160
3  5.671350  4.692110 76.7212
3 -5.096810  6.431160 78.0070
3 -3.220820  7.278420 76.5726
3 -3.877200  7.170630 77.9901
3 -1.845440  7.679240 76.6102
3 -1.211860  7.717220 78.0386
3  0.791652  7.260210 76.5702
3  0.196081  7.630450 78.0417
3  2.186820  6.790030 76.5984
3  2.694310  6.520870 78.0050
3 -8.042260  1.311330 79.5057
2  0.522701  2.081600 78.0888
2 -0.645161  1.347030 78.3129
2 -0.575602  0.283790 79.2485
2  1.749150  1.917230 78.6656
2  1.826050  0.811732 79.6235
2  3.894760  0.952547 78.5231
2  3.059340  2.030610 78.0142
3  7.880810  1.313600 79.5564
3 -7.865900  2.667330 79.5414
3  7.167340  2.508670 79.5604
3 -6.628270  5.042950 79.4570
3 -5.607930  6.062430 79.4943
3  4.370880  5.466090 79.5795
3  5.508840  4.618440 79.5600
3 -3.311240  7.437130 79.5311
3 -1.847000  7.589860 79.5289
3  0.867238  7.458320 79.4396
3  2.116650  6.811700 79.4284
3 -8.085120  0.617447 81.0150
3  8.179730  0.743912 80.9693
3 -7.621160  3.300340 80.9604
3  6.839510  3.003930 80.9877
3 -7.044770  4.580410 80.9214
3  3.903340  5.832180 81.0109
3  5.927970  4.166520 80.9822
3 -5.114420  6.525220 80.9471
3 -3.857300  7.222120 80.9554
3 -1.197270  7.659600 80.8549
3  0.200941  7.424440 80.8556
3  2.664390  6.561090 80.9767