276

3 -3.730250 -5.976650  2.33529
3 -2.544220 -6.715690  2.30671
3 -0.006289 -7.730580  2.37039
3  1.377950 -8.036270  2.34734
3  4.129960 -7.654890  2.36821
3  5.323240 -6.809060  2.44906
3 -5.846760 -4.217930  2.32501
3  7.144040 -4.846550  2.43773
3 -6.668230 -3.037210  2.37803
3  7.684230 -3.521680  2.38431
3 -7.949460 -0.789257  2.32087
3  8.023700 -0.908071  2.42136
3 -1.896850 -6.823650  3.83756
3 -0.571908 -7.433090  3.76643
3  2.086350 -8.041760  3.83017
3  3.530800 -7.902430  3.88541
3  5.882490 -6.472360  3.94241
3 -5.424070 -4.742750  3.75026
3 -4.284030 -5.606210  3.76118
3  6.800150 -5.375750  3.96742
3 -6.986800 -2.588050  3.83265
3  7.875170 -2.950790  3.84862
3 -7.660470 -1.335960  3.81744
3  7.987410 -1.529030  3.87360
3 -3.610430 -5.807130  5.28323
3 -2.430120 -6.627850  5.27851
3 -1.854190 -6.908930  6.72631
3 -0.514269 -7.489680  6.71041
3  0.100653 -7.646930  5.27490
3  1.502860 -7.909590  5.27792
3  2.097240 -7.866600  6.79201
3  3.543600 -7.825460  6.82800
3  4.101070 -7.578770  5.32570
3  5.370240 -6.886620  5.34271
3  5.806600 -6.458730  6.82982
3 -5.265390 -4.616450  6.75544
3 -5.827610 -4.271080  5.22918
3 -4.122990 -5.505210  6.77476
3  6.788870 -5.352130  6.78947
3  7.084790 -4.854150  5.36092
3 -6.745970 -3.155320  5.24087
3 -7.007530 -2.579800  6.71059
3  7.661900 -3.581720  5.32359
3  7.925660 -2.950690  6.73554
3 -7.815040 -0.722989  5.24977
3 -7.621790 -1.289320  6.71521
1 -2.646520 -0.773934  6.54133
1 -1.327680 -1.258960  6.63855
3  7.960970 -0.928229  5.30827
3  8.090170 -1.512110  6.76404
3 -2.440970 -6.675420  8.20953
3  0.078216 -7.650050  8.20267
3  1.511320 -7.846410  8.20354
3  4.142200 -7.682740  8.25143
3  5.381340 -6.954960  8.31609
3 -5.671180 -4.204150  8.15940
3 -3.625960 -5.846530  8.22624
3  7.152090 -4.892570  8.20553
3 -6.730930 -3.146970  8.15695
1 -1.756700 -2.632320  8.64237
3  7.812290 -3.603950  8.21431
3 -7.742950 -0.686459  8.12850
1 -3.497370 -1.212200  7.58433
1 -3.098660 -2.187220  8.59298
1 -0.897245 -2.156680  7.61615
1  0.443776 -1.977140  8.17951
1  1.258740 -0.901574  7.83002
3  7.911520 -0.852182  8.22331
3 -1.887190 -6.976320  9.62705
3 -2.387200 -6.695180 11.11770
3 -0.577331 -7.474100  9.64421
3  0.038350 -7.618820 11.16910
3  2.069760 -7.876440  9.68058
3  1.473240 -7.856150 11.08380
3  3.514490 -7.775010  9.65094
3  4.126440 -7.523040 11.15250
3  5.312060 -6.841940 11.12600
3  5.753940 -6.470450  9.69388
3 -5.286900 -4.572300  9.65380
3 -5.699510 -4.130280 11.12310
3 -4.163510 -5.546910  9.71293
3 -3.602640 -5.905980 11.18530
3  6.666890 -5.336450  9.68871
3  7.159220 -4.901700 11.14370
3 -6.976760 -2.537160  9.63586
3 -6.754630 -3.098430 11.10340
1 -1.009090 -2.684790  9.88627
1 -1.613590 -2.321010 11.11780
1  0.371605 -2.274510  9.66417
3  7.880150 -2.957940  9.60779
3  7.601440 -3.543240 11.11520
3 -7.859420 -0.644062 11.03790
3 -7.646010 -1.235770  9.63591
1 -3.702040 -1.783760  9.88873
1 -2.967240 -1.861840 11.11370
1 -4.403970 -0.559081  9.61002
1  1.065730 -1.519600 10.57060
1  2.055380 -0.102480  8.77846
1  1.946400 -0.435014 10.17970
3  8.069260 -1.521590  9.63336
3  7.958340 -0.893247 11.07760
3 -1.888010 -7.042660 12.63730
3 -0.552434 -7.583830 12.65810
3  2.091700 -7.966190 12.54600
3  3.536610 -7.799370 12.57500
3  5.773010 -6.399300 12.57340
3 -5.131110 -4.519630 12.63470
3 -4.164260 -5.627650 12.54940
3  6.803560 -5.412210 12.52810
3 -6.942960 -2.465720 12.53840
3  7.845590 -2.949690 12.51890
3 -7.643690 -1.224630 12.54370
1 -3.122590 -0.829127 12.11090
1 -0.851670 -1.551050 12.13550
1 -1.804310 -0.602898 12.75810
1  0.490287 -1.176090 11.83900
3  8.021600 -1.563020 12.56000
3 -2.410130 -6.652400 14.02320
3  0.034938 -7.784800 14.04540
3  1.497510 -8.019700 14.02150
3  4.119760 -7.483260 14.02380
3  5.383520 -6.794610 14.02270
3 -5.584570 -4.100470 14.02020
3 -3.643760 -5.941990 13.97710
3  7.217360 -4.897990 13.96770
3 -6.553160 -2.992590 14.01410
3  7.800640 -3.562390 13.97000
3 -7.777530 -0.528067 13.96220
3  8.124230 -0.860305 14.02490
3 -8.259230  0.642205  2.30361
3  7.683370  0.559868  2.46894
3 -7.884370  3.266980  2.36112
3  6.470730  3.031560  2.41822
3  5.647230  4.147340  2.46910
3 -7.231810  4.537380  2.33778
3  3.654820  5.947830  2.47248
3 -5.498020  6.493140  2.37611
3 -4.250480  7.186490  2.36698
3 -1.535810  7.652740  2.36431
3 -0.106227  7.598850  2.39060
3  2.401880  6.619460  2.44716
3 -8.270780  1.277230  3.84201
3  7.430590  1.132820  3.87174
3 -8.119290  2.687990  3.82615
3  6.821980  2.440640  3.87755
3 -6.952760  5.101130  3.81825
3 -6.015010  6.192390  3.81123
3  4.149840  5.525850  3.90721
3  5.227390  4.603780  3.92483
3 -3.576500  7.305740  3.78689
3 -2.165590  7.576410  3.77538
3  0.505350  7.461210  3.77427
3  1.779620  6.836970  3.81672
3 -8.222110  1.296050  6.67242
3 -8.213330  0.670225  5.23288
1 -3.450550  1.549740  6.75318
1 -2.633440  0.606650  6.12075
1 -1.286190  0.989061  5.83282
1 -0.378917 -0.214988  6.15508
3  7.384830  1.109400  6.83301
3  7.609610  0.472028  5.34254
3 -8.015410  2.770220  6.63461
3 -8.027180  3.343910  5.22523
1 -0.774212  2.215140  6.25051
3  6.694810  2.391210  6.82337
3  6.318870  2.861450  5.37282
3  5.506340  4.048720  5.42613
3 -7.309870  4.599560  5.20266
3 -6.958440  5.143140  6.65348
3 -5.930210  6.101670  6.61254
3  4.077150  5.555650  6.77791
3  3.595530  5.868510  5.34228
3  5.117050  4.593800  6.79867
3 -5.455400  6.516590  5.16638
3 -4.140290  7.157840  5.20254
3 -3.586790  7.348110  6.65805
3 -2.176050  7.740930  6.65523
3 -1.579680  7.706470  5.26318
3 -0.138513  7.584320  5.26352
3  0.433027  7.470040  6.76724
3  1.759900  6.952470  6.80355
3  2.383810  6.747860  5.29401
3 -8.165830  0.701151  8.08496
1 -4.376110 -0.206860  8.22513
1 -4.344570  1.129360  7.82298
1  0.902067 -0.015403  6.68021
1  1.296710  1.353790  7.09329
1  2.079450  1.244850  8.34306
3  7.528140  0.503575  8.22892
3 -7.806570  3.359850  8.03412
1 -4.527720  2.224930  8.74188
1 -3.717230  3.326080  8.24682
1 -3.047850  2.939660  7.03538
1 -1.695520  3.265430  6.82116
1 -0.948241  4.028230  7.78351
1  0.483527  2.406980  6.85081
1  0.419439  3.498880  7.83796
3  6.337330  2.904110  8.20407
3  5.475650  4.041580  8.19685
3 -7.199740  4.673790  8.09489
3  3.515070  5.894260  8.19816
3 -5.491140  6.581410  8.06661
3 -4.265130  7.277270  8.09415
3 -1.573930  7.744580  8.10494
3 -0.136617  7.570150  8.16514
3  2.365450  6.747980  8.17552
3 -8.156270  1.331930  9.56319
3 -8.139230  0.773096 11.04230
1 -4.658680  0.468326 10.53060
1  1.827350  1.896030 10.70260
3  7.339070  1.083710  9.67578
3  7.584630  0.534692 11.05350
3 -8.105580  2.783950  9.49352
1 -4.696350  1.899600 10.10490
1 -2.939630  4.082640  9.18341
1 -3.013080  3.640220 10.62440
1  0.470391  3.809420 10.27070
1  2.043860  2.297750  9.31347
1  1.173180  3.471300  9.06232
3  6.741600  2.376520  9.63658
3  6.383160  2.895490 11.15120
3  5.502730  4.018000 11.14440
3 -6.956400  5.214140  9.54664
3 -5.962920  6.281570  9.50648
1 -1.553000  4.432300  9.00428
1 -0.805078  4.307290 10.21190
3  4.023470  5.497090  9.63169
3  3.504620  5.875650 11.10480
3  5.068920  4.471760  9.64159
3 -5.506460  6.648910 10.92070
3 -3.581040  7.511280  9.49930
3 -4.280680  7.336650 10.91350
3 -2.190890  7.814480  9.51700
3 -1.638140  7.798820 11.04380
3  0.478357  7.546890  9.62582
3 -0.156416  7.699000 11.05100
3  1.814710  7.008710  9.66064
3  2.332610  6.737570 11.07920
3 -8.192020  1.389200 12.45700
1 -3.887500  0.375322 11.76520
1 -3.359810  1.639960 12.04640
1 -2.185790  1.866590 12.71770
1 -1.307440  0.725078 13.05540
1  0.079095  1.070180 12.79480
1  1.020270  0.118423 12.22200
1  1.853040  0.612712 11.16780
3  7.446060  1.131120 12.58410
3 -7.879530  3.387910 11.00750
3 -8.093630  2.895560 12.40050
1 -3.843960  2.598450 11.08410
1 -1.341140  2.979190 12.33970
1 -1.718490  3.761820 11.20450
1  0.046320  2.506270 12.38440
1  0.870924  2.862640 11.31880
3  6.833640  2.432110 12.63070
3 -7.290680  4.713160 10.99380
3 -7.012790  5.220100 12.44970
3 -5.974210  6.303660 12.39770
3  3.968450  5.395390 12.54640
3  5.114230  4.508800 12.55670
3 -3.641600  7.518540 12.46240
3 -2.238310  7.787690 12.41420
3  0.410416  7.530720 12.55140
3  1.788880  6.926040 12.54440
3 -8.165150  0.859568 13.88580
3  7.833760  0.555554 14.04690
3 -8.015360  3.523060 13.86130
3  5.620810  4.044760 14.04370
3  6.554850  2.937360 14.02370
3 -7.417380  4.824550 13.88580
3  3.481780  5.771780 13.96970
3 -5.565980  6.769400 13.91550
3 -4.227190  7.314560 13.93170
3 -1.579380  7.814720 13.97740
3 -0.170721  7.616290 13.97420
3  2.264790  6.567820 13.98990