304

3  0.358717 -8.405470 104.231
3  1.758140 -8.373080 104.233
3 -3.428310 -6.996100 104.207
3  4.229840 -7.428960 104.151
3  5.295980 -6.524530 104.146
3 -5.400110 -5.174120 104.222
3  6.840370 -4.309350 104.066
3 -6.126890 -3.906740 104.223
3  7.267070 -2.909600 104.057
3 -7.056880 -1.336870 104.120
3  7.073080 -0.221289 104.101
3 -0.267567 -8.250470 105.522
3  2.384740 -8.196620 105.479
3 -2.255530 -7.780500 104.204
3 -3.940560 -6.623160 105.546
3 -1.672540 -7.978880 105.513
3  3.652930 -7.687930 105.453
3  5.682090 -5.998730 105.443
3 -4.844170 -5.541400 105.549
3  6.490140 -4.819190 105.397
3 -6.313730 -3.221390 105.564
3  7.232860 -2.244850 105.437
3 -6.786650 -1.888350 105.475
3  7.108890 -0.813863 105.415
3 -0.227186 -8.322680 108.142
3  0.376399 -8.424470 106.761
3  1.780460 -8.378050 106.773
3  2.406400 -8.306180 108.099
3 -3.867620 -6.524770 108.216
3 -3.438000 -7.009860 106.891
3 -2.233680 -7.777940 106.888
3 -1.614620 -7.952810 108.198
3  3.719990 -7.715620 108.110
3  4.291580 -7.414380 106.811
3  5.396320 -6.501450 106.821
3  5.876680 -6.078190 108.134
3 -5.140780 -4.962560 106.863
3 -4.736260 -5.420410 108.223
1  1.564940 -4.228200 107.699
1  0.267175 -4.621390 108.072
3  6.549190 -4.842920 108.102
3  6.707220 -4.193920 106.775
3 -6.152790 -3.091740 108.206
3 -5.901590 -3.694060 106.875
1 -0.879372 -3.879070 107.601
1 -0.750984 -2.843860 106.680
1  0.620092 -2.382230 106.339
1  1.709040 -3.077510 106.822
1  2.971080 -2.339260 107.192
3  7.236320 -2.850250 106.794
3  7.349420 -2.223090 108.137
3 -6.938300 -1.280550 106.794
3 -6.676940 -1.739790 108.114
1 -2.517970 -1.579160 107.853
1 -1.528360 -1.648820 106.869
1 -0.684668 -0.496504 106.587
1  0.636524 -0.939376 106.189
1  1.787470 -0.254778 106.630
1  2.968850 -0.915879 107.070
3  7.137530 -0.195404 106.769
3  7.192360 -0.811663 108.080
3  0.373104 -8.438890 109.445
3  1.796410 -8.391850 109.478
3 -2.184580 -7.694990 109.547
3 -3.362920 -6.939200 109.575
3  4.290320 -7.429860 109.488
3  5.397280 -6.537500 109.457
3 -5.081490 -4.808810 109.555
1 -1.277590 -4.478740 109.835
1  0.075499 -4.892200 109.489
1  2.326460 -4.461990 110.046
3  6.928550 -4.282570 109.440
3 -5.851870 -3.632520 109.546
1 -2.668070 -2.711010 108.713
1 -2.971470 -2.194180 110.100
1 -1.792340 -3.796780 108.661
1  2.629940 -4.187570 108.675
1  3.495670 -3.069150 108.378
3  7.329860 -2.922130 109.428
3 -6.915810 -1.097620 109.400
1 -2.707400 -0.369803 108.641
1 -2.956400 -0.734683 110.012
1  3.961180 -2.291750 109.448
1  3.976870 -0.860933 109.380
3  7.185930 -0.203381 109.414
3 -0.257577 -8.317910 110.819
3  0.363936 -8.454660 112.148
3  1.776570 -8.321310 112.099
3  2.439350 -8.195210 110.827
3 -3.865570 -6.415140 110.877
3 -2.185810 -7.630510 112.230
3 -3.348390 -6.769930 112.202
3 -1.603310 -7.862130 110.830
3  3.749500 -7.709910 110.825
3  4.387320 -7.439730 112.191
3  5.408460 -6.500520 112.154
3  5.843490 -6.064380 110.804
3 -5.017250 -4.718320 112.189
3 -4.642760 -5.220930 110.882
1 -1.614020 -4.043560 111.123
1  0.766508 -4.437280 111.765
1  1.013610 -4.846200 110.456
3  6.610820 -4.897840 110.789
3  6.970860 -4.324160 112.089
3 -6.052940 -3.010080 110.824
3 -5.818080 -3.523140 112.161
1 -2.454370 -2.861310 111.283
1 -0.537995 -3.951240 112.073
1  2.907070 -3.734570 111.121
1  1.946920 -3.719280 112.211
1  3.719820 -2.625070 110.841
3  7.291020 -2.941660 112.108
3  7.349050 -2.317890 110.735
3 -6.717060 -1.708560 110.800
3 -6.941560 -1.135960 112.153
1 -2.367540  0.039092 111.037
1  3.566070 -1.427630 111.598
3  7.240480 -0.879239 110.763
3  7.124090 -0.233947 112.091
3 -0.247068 -8.328460 113.499
3  2.453600 -8.235120 113.479
3 -3.829760 -6.351510 113.547
3 -1.592680 -7.929600 113.524
3  3.772100 -7.732150 113.483
3  5.920000 -6.099200 113.475
3 -4.664490 -5.196100 113.531
3  6.653330 -4.894360 113.427
3 -6.111220 -2.963860 113.489
1 -1.903730 -2.063040 112.298
1 -0.697386 -2.695130 112.781
1  1.730390 -2.482790 112.892
3  7.421830 -2.275150 113.397
3 -6.666820 -1.678030 113.498
1 -1.814360 -0.621070 112.198
1  0.409351 -2.050740 113.287
1  0.438181 -0.569107 113.128
1  1.752580 -0.190782 112.715
1  2.540480 -1.341010 112.549
3  7.344400 -0.858569 113.364
3 -0.328223 -8.377570 116.180
3  0.377857 -8.549150 114.872
3  1.795890 -8.328430 114.820
3  2.384960 -8.202780 116.132
3 -3.800510 -6.305670 116.181
3 -3.346830 -6.760500 114.834
3 -2.226880 -7.598420 114.848
3 -1.699520 -7.935070 116.175
3  3.731940 -7.771910 116.142
3  4.319680 -7.463260 114.800
3  5.438400 -6.545620 114.813
3  5.871140 -6.087050 116.138
3 -5.028520 -4.708010 114.849
3 -4.809110 -5.228640 116.174
3  6.661480 -4.912770 116.139
3  7.005560 -4.340360 114.761
3 -6.229710 -2.906670 116.132
3 -5.849160 -3.491850 114.823
3  7.482720 -2.314710 116.053
3  7.442460 -2.944090 114.747
3 -6.719150 -1.587180 116.112
3 -6.897620 -1.023530 114.765
2  0.275981 -0.243194 116.186
3  7.419690 -0.880754 116.041
3  7.297370 -0.233482 114.715
3 -7.137930  0.088350 104.080
3  6.932220  1.161110 104.082
3 -7.159520  2.808010 104.028
3  6.101920  3.697130 104.030
3 -6.941700  4.206180 104.046
3  5.471630  4.948770 104.052
3 -5.361360  6.384030 104.042
3 -4.238370  7.277330 104.048
3  3.692020  6.889840 104.019
3 -7.180930  0.790875 105.454
3  6.818120  1.752210 105.408
3 -7.268310  2.187690 105.396
3  6.463750  3.107810 105.387
3 -6.709650  4.826420 105.379
3 -5.773760  5.909030 105.365
3  5.118070  5.491050 105.359
3 -3.663940  7.597050 105.342
3 -2.291960  7.953250 105.320
3  1.788050  7.802630 105.272
3  4.206380  6.507870 105.330
3  0.350108  7.958990 105.293
3 -7.064780  0.129404 106.758
3 -7.290170  0.831948 108.078
1 -0.823633  0.676563 107.296
1  0.315647  1.514410 107.704
1  1.598360  0.915911 107.415
1  3.523880 -0.179893 108.211
3  6.958410  1.223390 106.724
3  6.811600  1.854940 108.047
3 -7.329420  2.889120 106.717
3 -7.345260  2.210690 108.078
3  6.311630  3.775930 106.714
3  6.514160  3.181670 108.007
3 -6.981140  4.296460 106.724
3 -6.716960  4.879350 108.053
3 -5.834850  5.978100 108.065
3  5.565040  4.983420 106.651
3  5.196520  5.520530 107.985
3 -5.350410  6.377470 106.736
3 -4.179910  7.243880 106.700
3 -3.640950  7.497650 108.017
3 -2.305420  7.955370 108.007
3 -1.718960  8.044700 106.660
3  1.815470  7.769420 107.960
3  2.455160  7.615610 106.691
3  3.705810  6.888350 106.655
3  4.198690  6.533740 108.002
3 -0.258359  8.042460 106.655
3  0.375454  7.998770 107.966
3 -7.233400  0.226173 109.415
1 -1.818360  0.721874 108.361
1 -1.308170  1.561870 109.413
1  0.068324  1.991490 109.072
1  2.383510  1.452230 109.677
1  2.693540  1.037360 108.408
3  6.909830  1.179240 109.396
3 -7.261820  2.828760 109.388
1  1.061880  2.025960 110.040
3  6.221760  3.774740 109.313
3 -6.842430  4.210470 109.344
3  5.528690  5.011450 109.343
3 -5.322210  6.363750 109.349
3 -4.226620  7.275740 109.319
3  2.446370  7.573580 109.279
3  3.698430  6.929120 109.311
3 -0.257268  8.058450 109.275
3 -1.627380  8.088960 109.306
3 -7.331050  0.860787 110.750
3 -7.443070  0.206365 112.090
1 -1.559710  1.173980 110.780
1 -0.528479  1.285290 111.793
1  0.772381  1.651250 111.389
1  1.969460  0.913454 111.876
1  2.923060  0.816073 110.807
1  3.744270 -0.321297 110.741
3  6.817020  1.835790 110.703
3  7.031990  1.187690 112.054
3 -7.298450  2.252640 110.749
3 -7.296440  2.920510 112.071
3  6.283170  3.738040 111.994
3  6.528450  3.197140 110.655
3 -6.887940  4.267150 112.080
3 -6.551340  4.769010 110.665
3  5.263390  5.561390 110.681
3  5.600860  5.040810 112.022
3 -5.689660  5.883540 110.681
3 -5.148700  6.279820 112.001
3 -4.116770  7.180660 111.942
3 -3.561470  7.488180 110.632
3 -2.269990  8.001530 110.582
3  1.824020  7.620900 110.638
3  2.464720  7.497460 111.933
3  3.685050  6.858480 111.931
3  4.236000  6.568170 110.615
3 -1.614560  8.044040 111.934
3 -0.162272  8.027330 111.934
3  0.435382  7.935630 110.652
3 -7.532260  0.927133 113.437
1 -0.669650  0.130433 112.656
3  7.029500  1.850970 113.355
3 -7.361860  2.292140 113.418
3  6.621030  3.215760 113.326
3 -6.603390  4.835220 113.403
3  5.195110  5.469420 113.360
3 -5.728560  5.990440 113.375
3 -3.618500  7.620110 113.300
3  1.888840  7.700100 113.297
3  4.255450  6.528890 113.275
3 -2.274270  8.038520 113.298
3  0.484538  7.971430 113.280
3 -7.493570  0.319208 114.770
3 -7.522100  0.967700 116.095
2 -2.155270  0.161481 116.257
2 -0.514035  1.885720 115.616
2 -0.865753  0.524227 115.755
2  1.414880  0.683971 116.192
3  7.101530  1.190820 114.732
3  7.026810  1.806970 116.030
3 -7.501110  2.393870 116.140
3 -7.314570  2.971090 114.793
2 -1.453620  2.888490 115.965
2  0.905779  1.997800 115.870
3  6.407210  3.803730 114.670
3  6.561910  3.158870 116.020
3 -6.798230  4.328220 114.751
3 -6.486780  4.910480 116.077
3  5.185030  5.449840 116.005
3  5.592010  4.979290 114.685
3 -5.626700  6.048550 116.041
3 -5.149340  6.448500 114.646
3 -4.112300  7.357450 114.645
3 -3.514730  7.626810 116.041
3  1.952210  7.838170 116.000
3  3.724120  6.909960 114.640
3  2.524560  7.640060 114.629
3  4.298380  6.565560 116.017
3 -2.149110  7.893430 115.993
3 -1.565690  7.976480 114.657
3 -0.108774  7.984150 114.666
3  0.561473  8.082150 115.989