240

3 -1.842440 -7.051570 -10.638800
3 -0.574002 -7.717850 -10.716500
3  2.108360 -8.088020 -10.656700
3  3.553450 -7.811340 -10.655000
3  5.898170 -6.429360 -10.665500
3 -5.216800 -4.683280 -10.674100
3 -4.007810 -5.471890 -10.668900
3  6.963270 -5.454040 -10.625500
3 -6.945570 -2.624310 -10.769000
2 -3.174980 -1.926830 -11.716500
2 -1.817100 -2.338020 -11.694100
3  7.743620 -2.922910 -10.590600
3 -7.537130 -1.356990 -10.694000
2 -4.458720 -0.052854 -11.345100
2 -3.616110 -1.021170 -10.699300
2 -0.934578 -1.842670 -10.728600
2  0.402046 -1.558290 -11.348200
2  1.192340 -0.480752 -10.945700
3  7.999220 -1.478530 -10.610700
3 -2.367550 -6.744450  -9.196640
3 -1.821660 -6.970710  -7.757740
3 -0.498170 -7.563540  -7.746380
3  0.065203 -7.792710  -9.165910
3  1.466770 -8.065410  -9.197650
3  2.071450 -7.973890  -7.712310
3  3.496290 -7.705060  -7.739950
3  4.122150 -7.525590  -9.211270
3  5.415430 -6.889810  -9.204030
3  5.812340 -6.388920  -7.767560
3 -5.308610 -4.692160  -7.793570
3 -5.630140 -4.305410  -9.254970
3 -3.562870 -5.823740  -9.255200
3 -4.114730 -5.535070  -7.793840
3  6.884220 -5.394080  -7.780990
3  7.176790 -4.875290  -9.216450
3 -6.561330 -3.180190  -9.321880
3 -6.937880 -2.662350  -7.853170
3  7.789480 -3.556600  -9.139380
3  7.750200 -2.924610  -7.683030
3 -7.678270 -0.786200  -9.301040
3 -7.454490 -1.341270  -7.823700
2 -2.723300 -0.571445  -9.707250
2 -1.341270 -1.047850  -9.690980
3  7.874990 -0.836481  -9.247600
3  7.942560 -1.445840  -7.774580
3 -2.367750 -6.602440  -6.392380
3  0.037052 -7.654160  -6.247460
3  1.451800 -8.005530  -6.275710
3  4.094070 -7.491460  -6.337800
3  5.264230 -6.716800  -6.308360
3 -5.633680 -4.243060  -6.337750
3 -3.573410 -5.898750  -6.358330
3  7.231860 -4.939510  -6.301810
3 -6.638920 -3.260570  -6.368050
3  7.677460 -3.543270  -6.284420
3 -7.613320 -0.780872  -6.373690
3  7.917950 -0.828056  -6.282370
3 -1.824910 -6.905570  -4.829330
3 -2.379930 -6.647990  -3.369630
3 -0.485333 -7.468110  -4.808570
3  0.083232 -7.653050  -3.384440
3  2.090580 -7.890380  -4.870480
3  1.474030 -7.928620  -3.392130
3  3.530050 -7.795270  -4.881690
3  4.145300 -7.627090  -3.423530
3  5.845740 -6.415560  -4.807200
3  5.352540 -6.793810  -3.351040
3 -5.224790 -4.708650  -4.922100
3 -5.736290 -4.308550  -3.486950
3 -4.065120 -5.637690  -4.942290
3 -3.555870 -5.873570  -3.356600
3  6.905100 -5.459530  -4.824170
3  7.176440 -4.958670  -3.415190
3 -7.026700 -2.724430  -4.932910
3 -6.653490 -3.223160  -3.497390
3  7.766160 -2.918600  -4.871480
3  7.593420 -3.546860  -3.426780
3 -7.569730 -1.385010  -4.915620
3 -7.883110 -0.827775  -3.438890
3  7.893880 -1.511870  -4.828450
3  7.916430 -0.873191  -3.329600
3 -1.862570 -6.977100  -1.882020
3 -0.538854 -7.474520  -1.898570
3  2.124360 -8.001730  -1.975920
3  3.570270 -7.833080  -1.990460
3  5.919230 -6.528400  -1.925490
3 -5.192070 -4.612360  -2.009440
3 -4.059760 -5.523830  -1.994900
3  6.859840 -5.417840  -1.935260
3 -7.061180 -2.728550  -1.999070
3  7.632350 -2.894600  -1.954550
3 -7.625990 -1.400200  -1.989220
3  7.908220 -1.522010  -1.884540
3 -2.478850 -6.717450  -0.550191
3  0.017142 -7.650830  -0.517732
3  1.478550 -7.876790  -0.547552
3  4.105620 -7.535380  -0.501859
3  5.396110 -6.898030  -0.470489
3 -5.678060 -4.108760  -0.533144
3 -3.670350 -5.898040  -0.574936
3  7.174080 -4.894950  -0.461483
3 -6.658360 -3.113780  -0.552396
3  7.558060 -3.513560  -0.493069
3 -7.924560 -0.767921  -0.597513
3  7.761390 -0.872416  -0.432612
3 -1.950990 -7.024000   0.818263
3 -0.570712 -7.461950   0.888740
3  2.101340 -8.032440   0.921447
3  3.530530 -7.841860   0.969556
3  5.821850 -6.438730   1.015750
3 -5.327390 -4.646900   0.895649
3 -4.269070 -5.597260   0.891458
3  6.733660 -5.391220   1.007190
3 -6.968080 -2.517040   0.871952
3  7.792930 -2.948940   0.985322
3 -7.734420 -1.292230   0.845132
3  7.847170 -1.514180   1.008420
3 -8.083920  1.266280 -10.703800
2 -4.583870  1.254890 -10.871900
2 -3.638120  1.680140  -9.879930
2  0.710591  0.317755  -9.819780
2  1.175210  1.688570 -10.178600
2  1.884700  1.611550 -11.419300
3  7.496290  1.145030 -10.757800
3 -8.109410  2.719370 -10.689500
2 -3.817540  3.331100 -11.522400
2 -3.243660  3.029060 -10.212900
2 -1.946660  3.423270  -9.970150
2 -1.237640  4.182620 -10.943600
2  0.165924  3.793830 -10.913000
2  0.303100  2.762990  -9.939660
3  6.952930  2.465510 -10.730100
3 -6.861570  5.026250 -10.704100
3 -5.851160  6.040680 -10.667400
3  4.111600  5.435780 -10.783300
3  5.233410  4.522630 -10.706600
3 -3.530420  7.349610 -10.733800
3 -2.096190  7.691600 -10.764800
3  0.511938  7.390530 -10.734500
3  1.924170  6.900300 -10.687000
3 -7.927240  0.696136  -9.327750
3 -8.134750  1.242520  -7.814320
2 -2.749450  0.764491  -9.266260
2 -1.446940  1.256060  -8.963120
2 -0.551766  0.108175  -9.213090
3  7.678000  1.226540  -7.763430
3  7.650470  0.580399  -9.205790
3 -8.093600  2.709760  -7.854890
3 -7.938870  3.299030  -9.257620
2 -0.969454  2.499230  -9.376990
3  7.006790  2.545240  -7.752650
3  6.621860  3.061240  -9.233790
3  5.718710  4.221890  -9.245850
3 -7.252800  4.551930  -9.253370
3 -6.915880  5.062230  -7.845410
3 -5.821110  6.058610  -7.814940
3  4.163910  5.573320  -7.734680
3  3.650110  5.933040  -9.228270
3  5.338610  4.725050  -7.752210
3 -5.384230  6.510280  -9.275810
3 -4.073550  7.135060  -9.281110
3 -3.542120  7.409610  -7.849720
3 -2.164580  7.715070  -7.782930
3 -1.526330  7.697540  -9.245030
3 -0.081338  7.453510  -9.272170
3  0.526176  7.405460  -7.738560
3  1.898080  6.955650  -7.750670
3  2.455210  6.650300  -9.249840
3 -7.947340  0.593393  -6.387800
3  7.753750  0.613799  -6.291800
3 -7.843380  3.281560  -6.433380
3  6.682030  3.135150  -6.299860
3  5.597140  4.150580  -6.294530
3 -7.343440  4.642610  -6.345690
3  3.660920  5.961090  -6.242070
3 -5.404730  6.442910  -6.411280
3 -4.150350  7.098790  -6.323340
3 -1.569710  7.784680  -6.283700
3 -0.087628  7.637700  -6.282270
3  2.416050  6.689180  -6.274250
3 -8.082600  1.195130  -4.952840
3  7.484820  1.205480  -4.847810
3  7.619670  0.570723  -3.278550
3 -7.967990  2.653470  -4.970910
3 -7.805280  3.310230  -3.505200
3  6.899660  2.484320  -4.837260
3  5.631620  4.106110  -3.363500
3  6.578100  3.033480  -3.324640
3 -7.362900  4.684440  -3.461170
3 -6.984370  5.132780  -4.882190
3 -5.928550  6.113070  -4.834190
3  4.180150  5.610470  -4.864980
3  3.647550  5.881350  -3.413080
3  5.126030  4.493520  -4.859230
3 -5.478430  6.576390  -3.408630
3 -3.543190  7.351840  -4.832620
3 -2.175560  7.698550  -4.849890
3 -1.559230  7.623690  -3.386470
3  0.582913  7.533120  -4.893030
3 -0.071516  7.584590  -3.442780
3  1.915370  6.993320  -4.848900
3  2.396670  6.616580  -3.368910
3 -8.066230  0.662491  -3.457590
3 -8.033070  1.261590  -2.022620
3  7.457390  1.140320  -1.880210
3 -8.037170  2.722380  -2.056270
3  6.879520  2.457090  -1.825630
3 -7.032410  5.235670  -2.021780
3 -5.937300  6.220010  -2.057680
3  4.160300  5.513300  -2.036640
3  5.320670  4.659390  -1.995880
3 -4.148720  7.060950  -3.399220
3 -3.585590  7.364530  -1.952710
3 -2.148750  7.597640  -1.950230
3  0.585472  7.473290  -1.981670
3  1.910700  6.974020  -1.994260
3 -8.179290  0.633120  -0.686185
3  7.660410  0.573170  -0.428850
3 -7.872520  3.275570  -0.648423
3  6.649760  3.008120  -0.432424
3  5.660090  4.143250  -0.420580
3 -7.277770  4.579250  -0.620673
3  3.768270  5.978780  -0.491048
3 -5.462040  6.506270  -0.575330
3 -4.182300  7.212870  -0.550947
3 -1.473250  7.567250  -0.506364
3 -0.010703  7.507160  -0.488251
3  2.499190  6.669170  -0.449730
3 -8.212380  1.219980   0.808800
3  7.469570  1.182460   1.071120
3 -7.967520  2.668630   0.861030
3  6.926730  2.496580   1.038900
3 -7.016050  5.101390   0.887023
3 -6.037000  6.223900   0.903703
3  4.224320  5.554890   0.990363
3  5.305230  4.611810   1.020410
3 -3.579050  7.324340   0.874963
3 -2.132060  7.491630   0.892020
3  0.556297  7.392050   0.927633
3  1.900080  6.857750   0.982049