404

3  7.203700 -1.454980 54.3441
3  1.309150 -8.808290 39.9915
3 -2.803300 -8.187940 39.9916
3 -1.476110 -8.611620 39.9472
3  2.695380 -8.486560 39.9417
3  5.041740 -6.942000 40.0081
3 -4.904320 -6.342990 39.9424
3 -5.576700 -5.099000 39.8748
3  5.872110 -5.780810 39.9969
1  0.006722 -2.223730 39.6283
3  6.805280 -3.150230 39.9918
3 -6.790480 -1.033790 39.8055
3 -6.460520 -2.395030 39.8196
1  1.272720 -1.516190 39.6181
3  7.002900 -1.758530 39.9629
3 -0.815970 -8.945820 41.1745
3  0.631695 -8.961180 41.1677
3  1.275110 -8.895560 42.3885
3 -3.386180 -7.782850 41.1992
3 -2.849330 -8.194310 42.4207
3 -1.574160 -8.827880 42.4374
3  3.334730 -8.257250 41.1751
3  2.660020 -8.604950 42.3961
3  4.498040 -7.488490 41.2074
3  4.870400 -6.949510 42.4404
3 -5.583310 -4.972750 42.3239
3 -4.832020 -6.145830 42.3633
3 -4.435330 -6.812850 41.1875
3  5.696870 -5.826580 42.3959
3  6.069400 -5.153010 41.2108
3 -5.915180 -4.408430 41.0891
3 -6.342290 -3.047560 41.0484
3  6.418880 -3.803550 41.1692
3  6.473100 -3.144590 42.3719
3 -7.033500 -0.371009 41.0187
3 -7.129090 -1.056780 42.2127
3 -6.719990 -2.419580 42.2299
2 -0.816021 -0.765009 42.4616
2  0.580099 -0.460304 42.6682
3  6.857750 -1.074840 41.1333
3  6.635980 -1.772810 42.3516
3 -0.863312 -8.880090 43.6344
3  0.524808 -9.020540 43.5855
3 -3.404250 -7.680670 43.5906
3 -2.788330 -7.933280 44.8133
3  3.206480 -8.291080 43.6550
3  4.309240 -7.403480 43.6698
3 -5.350020 -4.692040 44.7047
3 -4.335980 -6.587190 43.5681
3 -4.589600 -5.862220 44.7409
3  5.942400 -5.113000 43.5885
3 -6.428230 -2.984860 43.4692
3 -5.789380 -4.198900 43.4858
3  6.377840 -3.794980 43.5692
3 -6.684820 -2.275770 44.6388
3 -7.426050 -0.389717 43.4140
3 -7.203300 -1.012260 44.6458
2 -3.435780 -0.409812 43.5094
2 -2.556500 -1.416540 44.0637
2 -1.265340 -1.621950 43.5358
2 -0.133348 -1.840680 44.4253
2  1.022100 -1.132700 43.8728
3  6.626640 -1.099860 43.5510
3 -0.919537 -8.809130 46.0387
3  1.206800 -8.974450 44.8182
3  0.468754 -9.044370 46.0968
3 -3.278110 -7.371680 46.0010
3 -1.559860 -8.596540 44.8206
3  2.574710 -8.633300 44.8550
3  3.097250 -8.180670 46.0778
3  4.121230 -7.207400 46.0663
3  4.677120 -6.758630 44.8537
3 -4.245460 -6.384870 45.9496
3  5.552790 -5.653670 44.8342
3  5.910420 -5.041210 46.0465
3 -6.398260 -2.854250 45.8651
3 -5.793210 -4.121750 45.9047
3  6.664350 -3.147980 44.7665
3  6.616910 -3.809310 45.9826
3 -7.497060 -0.334276 45.8292
2 -3.734780 -0.418623 45.8342
2 -2.768450 -1.447910 45.5013
2 -1.674520 -1.629280 46.3692
2 -0.347408 -1.790970 45.8161
2  1.698110 -0.443090 46.1515
2  1.901560 -0.420769 44.7202
2  0.591897 -1.120540 46.6892
3  6.801040 -1.762610 44.7477
3  6.938310 -1.034630 45.9316
3  1.103170 -8.951180 47.3703
3 -2.782030 -7.745040 47.2263
3 -3.444520 -7.338740 48.4309
3 -1.531230 -8.441270 47.2836
3 -0.981052 -8.637530 48.5690
3  0.396690 -8.830520 48.6184
3  2.465060 -8.543590 47.3491
3  3.047370 -8.136730 48.5828
3  4.107060 -7.186470 48.5381
3  4.572180 -6.671340 47.2885
3 -4.405650 -6.341900 48.3849
3 -5.687620 -4.837390 47.0631
3 -4.828890 -5.925760 47.1443
3  5.410280 -5.555790 47.2675
3  5.743840 -4.947820 48.4769
3 -6.741480 -2.989740 48.2340
3 -6.892360 -2.304500 47.0578
3 -6.120800 -4.213650 48.2166
3  6.749540 -3.127030 47.1599
3  6.385890 -3.674790 48.3819
3 -7.324610 -0.960155 47.0670
3 -7.624370 -0.284268 48.2178
2 -1.550940 -0.808806 47.5646
2 -0.158280 -0.480698 47.7438
3  7.097050 -1.742630 47.1239
3  7.178130 -0.940525 48.3056
3 -2.935060 -7.754090 49.6401
3 -3.505760 -7.251330 50.8109
3 -1.717560 -8.443350 49.7711
3  1.079990 -8.744110 49.8648
3  2.446520 -8.396210 49.8319
3  4.640280 -6.681530 49.7710
3 -5.775150 -4.718480 49.4544
3 -4.897020 -5.761380 49.5462
3 -4.579590 -6.324480 50.7626
3  5.411910 -5.510910 49.7079
3 -6.934750 -2.921950 50.6171
3 -6.273270 -4.120450 50.6233
3  6.619500 -2.930690 49.5525
3 -7.095410 -2.317080 49.3542
3 -7.518530 -0.983751 49.3969
3 -7.922630 -0.333659 50.5659
3  7.034300 -1.598140 49.5146
3  7.216150 -0.862076 50.6885
3 -3.013800 -7.713650 52.0681
3 -1.047370 -8.515340 50.9963
3 -1.733680 -8.291800 52.1260
3  0.357129 -8.672110 51.0704
3  1.060060 -8.596770 52.3229
3  3.062120 -8.003680 51.0518
3  2.426210 -8.275440 52.2709
3  4.197390 -7.167260 51.0190
3 -5.955700 -4.686320 51.8450
3 -5.128390 -5.790680 51.9146
3  4.695550 -6.528120 52.1656
3  5.579970 -5.414220 52.0900
3  5.917450 -4.861710 50.8514
3 -7.348610 -2.310300 51.7882
1 -2.811500 -2.489120 53.1504
1 -1.775690 -2.171210 52.1850
1 -0.599372 -2.940470 52.0942
1 -0.392379 -4.045980 53.0087
1  0.682597 -2.300660 51.8590
1  1.005530 -4.056410 53.3838
1  1.672440 -2.984870 52.6753
3  6.526870 -3.581220 50.7877
3  6.910790 -2.915710 51.9769
3 -7.877800 -1.015770 51.7890
1 -3.365240 -1.242020 53.6558
1 -2.679870 -0.161447 52.9826
1 -0.469700 -0.115391 51.8566
1 -1.704040 -0.734253 52.0848
1  0.745678 -0.897038 51.7333
1  1.801480 -0.165565 52.4150
1  2.713150 -2.285930 53.3117
1  2.757060 -0.844563 53.1852
3  7.118750 -1.518600 51.9104
3 -3.641040 -7.220950 53.2182
3 -3.116980 -7.499510 54.4872
3 -1.086780 -8.284390 53.3789
3 -1.833900 -8.023100 54.5504
3  0.322000 -8.495760 53.4897
3  0.982703 -8.300950 54.6869
3  3.041470 -7.809160 53.4465
3  2.329430 -7.876950 54.6653
3  4.201910 -6.907880 53.4003
3 -6.147670 -4.702310 54.2647
3 -6.399220 -4.127200 53.0339
3 -4.719910 -6.321440 53.1552
3 -5.334070 -5.798060 54.3012
1 -1.372240 -4.312640 53.9834
3  4.703720 -6.294510 54.5682
3  5.630040 -5.194610 54.5472
3  6.054380 -4.751620 53.2712
3 -7.214780 -2.949620 53.0091
3 -7.628610 -2.273050 54.1928
1 -2.596130 -3.544190 54.0508
1  1.364180 -4.337520 54.7087
1  3.103570 -2.617280 54.6666
3  6.721860 -3.520100 53.2063
3  6.934230 -2.835330 54.4008
3 -8.093160 -0.295094 52.9819
3 -8.101300 -0.989970 54.2053
1 -3.702740 -1.079840 55.0155
3  7.222960 -0.777687 53.1047
1  3.168610 -0.285919 54.4536
3 -7.276770  1.723550 39.7837
3  6.087660  2.272300 39.8556
3  6.619630  0.959034 39.8905
3 -7.258040  3.119540 39.8304
3 -6.353580  5.705880 39.8965
3  4.471220  6.097610 39.8712
3  5.272420  4.952640 39.8666
3 -5.492600  6.849270 39.8919
3 -3.033890  8.158070 39.8442
3 -1.681140  8.443180 39.8276
3  1.059370  8.310440 39.8031
3  2.357950  7.878720 39.8206
3 -7.337820  1.010010 40.9689
3 -7.478120  1.713830 42.1853
2 -3.020060  0.388507 42.4309
2 -3.308540  1.811930 42.4288
2 -1.680070  0.202234 41.9203
2 -1.170520  1.503480 41.5603
2  1.069380  0.814179 42.3200
2  0.182750  1.805650 41.7445
3  6.644850  0.281080 41.1221
3  6.420220  0.960572 42.2981
3 -7.151370  3.776000 41.0630
3 -7.401350  3.097700 42.2700
2 -2.163600  2.502120 41.8892
2 -1.807070  3.770000 42.3844
2 -0.410167  4.077690 42.5893
2  0.547972  3.100970 42.2791
3  5.456660  4.265590 41.0793
3  5.817790  2.925060 41.0619
3  6.019980  2.285040 42.2922
3 -6.591690  5.062540 41.1026
3 -6.193190  5.578490 42.3271
3  4.463560  6.145620 42.2758
3  5.091770  4.889100 42.2840
3 -4.898610  7.208760 41.1183
3 -5.322050  6.650530 42.3249
3 -3.710150  7.974840 41.0687
3 -3.072250  8.272190 42.3069
3 -1.709170  8.665330 42.2698
3 -1.009570  8.564090 41.0222
3  0.371482  8.471300 41.0050
3  1.094660  8.494600 42.1910
3  2.960380  7.553890 41.0432
3  2.373030  8.000800 42.2025
3  3.983300  6.633730 41.0635
3 -7.618180  0.982692 43.4029
3 -7.741240  1.723790 44.6178
2 -4.452570  1.574360 44.5751
2 -4.132230  0.216566 44.6020
2  2.012880  1.510240 43.1744
2  2.406320  0.897470 44.3739
3  6.464300  0.284083 43.5134
3  6.468300  0.991961 44.7455
3 -7.179740  3.761840 43.5114
3 -7.494810  3.087380 44.6646
2 -4.056260  2.405570 43.4580
2 -3.671510  3.703220 43.9930
2  1.667760  2.922640 43.1726
2  1.749400  3.689220 44.3493
3  5.283390  4.207330 43.5192
3  5.832720  2.948820 43.5329
3  6.114790  2.309380 44.7572
3 -6.545550  5.023920 43.5370
3 -6.191870  5.637800 44.7347
2 -2.559200  4.380520 43.4624
2 -1.619570  5.046520 44.3446
2 -0.295065  4.879770 43.7953
2  0.790631  4.720150 44.6725
3  4.942940  4.862410 44.6972
3  4.320120  6.100520 44.7088
3 -4.819640  7.139470 43.5399
3 -5.322560  6.699850 44.7561
3 -3.649370  7.913350 43.5162
3 -2.921750  8.161390 44.7244
3 -1.605060  8.639500 44.7078
3  1.174270  8.654160 44.6150
3  3.018780  7.716900 43.4056
3  2.462010  8.172280 44.6022
3  4.032140  6.697330 43.4851
3 -0.961231  8.682350 43.4684
3  0.451136  8.699080 43.4111
3 -7.806120  1.017170 45.7883
2  2.043230  0.859952 46.6774
2  2.469700  1.689900 45.5810
3  6.692410  0.340604 45.9667
3 -7.318920  3.799560 45.8619
2 -4.300540  2.337260 45.7800
2 -3.807340  3.634720 45.4270
2  1.451270  3.677850 46.6673
2  2.149120  3.054590 45.5766
3  5.856700  3.008120 45.9187
3 -6.543170  4.986780 45.9465
2 -2.927180  4.304310 46.2741
2 -1.807880  5.035750 45.7372
2 -0.699096  4.876900 46.6514
2  0.599479  4.719170 46.1231
3  5.243200  4.270990 45.9179
3 -4.695060  7.114890 45.9576
3 -3.522620  7.898950 45.9799
3  3.033350  7.817440 45.8217
3  3.802630  6.655020 45.8607
3 -0.856528  8.717270 45.9307
3  0.546263  8.796270 45.8769
3 -7.777550  1.746170 47.0051
3 -7.899920  1.072480 48.2124
2 -3.630140  0.328802 47.0213
2 -2.521920  0.136542 47.9244
2 -3.951410  1.741400 46.9991
2 -2.142710  1.432420 48.4558
2 -0.785581  1.739490 48.6192
2  0.219122  0.755724 48.2968
2  1.359850  1.449060 47.7498
3  6.700170  1.090580 47.1036
3  7.110070  0.480412 48.2682
3 -7.517350  3.133380 47.0586
3 -7.240030  3.783130 48.3174
2 -3.019730  2.426630 47.8747
2 -2.535580  3.701610 47.5249
2 -0.282894  3.047880 48.2775
2 -1.142550  4.038930 47.7578
2  1.050970  2.871560 47.7409
3  6.119080  2.355880 47.1091
3  5.848090  3.019520 48.2955
3 -6.456500  4.940270 48.3895
3 -6.019280  5.459830 47.1499
3  4.826570  4.850950 47.0904
3  4.228070  6.128290 47.1085
3  5.136540  4.219950 48.2714
3 -5.095700  6.514600 47.1398
3 -4.483920  6.877850 48.3462
3 -2.823770  8.160850 47.1599
3 -3.384030  7.753520 48.4054
3  1.300570  8.895250 47.0557
3  2.620270  8.426550 47.0451
3  3.244420  8.021870 48.2394
3  4.037470  6.869530 48.2781
3 -1.480220  8.613780 47.1884
3 -0.719217  8.778890 48.3553
3  0.687370  8.953900 48.3216
3 -7.944970  1.805630 49.4080
3 -8.091630  1.077030 50.6386
3  6.945440  1.224580 49.4065
3  7.054970  0.553392 50.6441
3 -7.491880  3.101720 49.4840
3 -7.138280  3.687400 50.7260
3  6.389640  2.491050 49.4744
3  6.113620  3.164120 50.6576
3 -6.308840  4.867890 50.7739
3 -5.887640  5.410740 49.5847
3  4.899220  4.929170 49.4657
3  4.361220  6.196330 49.4443
3  5.405450  4.376480 50.6762
3 -4.966620  6.449330 49.5801
3 -4.436550  6.903620 50.8039
3 -2.631670  7.909840 49.5697
3 -3.236380  7.595010 50.8219
3  1.491800  8.926870 49.4784
3  2.807950  8.560000 49.4408
3  3.442080  8.097070 50.6473
3  4.131860  6.884020 50.6416
3 -0.610385  8.588070 50.7527
3 -1.316370  8.409770 49.5644
3  0.777121  8.841800 50.7085
3 -7.935320  1.779560 51.8590
1 -2.384770  1.035530 53.6502
1 -1.094650  1.657180 53.4432
1 -0.155809  1.098380 52.5661
1  1.236320  1.063440 52.9291
3  6.915070  1.253320 51.8531
3 -7.421050  3.047190 51.9386
3  6.467540  2.570790 51.8658
3 -5.837290  5.401410 52.0289
3 -4.977170  6.502910 52.0729
3  5.255280  5.093820 51.8613
3  4.575640  6.302000 51.8294
3 -2.580100  7.976090 52.0122
3  2.866260  8.508510 51.8846
3 -1.274250  8.467830 51.9635
3  1.507250  8.830060 51.8792
3 -8.087030  1.092840 53.0390
3 -8.014780  1.767580 54.2859
1 -2.739460  1.190410 55.0463
3  0.843075  8.859510 53.1261
3 -0.537892  8.568300 53.1368
1  1.638760  1.614960 54.1547
1  2.623320  0.916748 54.9401
3  7.015650  0.605138 53.0706
3  6.876060  1.315960 54.2483
3 -7.009290  3.651060 53.1522
3 -7.474200  3.038220 54.3179
1 -0.669061  2.221830 54.6980
1  0.687183  2.224680 55.0559
3  6.240300  3.275300 53.0564
3  6.411650  2.604950 54.2809
3 -6.176350  4.731350 53.1569
3 -5.596760  5.150340 54.3634
3 -4.724300  6.274990 54.4268
3 -4.352010  6.932520 53.2636
3  4.921000  6.519010 54.2183
3  5.546940  5.262990 54.2217
3  5.682480  4.541320 53.0377
3 -2.452360  7.826640 54.3948
3 -3.172540  7.666640 53.2166
3 -1.129380  8.365600 54.4101
3  1.649110  8.930850 54.3013
3  3.529590  8.155950 53.0579
3  3.021000  8.549590 54.3068
3  4.380420  7.026370 53.0228