265

3 -1.858630 -7.006190 82.4602
3 -5.391920 -4.824500 82.4767
3 -2.455550 -6.779520 83.8522
3 -0.460384 -7.493760 82.4486
3  0.131289 -7.612700 83.9136
3  2.143490 -7.563530 82.4634
3  1.527950 -7.634100 83.8543
3  3.581380 -7.267950 82.4528
3  4.211100 -7.085450 83.8345
3  5.458120 -6.393710 83.8139
3 -4.235010 -5.673850 82.4763
3 -3.693680 -5.994850 83.8569
3  5.934840 -6.061610 82.3874
3  7.002090 -5.029130 82.3693
3  7.379130 -4.534940 83.9071
3 -7.090190 -2.679050 82.4105
3 -5.791330 -4.432450 83.8955
3 -6.643940 -3.229350 83.9180
3  8.274090 -2.768500 82.4062
3  8.041540 -3.282430 83.8776
3 -7.638180 -1.356690 82.4028
3 -7.897680 -0.811795 83.8478
3  8.406330 -1.309650 82.4154
3  8.336610 -0.724235 83.9139
3 -1.817720 -6.931740 85.3404
3 -0.492053 -7.485180 85.3028
3  2.164380 -7.504390 85.2562
3  3.586080 -7.385550 85.2319
3 -5.279370 -4.711980 85.3674
3 -4.192010 -5.648890 85.3054
3  5.936370 -6.045030 85.3005
3  7.049020 -5.064140 85.3211
3 -7.083390 -2.737010 85.3005
3  8.255300 -2.767150 85.4225
3 -7.697800 -1.411960 85.3196
3  8.400110 -1.332360 85.3962
3 -2.368610 -6.724270 86.8046
3 -1.855190 -7.061680 88.1678
3 -0.478076 -7.485870 88.1407
3  0.111716 -7.715260 86.7178
3  1.553200 -7.606480 86.6868
3  2.191770 -7.580170 88.1636
3  3.551730 -7.316230 88.1210
3  4.227560 -7.225320 86.7016
3  5.449160 -6.532250 86.7511
3 -5.173050 -4.669100 88.1836
3 -3.575590 -5.983410 86.7176
3 -4.075650 -5.577710 88.1703
3  6.001620 -6.256600 88.2512
3  7.006510 -5.154080 88.2328
3  7.361910 -4.666120 86.8441
3 -5.733410 -4.302150 86.7756
3 -6.705660 -3.230810 86.7555
3 -7.006900 -2.706340 88.2185
3  8.192660 -2.783020 88.2525
3  8.104250 -3.401690 86.8428
3 -7.772910 -0.788351 86.8043
3 -7.651150 -1.395050 88.2196
3  8.402540 -0.683047 86.8736
3  8.499520 -1.381600 88.2879
3 -2.297900 -6.635540 89.6324
3  0.155105 -7.597140 89.6538
3  1.588890 -7.639830 89.6351
3  4.196140 -7.230750 89.6591
3  5.400990 -6.540570 89.7145
3 -3.549860 -5.947680 89.6737
3  7.262700 -4.629990 89.6681
3 -5.559980 -4.189860 89.6611
3 -6.550970 -3.151480 89.6658
3  7.993610 -3.346460 89.6882
3 -7.759980 -0.737667 89.7058
1 -2.837660 -1.219110 90.4998
1 -1.661920 -0.918621 89.8039
1 -0.359246 -1.344420 90.4178
1  0.637646 -0.291646 90.3419
3  8.290210 -0.797765 89.7491
3 -2.400400 -6.756260 92.6209
3 -1.815910 -7.055090 91.1678
3 -0.464441 -7.434180 91.1117
3  0.149984 -7.642050 92.5135
3  1.574600 -7.622450 92.5424
3  2.159210 -7.543470 91.0773
3  3.579940 -7.515590 91.1167
3  4.122550 -7.269120 92.5626
3  5.428120 -6.653460 92.5212
3 -5.136900 -4.682240 91.1240
3 -4.004600 -5.584090 91.1370
3 -3.591900 -5.978570 92.5791
3  5.913390 -6.243070 91.1393
3  6.891880 -5.191960 91.1057
3  7.218200 -4.711780 92.5485
3 -5.573540 -4.228510 92.5573
3 -6.481830 -3.094450 92.5982
3 -6.765600 -2.613700 91.1820
1 -1.637830 -2.430050 92.3309
1 -2.822760 -1.932920 91.7517
1 -0.354359 -2.055300 91.6644
1  0.604467 -1.811800 92.7124
3  7.889740 -3.457320 92.5895
3  8.085410 -2.786230 91.1209
3 -7.682990 -0.765450 92.5736
3 -7.574070 -1.425580 91.1910
1 -3.739110 -0.129148 90.6972
1 -4.496830 -0.296415 91.9048
1  1.576190 -0.053464 91.3625
1  1.587880 -0.852644 92.5529
3  8.324740 -1.355850 91.1859
3  8.099560 -0.791703 92.6285
3 -1.838870 -7.051750 94.0365
3 -0.396408 -7.414900 94.0044
3  2.179250 -7.576980 94.0374
3  3.558200 -7.344630 94.0175
3 -5.131010 -4.646490 94.0597
3 -3.966370 -5.508320 94.0702
3  5.984250 -6.310110 94.0799
3  6.973730 -5.285040 94.0814
3 -6.838780 -2.656700 94.0067
1 -1.519590 -2.402540 93.7742
1 -0.094852 -2.018020 93.9578
3  8.099530 -2.849160 94.0973
3 -7.509830 -1.418090 94.0212
1 -3.842380 -1.324380 92.6493
1 -3.768110 -1.349170 94.0243
1 -2.517100 -1.828830 94.5847
1  1.230370 -0.150844 94.8727
1  2.008890 -0.035996 93.7162
3  8.109860 -1.355090 94.0659
1 -4.136930 -0.242958 94.7841
1  0.153272 -1.114840 95.0313
3  7.851480  1.240060 82.4757
3  7.150580  2.482980 82.4423
3 -8.005150  1.316160 82.3815
3 -8.031800  0.683069 83.8580
3  8.042090  0.692605 83.9281
3 -7.817440  2.749100 82.3577
3 -7.623750  3.329010 83.7756
3  5.974010  4.194490 83.9436
3  6.872710  3.058990 83.9651
3 -6.716460  5.166150 82.3843
3 -7.076820  4.623750 83.7778
3 -5.568000  6.040190 82.3977
3  4.400290  5.486660 82.5064
3  3.898440  5.881830 83.9191
3  5.487290  4.564170 82.5235
3 -5.123440  6.413840 83.8489
3 -3.276920  7.383510 82.3481
3 -3.887030  7.176180 83.8103
3 -1.862240  7.764460 82.3229
3 -1.281980  7.813670 83.7958
3  0.167167  7.583080 83.8656
3  0.738506  7.212770 82.4137
3  2.132930  6.732590 82.4618
3  2.648890  6.579710 83.8816
3 -7.963300  1.229180 85.2888
3  7.681560  1.230800 85.4428
3 -7.706980  2.666650 85.2812
3  7.095200  2.524990 85.4558
3 -6.723870  5.212120 85.2629
3 -5.604750  6.092660 85.2497
3  4.453200  5.533180 85.3568
3  5.584510  4.666480 85.3790
3 -3.295230  7.457100 85.3230
3 -1.888790  7.750530 85.2943
3  0.691119  7.272780 85.4054
3  2.051260  6.874180 85.3706
3 -7.995190  0.628973 86.7913
3 -8.053500  1.225920 88.1994
3  7.694980  1.183380 88.2857
3  7.928270  0.677109 86.9198
3 -7.712450  2.635170 88.1757
3 -7.566770  3.276960 86.7560
3  6.806660  3.099520 86.8551
3  7.116370  2.514110 88.2950
3 -6.565310  5.029600 88.1717
3 -6.977130  4.595610 86.7511
3 -5.649480  6.166280 88.1541
3  4.360950  5.402850 88.3526
3  3.864410  5.856230 86.8436
3  6.073840  4.282560 86.8578
3  5.530940  4.616440 88.3288
3 -5.168850  6.594950 86.7030
3 -3.927850  7.323090 86.7134
3 -3.345220  7.535720 88.2247
3 -1.920050  7.710900 88.2758
3 -1.307050  7.764710 86.7905
3  0.664413  7.290420 88.2467
3  0.113381  7.480350 86.7803
3  2.622960  6.569450 86.8965
3  2.041760  6.839550 88.2620
3 -8.036250  0.641195 89.6692
1 -3.608410  1.124440 90.1129
1 -2.329440  1.426040 89.4528
1 -1.376900  0.429029 89.3428
1  0.034078  0.835490 89.6469
1  0.492486  2.106610 90.0200
3  7.901450  0.570359 89.7140
3 -7.549270  3.277220 89.7448
1 -1.935290  2.743590 89.8250
1 -0.595704  3.081160 90.1866
3  6.904330  3.115230 89.7600
3 -6.960540  4.592400 89.6232
3  3.814320  5.739740 89.7306
3  5.977240  4.205230 89.7649
3 -5.125830  6.526610 89.6095
3 -3.865620  7.219290 89.6292
3 -1.309840  7.651440 89.7015
3  0.095643  7.439090 89.6718
3  2.628400  6.531190 89.7983
3 -7.929400  1.263670 91.1418
3 -7.935840  0.651737 92.5064
1 -4.037150  2.316060 90.8238
1 -4.641090  2.212500 92.1111
1  1.983800  1.225220 91.7259
3  7.773820  1.240100 91.1275
3  7.961190  0.635917 92.6043
3 -7.748210  2.666230 91.1310
3 -7.634320  3.317480 92.6192
1 -2.974590  3.305350 90.6591
1 -2.600540  4.056740 91.7873
1 -0.215913  3.971150 91.2522
1  1.482260  2.353870 91.1259
1  0.952848  3.471190 91.8386
3  5.910350  4.176810 92.6477
3  6.806920  3.051870 92.6366
3  7.192990  2.555170 91.1689
3 -6.714670  5.123840 91.0823
3 -7.042780  4.609860 92.5535
3 -5.747690  6.206470 91.1212
1 -1.240110  4.375820 92.0719
3  4.394570  5.536990 91.2209
3  3.880920  5.919970 92.5985
3  5.479470  4.586660 91.2234
3 -5.211160  6.523510 92.5930
3 -3.948570  7.174410 92.5566
3 -3.387340  7.426360 91.0888
3 -1.895430  7.715240 91.1487
3 -1.325010  7.678630 92.6182
3  0.742535  7.428280 91.1485
3  0.160840  7.594010 92.6042
3  2.053850  6.878290 91.2438
3  2.661100  6.696820 92.6360
3 -7.913430  1.218370 94.0145
1 -4.883510  0.873736 92.6288
1 -4.730260  0.847666 94.0808
1 -4.378410  2.235450 94.4947
1  2.223700  1.292610 93.1699
3  7.771990  1.233230 94.1267
3 -7.800760  2.657810 94.0355
1 -4.310730  3.035600 93.2304
1 -3.338420  3.983080 93.0777
1 -2.288320  4.202670 94.1441
1  0.116418  4.100740 94.0812
1  1.223990  3.599060 93.2504
1  1.797140  2.429970 93.9418
3  7.027210  2.513140 94.0580
3 -6.746550  5.135370 93.9994
3 -5.713930  6.112680 94.0073
1 -1.021770  4.550820 93.4885
3  4.328030  5.509610 94.0892
3  5.439040  4.590250 94.1115
3 -3.323620  7.341760 94.0427
3 -1.918540  7.653570 94.0578
3  0.740666  7.386020 94.0573
3  2.078680  6.891880 94.0839
1  1.090870  2.261080 95.1704