400

1 -0.978060 -4.617590 55.3413
1 -2.961150 -3.389210 55.4467
1  2.441800 -3.645040 55.3565
3 -3.798140 -7.120870 55.6277
3 -3.192010 -7.317770 56.8574
3 -1.137310 -8.031300 55.7818
3 -1.818150 -7.632460 56.9396
3  0.254807 -8.254830 55.8924
3  2.934740 -7.378730 55.8086
3  4.180380 -6.686780 55.8035
3 -6.480610 -4.827540 56.6417
3 -6.731660 -4.191740 55.3960
3 -4.940980 -6.309870 55.5511
3 -5.584210 -5.857610 56.6924
1  0.371178 -4.649240 55.6963
3  5.971850 -4.526340 55.7416
3 -7.449550 -2.999960 55.3922
3 -7.701600 -2.376580 56.6126
1 -3.491740 -2.180660 55.9257
1 -1.542500 -3.538900 57.4745
1 -1.952440 -4.051670 56.2358
1  0.819276 -4.150410 56.9770
1  2.115990 -3.528730 56.7643
3  6.730200 -3.367450 55.6751
3  7.096550 -2.698940 56.8524
3 -8.087670 -1.068780 56.6277
3 -8.198600 -0.296612 55.4225
1 -3.077890 -1.640570 57.2064
1 -3.008280 -0.195511 57.0780
1  3.038320 -1.239280 56.7109
1  2.404890 -2.324130 57.4278
3  7.269350 -0.686596 55.5298
3  7.455040 -1.345230 56.7521
3 -3.820960 -6.881410 57.9818
3 -1.204800 -7.746270 58.1743
3  0.923328 -8.044400 57.0752
3  0.178253 -7.872410 58.2477
3  2.242950 -7.593590 57.0300
3  2.771980 -7.059870 58.1754
3 -7.007540 -4.291040 57.8065
3 -5.096510 -6.262540 57.9390
3  3.988550 -6.396660 58.1805
3  4.716070 -6.120130 56.9849
3  5.653880 -5.078400 56.9559
3  5.940760 -4.424510 58.1492
3 -7.591330 -3.031410 57.8206
3 -7.863950 -2.373610 59.0034
1 -2.091470 -2.295900 57.9655
1 -0.135654 -3.576010 57.8333
1  0.184470 -2.363080 58.5436
3  6.737520 -3.264790 58.0742
3 -8.047220 -0.345135 57.8225
3 -8.049870 -1.017960 59.0265
1 -0.954768 -0.187513 58.4727
1 -1.028020 -1.576060 58.6342
1  1.489230 -0.302405 58.1911
1  1.425610 -1.742020 58.3259
3  7.639990 -0.613823 57.8927
3 -3.311890 -7.165200 59.2282
3 -4.104470 -7.025130 60.3611
3 -1.966410 -7.524870 59.3711
3 -1.341450 -7.481540 60.5947
3  0.765140 -7.512520 59.4348
3  0.039833 -7.443440 60.6225
3  2.101360 -7.193070 59.3858
3  2.686030 -6.840790 60.6187
3 -6.817640 -4.980210 59.0168
3 -7.353990 -4.406960 60.1884
3 -5.798470 -5.954000 59.0668
3 -5.483610 -6.548570 60.2869
3  3.913010 -6.249170 60.6216
3  4.414920 -5.835740 59.3865
3  5.335340 -4.739540 59.3753
3 -7.986940 -3.141800 60.1538
3  5.697770 -4.151940 60.5823
3  6.412870 -2.944450 60.5017
3  6.921570 -2.490080 59.2379
3 -8.092020 -0.370552 60.2801
3  7.517330 -1.234770 59.1381
3  7.675190 -0.526637 60.2844
3 -3.498870 -7.120830 61.6333
3 -4.294290 -6.915490 62.7611
3 -2.119500 -7.319360 61.7417
3  0.678725 -7.303500 61.8332
3  2.011600 -6.987130 61.8285
3 -7.064400 -5.019260 61.3935
3 -7.535900 -4.490210 62.5885
3 -6.155540 -6.107010 61.4607
3 -5.596610 -6.464890 62.6916
3  4.447130 -5.781480 61.8115
3  5.220000 -4.589240 61.8276
3 -8.181890 -2.452380 61.3675
3 -8.041010 -3.166920 62.5720
2 -1.353840 -2.514710 63.4113
3  5.596720 -3.970010 63.0201
3  6.179130 -2.672890 63.0243
3 -8.211560 -1.081780 61.4638
3 -8.406850 -0.383496 62.6487
2 -2.705090 -0.711829 62.4675
2 -3.604400 -0.806625 63.6184
2 -1.562030 -1.543590 62.3576
2 -0.258803 -1.094430 61.8668
2  0.759875 -1.762790 62.6827
2  1.898150 -1.072880 63.1520
3  6.653970 -2.195460 61.7135
3  7.136650 -0.912130 61.5710
3 -3.616750 -6.970630 64.0324
3 -2.215200 -7.040590 64.1172
3 -1.478430 -7.280120 62.9760
3 -0.053458 -7.440320 63.0087
3  0.634022 -7.312520 64.2204
3  2.071900 -7.121940 64.2405
3  2.684360 -6.839660 63.0313
3 -7.296160 -5.119110 63.8141
3 -7.922840 -4.598480 64.9300
3 -6.266970 -6.125870 63.8626
3  3.888610 -6.148060 63.0100
3  4.475620 -5.751780 64.2113
3  5.302630 -4.619590 64.2223
3 -8.308710 -2.556560 63.7608
3 -8.420690 -3.271500 64.9318
2 -2.245920 -2.617350 64.4885
2  0.082237 -2.661750 63.5909
2  0.585828 -2.942430 64.8783
2  1.795410 -2.252350 65.3262
3 -8.411460 -1.137980 63.8251
3 -8.514920 -0.506726 65.0828
2 -3.372630 -1.751750 64.6110
2  2.447260 -1.335950 64.4679
2  2.919620 -0.071697 64.9963
3  6.194620 -1.975120 64.2708
3  6.255450 -0.592763 64.4253
3 -4.395310 -6.681550 65.1541
3 -3.657940 -6.618250 66.4036
3 -2.278880 -6.842840 66.4944
3 -1.518910 -7.050930 65.3300
3 -0.100487 -7.083920 65.3712
3  0.558407 -6.886630 66.5902
3  1.974140 -6.876610 66.6569
3  2.704180 -6.861220 65.4306
3 -7.673730 -5.299250 66.1520
3 -6.467410 -5.996780 66.2922
3 -5.784540 -6.402220 65.1453
3  3.910170 -6.201110 65.4192
3  4.507790 -5.763520 66.6096
3  5.467800 -4.703450 66.6483
3 -8.905440 -2.664890 66.0740
2 -1.724780 -2.848980 65.8043
2 -2.535350 -2.098670 66.7389
2 -0.344796 -2.990650 65.9807
2  0.278977 -2.408000 67.1215
2  1.585110 -1.918170 66.7218
3  5.661210 -4.028640 65.4163
3  6.001220 -2.687110 65.5292
3 -8.914740 -1.233080 66.1809
2 -3.953640 -0.149542 66.4092
2 -3.569960 -1.432500 66.0025
2  2.076760 -0.696505 67.2217
3  5.940240 -2.040490 66.8282
3  6.030510 -0.672344 66.8973
3 -4.385310 -6.372220 67.5720
3 -3.716900 -6.436400 68.8590
3 -1.626910 -6.660200 67.6787
3 -0.229825 -6.752750 67.7423
3 -8.351800 -4.767390 67.3102
3 -7.721480 -4.948960 68.6064
3 -6.483730 -5.597660 68.6370
3 -5.775160 -6.048910 67.5093
3 -2.306360 -6.379810 68.8737
3  0.370608 -6.406350 68.9237
3  2.566550 -6.489990 67.8745
3  3.696530 -5.725350 67.8328
3  4.293050 -4.725350 68.6738
3 -8.990950 -3.439990 67.2287
3 -8.666470 -2.826250 68.4788
3  5.372170 -4.069710 67.9289
3  5.779920 -2.727040 68.0704
3 -8.846590 -0.671553 67.4777
3 -8.822900 -1.479750 68.6093
2 -1.941730 -1.543760 67.8745
2 -2.340140 -0.210885 68.3025
2 -0.502339 -1.636590 67.9839
2 -0.009226 -0.397212 68.5042
2  1.260260  0.070348 68.1372
3  5.892450 -2.048870 69.3319
3  5.937550 -0.599097 69.3911
3 -5.823700 -5.464960 69.8353
3 -4.423750 -5.930460 69.9498
3 -1.655140 -5.728150 69.9583
3 -0.280723 -5.529160 69.8193
3  1.763600 -6.709240 69.0557
3  0.438536 -4.514340 70.5495
3  2.250630 -6.691940 70.3910
3 -7.849830 -3.683550 69.3164
3 -6.902700 -3.281450 70.2570
3 -6.005950 -4.335400 70.6770
3  3.878920 -4.289500 69.8819
3  4.357680 -3.312790 70.7655
3  5.653410 -2.774500 70.5825
3 -8.460490 -0.886653 69.7928
3 -7.238660 -0.825648 70.4935
1  3.396380 -1.384090 55.3632
3 -7.915530  1.730630 56.6950
3 -8.143810  1.084160 55.5029
1 -1.950970  0.501799 57.6892
1 -1.293310  1.591920 57.0025
1  0.108220  1.574640 57.3668
1  1.089890  1.906110 56.4137
1  2.483380  0.005370 57.1956
1  2.301490  1.102670 56.3391
3  7.219380  1.453940 56.6619
3  7.182300  0.676543 55.4780
3 -7.410540  3.033530 56.7616
3 -7.061750  3.598880 55.5174
3  6.658230  2.732380 56.6378
3  6.339070  3.343080 55.4424
3 -6.078240  4.574260 55.5313
3 -5.607990  5.053860 56.7555
3 -4.496760  5.924450 56.7727
3 -4.057510  6.526430 55.6100
3  5.974980  5.429080 56.6157
3  5.955890  4.702710 55.4396
3 -2.220870  7.587460 56.8133
3 -2.929120  7.337660 55.5880
3 -0.897907  8.131700 56.8362
3 -0.354500  8.511090 55.6279
3  1.807830  8.826350 56.8156
3  1.031090  8.955660 55.6032
3  3.252730  8.576140 56.7621
3  3.726750  8.179660 55.4779
3  5.304320  6.654690 56.6277
3  4.713890  7.182090 55.4493
3 -8.006050  1.039070 57.9072
1  0.316106  0.466108 58.2709
3  7.522680  0.782862 57.8412
3 -6.969680  3.524110 57.9292
3  6.608930  3.444690 57.8333
3 -6.088800  4.564940 57.9609
3 -3.866120  6.237370 57.9683
3  6.372260  5.445520 59.0175
3  6.365230  4.793840 57.7877
3 -2.718080  7.041190 57.9952
3 -0.200967  8.217960 58.0468
3  1.165530  8.561050 58.0226
3  3.893770  8.042610 57.9194
3  5.044770  7.217620 57.8481
3  5.678830  6.674040 59.0514
3 -7.839280  1.645890 59.1411
3 -7.993520  1.006230 60.3775
3  7.453700  1.479250 59.0141
3  7.668290  0.880140 60.2148
3 -7.324080  2.973940 59.1672
3 -7.107320  3.669000 60.4277
3  6.894700  2.775760 59.0157
3  6.811260  3.416400 60.2717
3 -5.649080  5.162120 59.1623
3 -6.234860  4.744950 60.4343
3 -4.482600  5.891120 59.2176
3 -3.914590  6.338190 60.3876
3  6.698020  4.847890 60.2216
3 -2.038020  7.259710 59.2113
3 -2.720440  7.014050 60.3958
3 -0.737176  7.752540 59.1936
3 -0.054629  7.828420 60.3886
3  1.938170  8.403570 59.2188
3  1.288880  8.211700 60.4216
3  3.341890  8.124630 59.2019
3  4.045530  7.758780 60.4137
3  5.273290  7.114110 60.3598
3 -7.968890  1.702830 61.5815
3 -8.091400  0.987068 62.7772
2 -3.329680  1.458740 63.1404
2 -2.553110  0.701310 62.1636
2 -0.793418  2.444890 62.3380
2 -1.275840  1.184110 61.7883
2  0.610840  2.306550 62.5952
2  1.032690  0.996906 62.1770
3  7.197970  1.405060 61.4336
3  6.744120  0.327810 62.2467
3 -7.538670  3.056390 61.6329
3 -7.030180  3.530610 62.8509
3 -6.166490  4.611760 62.8556
2 -2.828220  2.666830 63.6602
2 -1.575290  3.221100 63.2111
3  6.925110  2.779370 61.5535
3  6.839030  3.561820 62.7251
3 -5.727100  5.187560 61.6234
3 -4.575160  6.007810 61.5905
3 -3.919880  6.320010 62.7579
3  6.778150  5.574860 61.3629
3  7.277260  4.935860 62.5156
3 -1.996950  7.166360 61.5465
3 -2.688020  6.961220 62.7773
3 -0.687312  7.611720 61.6207
3 -0.040136  7.648160 62.8201
3  2.029300  7.993360 61.6107
3  1.327370  7.859960 62.7789
3  3.390920  7.834750 61.6458
3  4.098500  7.540490 62.9437
3  5.816860  6.624260 61.5652
3  5.296160  6.814710 62.8991
3 -7.733880  1.548200 64.0391
2 -4.180440  0.859881 65.3866
2 -3.999680  0.531409 64.0269
2  2.275800  2.235300 64.4067
2  2.671390  0.947145 64.0231
3  6.463700  0.556605 63.5506
3  6.192540  1.759240 64.2740
3 -7.249950  2.843940 64.0378
2 -2.978230  2.966660 65.0618
2 -1.829810  3.729230 65.4865
2 -0.925040  3.874650 64.3504
2  1.262480  2.938920 63.6572
2  0.470067  3.722670 64.5698
3  5.853480  4.044030 65.1162
3  6.313620  3.164350 64.0598
3 -5.512170  4.981160 64.0330
3 -4.514150  5.944350 63.9838
3  5.650540  5.492310 65.0864
3  6.127830  6.277520 63.9884
3  7.417320  5.868000 63.5764
3 -2.069570  7.236260 63.9579
3 -2.813220  7.174540 65.1107
3 -0.721677  7.641520 64.0183
3  1.997470  7.788180 63.9393
3  3.362080  7.624770 64.0924
3 -8.100490  0.844471 65.2017
3 -7.860840  1.360510 66.4898
2 -3.649090  2.098300 65.9260
2 -3.190130  1.889270 67.2871
2 -3.322030  0.473316 67.5481
2  2.114800  2.582040 65.7842
2  2.336250  1.593630 66.7444
3  5.762000  1.362480 65.5660
3  5.989800  0.002618 65.6928
3 -6.768250  3.278700 65.3365
3 -7.110140  2.551110 66.5984
2 -1.990020  2.537080 67.6516
2 -1.326040  3.462260 66.7593
2  0.101609  3.380410 66.9839
2  1.010460  3.540150 65.9107
3  5.712990  2.158920 66.7220
3  5.751890  3.523990 66.4515
3 -5.898210  4.385690 65.2287
3 -5.349190  4.879410 66.4252
3 -4.328760  5.790480 66.3956
3 -4.003400  6.416710 65.1783
3  5.530160  6.217330 66.3456
3 -2.273350  7.656000 66.2527
3 -0.802775  7.957980 66.4516
3 -0.063432  7.795510 65.2342
3  1.296470  7.901970 65.1665
3  3.675300  7.623000 65.5272
3  4.592620  7.241680 66.5065
3  2.378330  8.054010 66.0868
3 -8.579840  0.710434 67.4955
2 -0.963854  1.846300 68.3780
2  0.322311  2.372890 67.9839
2 -1.126820  0.496081 68.6758
2  1.389710  1.465720 67.8253
3  5.779660  1.473140 67.9466
3  5.961300  0.089035 68.1302
3 -6.435880  3.011460 67.7372
3 -6.346180  2.813740 69.2032
3 -5.552950  4.211860 67.5951
3  5.800140  3.655290 68.8130
3  5.849580  2.278450 69.1034
3 -4.955860  4.628220 68.8409
3 -3.723010  6.168610 67.6126
3 -3.828240  5.421910 68.8108
3  5.897110  4.282790 67.5890
3  6.103750  5.635320 67.5072
3  6.640520  6.226420 68.6355
3 -2.757240  7.197090 67.5190
3 -1.723740  7.186240 68.4333
3 -0.540225  7.656310 67.8659
3  0.495010  7.884440 68.7448
3  3.964480  7.726690 69.0804
3  4.487950  7.691630 67.8490
3  2.272240  8.741260 67.3016
3  1.773810  8.393620 68.5278
3 -6.469770  1.597170 69.8825
3 -6.612520  0.438424 70.4784
3  5.888930  0.294664 70.5759
3  6.082420  1.719990 70.3074
3 -5.590450  3.850780 69.8121
3 -2.854530  3.172820 70.5189
3 -2.751870  5.459270 69.7364
3 -2.347920  4.459960 70.6415
3 -1.821140  6.506730 69.6386
3 -0.648160  6.523530 70.4961
3  0.507532  7.177580 70.0080
3  1.825080  7.328940 70.5555
3  2.634290  7.926320 69.5273
3  6.752320  6.427940 69.9347
2 -0.123376  0.289461 61.6830
2  2.046110  0.336803 62.8869
2  2.720260  0.242391 66.3492
1 -3.403880  0.150447 55.7237
1 -1.672780  1.924170 55.6927