430

3 -2.711900 -7.579570 24.2596
3 -0.216000 -8.811000 24.2122
3  1.177320 -8.953930 24.2367
3  3.875960 -8.602990 24.2336
3  5.061810 -7.811820 24.2081
3 -3.776760 -6.697850 24.2440
3  6.246560 -5.323770 24.2563
3 -5.842750 -3.133710 24.1491
3 -5.335290 -4.380230 24.1970
3  6.352560 -3.954580 24.3111
3 -6.660750 -0.443435 24.1078
3  6.710060 -1.236380 24.2950
3 -2.138770 -8.078810 25.4582
3 -0.924940 -8.710830 25.4171
3  1.823590 -8.935840 25.4746
3  3.159270 -8.669490 25.4502
3  5.525670 -7.278020 25.4562
3 -5.061640 -5.048350 25.3907
3 -4.254540 -6.209080 25.4364
3  6.156300 -6.009640 25.4936
3 -6.101210 -2.488900 25.3551
3  6.534170 -3.268610 25.5176
3 -6.495960 -1.151300 25.3156
2 -0.189242 -1.094820 25.6903
2 -1.591530 -0.976760 25.8274
2  0.541014 -0.172796 24.8292
3  6.661880 -1.893340 25.5106
3 -2.679800 -7.588840 26.6534
3 -2.062470 -7.880130 27.8487
3 -0.275391 -8.961310 26.6193
3 -0.903133 -8.655630 27.8447
3  1.132370 -9.155660 26.6362
3  1.873300 -9.356790 27.8472
3  3.860580 -8.491860 26.6694
3  3.233370 -8.889930 27.8727
3  5.027270 -7.723840 26.6896
3  5.519540 -7.152030 27.9048
3 -5.067280 -4.992720 27.7819
3 -4.209060 -6.076050 27.7869
3 -3.739050 -6.655940 26.6129
3  6.486290 -5.334830 26.7063
3  6.250920 -5.965300 27.9324
3 -6.085240 -2.461170 27.7451
3 -5.797880 -3.088100 26.5823
3 -5.313540 -4.399780 26.5650
3  6.531890 -3.933710 26.7224
3  6.792510 -3.257440 27.9119
3 -6.638460 -0.457576 26.5262
3 -6.514590 -1.167580 27.7316
2 -2.251200 -1.110930 27.1229
2 -3.292750 -0.086862 27.1879
2  0.623792 -1.323220 26.8700
2  1.831520 -0.542479 26.7361
3  7.009060 -1.883130 27.9490
3  6.940420 -1.192740 26.7129
3 -3.673140 -6.499500 28.9937
3 -2.639360 -7.443280 29.0260
3 -2.094620 -7.807290 30.2729
3 -0.274627 -8.958070 29.0162
3 -0.932469 -8.552430 30.2402
3  1.765290 -9.167920 30.2908
3  1.072130 -9.375110 29.0717
3  3.792130 -8.415520 29.1281
3  3.080350 -8.653240 30.3028
3  4.972640 -7.629130 29.1461
3  5.399370 -7.022980 30.3706
3 -5.183640 -5.022840 30.1991
3 -4.262950 -6.061790 30.2152
3  6.277610 -5.908310 30.3669
3  6.484540 -5.306140 29.1160
3 -6.425110 -2.524360 30.1625
3 -5.997420 -3.149070 28.9550
3 -5.490150 -4.437730 28.9635
3  6.806860 -3.954060 29.1101
3  7.003190 -3.262730 30.3164
3 -6.847930 -0.481052 28.8979
3 -6.809270 -1.164450 30.1217
2 -1.695610 -0.531724 29.4536
2 -1.435720 -1.309990 28.2605
2  0.010736 -1.424390 28.1309
2 -0.439051 -0.203594 30.0752
2  1.808690 -0.017943 29.1377
2  0.620648 -0.757470 29.2714
3  7.083360 -1.148960 29.1466
3  7.124290 -1.861940 30.3497
3 -3.921690 -6.608550 31.4550
3 -2.820430 -7.481740 31.4400
3 -0.337050 -8.712900 31.4799
3  1.050500 -9.009000 31.5036
3  3.657600 -8.194450 31.5451
3  4.789730 -7.434720 31.5483
3  6.678730 -5.279620 31.5481
3 -6.315870 -3.228390 31.3672
3 -5.773910 -4.546230 31.3518
3  7.097940 -3.968090 31.5310
3 -7.038030 -0.451953 31.3100
3  7.237260 -1.099720 31.5326
3  0.929432 -8.855820 33.9362
3 -4.208530 -6.876200 33.8144
3 -2.391220 -7.989330 32.6416
3 -3.079070 -7.723720 33.8027
3 -1.048080 -8.476910 32.6736
3 -0.450515 -8.732440 33.9382
3  1.707090 -8.845040 32.7502
3  2.987690 -8.368690 32.7851
3  3.565470 -8.063840 33.9975
3  5.242360 -6.842430 32.7287
3  4.632950 -7.165100 33.9581
3 -4.573390 -6.275290 32.6116
3 -5.535820 -5.178500 32.5854
1 -0.743604 -4.847990 34.1506
1  1.625230 -4.417610 33.5437
1  2.092120 -5.103190 34.6725
3  6.221320 -5.785860 32.7437
3  6.585830 -5.226270 33.9747
3 -6.324210 -3.199030 33.7698
3 -6.538110 -2.489400 32.5494
3 -5.813660 -4.513080 33.8184
1 -2.228970 -2.871680 33.9906
1 -1.968620 -4.148650 34.5167
1 -1.204280 -2.288270 33.1467
1  0.202127 -4.301390 33.2701
1 -0.040667 -2.979870 32.7493
1  1.228010 -2.288480 32.7016
1  2.267440 -3.172920 33.1691
1  3.345980 -2.653030 33.9230
3  7.325190 -3.230260 32.7388
3  7.124990 -3.909110 33.9826
3 -6.893110 -1.124110 32.5456
3 -6.898180 -0.403989 33.7570
1 -1.111150 -0.895659 33.4792
1 -2.042750 -0.591720 34.5313
1  0.111868 -0.233510 33.4265
1  1.297060 -0.936183 33.0347
1  2.401860 -0.395666 33.7809
1  3.436060 -1.235500 34.2123
3  7.432490 -1.813820 32.7211
3  7.446240 -1.102000 33.9340
3 -0.638402 -8.746510 36.3463
3  1.566190 -8.774920 35.1609
3  0.802016 -8.825080 36.3209
3 -4.309330 -6.911780 36.2553
3 -2.594530 -8.187980 35.0566
3 -3.290360 -7.876110 36.2596
3 -1.242540 -8.594270 35.0986
3  2.942510 -8.410630 35.1814
3  3.585730 -8.169710 36.4075
3  4.684090 -7.285630 36.3391
3  5.193240 -6.762730 35.1677
3 -4.709100 -6.363380 35.0326
3 -5.409230 -5.141700 35.0425
1 -1.159720 -5.243370 36.4082
1 -2.209640 -4.385390 35.9225
1 -0.247482 -5.502150 35.3293
1  1.119310 -5.662950 35.5700
1  3.136810 -4.518970 35.4719
3  6.104340 -5.730590 35.1558
3  6.429760 -5.136640 36.4128
3 -6.191150 -3.136200 36.1973
3 -6.481950 -2.497890 34.9950
3 -5.738780 -4.438170 36.2419
1 -2.988120 -2.069150 36.2412
1 -2.745270 -3.397640 36.7709
1  3.780240 -3.343240 35.1105
1  4.149800 -2.373700 36.1231
3  7.313930 -3.211560 35.1635
3  7.044540 -3.882770 36.3742
3 -6.758930 -1.105820 34.9817
3 -6.935500 -0.404056 36.1587
1 -2.740470 -1.819380 34.8733
1  3.921980 -1.063620 35.5683
1  3.382130 -0.075010 36.4082
3  7.458660 -1.793300 35.1746
3  7.433230 -1.043110 36.3672
3  1.451360 -8.787300 37.5357
3 -2.671650 -8.140740 37.5084
3 -1.363850 -8.543350 37.4965
3  2.858240 -8.515190 37.5859
3  5.153190 -6.853210 37.6040
3 -4.787430 -6.323440 37.4663
3 -5.488640 -5.068320 37.4670
1 -0.681391 -5.122050 37.7112
1 -1.202660 -4.103520 38.5774
1  1.589560 -5.451970 36.9087
1  0.725420 -5.254120 37.9768
1  2.840480 -4.758830 36.8478
3  5.963440 -5.733290 37.5854
3 -6.231370 -3.122500 38.6269
1 -2.210640 -3.247860 38.1102
1  3.229410 -3.855050 37.8305
1  3.930100 -2.637890 37.4926
3  7.178550 -3.199550 37.5871
3 -6.867790 -0.370161 38.5923
3 -6.797730 -1.056420 37.3801
3 -6.445530 -2.446670 37.3818
1 -2.602240 -1.110540 37.2659
1 -1.932340  0.065382 36.9020
1 -2.121790 -1.840900 38.4158
1  3.130610 -0.335957 37.8051
1  3.427410 -1.591620 38.3714
3  7.285750 -1.783450 37.5429
3 -0.737424 -8.621560 38.7522
3  0.673604 -8.803320 38.7634
3 -4.435150 -6.903770 38.7050
3 -3.348430 -7.809610 38.7304
3  3.395060 -8.175040 38.7886
3  4.535370 -7.341170 38.7683
1  1.097250 -4.295080 38.9901
3  6.297130 -5.186100 38.7947
3 -5.798460 -4.451810 38.6600
1 -0.099067 -3.586930 39.3599
1  2.324170 -3.601170 38.9145
1  2.436440 -2.202770 39.2449
3  6.859710 -3.878710 38.8016
1 -1.013670 -1.337000 39.1223
1 -0.375563 -0.089960 38.7931
1  1.030260 -0.190722 39.0872
3  7.138410 -1.082080 38.7372
3 -6.835760  0.932476 24.0975
2  0.430827  2.169870 23.9815
3  6.835940  0.152719 24.2832
3 -6.450950  3.618040 24.0905
3  5.679110  4.106630 24.2287
3  6.327800  2.866360 24.2757
3 -6.073010  4.957650 24.0976
3  4.231060  6.422700 24.1100
3 -4.678010  7.359510 24.1807
3 -3.665520  8.311310 24.2308
3  0.417379  8.176070 24.1680
3  3.013900  7.076480 24.1755
3 -0.930281  8.530480 24.1589
3 -6.978720  1.601230 25.3143
2 -2.242960  0.099865 25.1141
2 -1.551350  0.968719 24.2604
2 -0.127912  0.840312 24.1245
2  1.774780  0.169619 25.4882
2  2.361620  1.437340 25.3408
3  6.608860  2.259730 25.4902
3  6.903150  0.890876 25.4931
3 -6.714580  2.954340 25.2867
2 -1.892350  2.374140 24.1864
2 -2.958090  2.893490 24.9460
2 -2.791730  4.187910 25.6147
2 -0.670531  3.125890 24.0218
2  1.668030  2.459460 24.5822
2  1.796480  3.709560 25.2883
3 -5.871240  5.592620 25.3351
2 -0.516705  4.391040 24.6392
2 -1.599930  4.948940 25.4624
2  0.722989  4.599480 25.3513
3  5.483980  4.800640 25.4300
3  4.757650  5.961200 25.3393
3 -5.117720  6.746220 25.4001
3 -2.948170  8.397890 25.4103
3 -1.565620  8.641300 25.4087
3  1.141580  7.991110 25.3716
3  2.455120  7.521910 25.3911
3 -6.965730  0.906531 26.5337
3 -7.188370  1.607250 27.6890
2 -3.602590  1.997100 25.8846
2 -3.275490  0.640603 25.9448
2  2.418640  0.092419 27.8355
2  2.964850  2.077060 26.4918
2  3.001840  1.408040 27.7240
3  7.029680  0.941473 27.9212
3  6.644650  2.301390 27.8885
3  7.012770  0.233515 26.7454
3 -6.742450  3.632770 26.4876
3 -7.120170  3.019630 27.6897
2 -3.844040  2.708540 27.1054
2 -3.301850  4.020780 26.9648
2  2.608760  3.474070 26.4575
2  2.346830  4.147710 27.6551
3  5.819690  4.245560 26.6429
3  6.291250  2.947660 26.6738
3 -6.252270  4.950630 26.5209
3 -6.061320  5.588890 27.7264
2 -0.968321  5.474630 26.6764
2 -1.520760  5.343130 27.9502
2  0.446008  5.270710 26.5761
2  1.243620  5.067080 27.7029
3  4.279900  6.555130 26.5545
3  5.534550  4.943620 27.8539
3  4.875940  6.192310 27.8379
3 -4.561450  7.118180 26.5942
3 -5.216660  6.678480 27.7394
3 -3.501690  7.951860 26.6102
3 -2.822930  8.156880 27.8351
3 -0.802183  8.593890 26.6170
3 -1.488630  8.506190 27.8197
3  0.596284  8.357180 26.5755
3  1.306720  8.299850 27.7898
3  3.135510  7.319810 26.5826
3  2.637300  7.812790 27.8131
3 -7.189690  0.889612 28.8848
3 -7.207380  1.629050 30.1175
2 -3.875710  2.049210 28.3404
2 -3.541900  0.640212 28.3689
2 -2.729380  0.405844 29.5317
2  2.025050  1.233140 29.8422
2  2.753500  2.117450 28.9585
3  7.065380  0.985299 30.3133
3  7.116700  0.252862 29.1282
3 -7.109510  3.711100 28.9419
3 -7.235350  3.021970 30.1464
2 -2.735490  3.982250 29.3915
2 -3.275420  2.685020 29.5004
2  1.385580  4.030020 29.7848
2  2.418450  3.480590 28.9304
3  5.829400  4.280290 29.0809
3  6.670180  2.352580 30.3039
3  6.409340  2.986570 29.0899
3 -6.597470  5.010730 28.9029
3 -6.244820  5.676340 30.1272
2 -2.743360  4.616700 28.0935
2 -0.720329  5.149600 29.1334
2  0.673167  5.030470 29.0247
3  5.624000  4.980880 30.2532
3  4.990680  6.195860 30.2262
3 -4.743460  7.175430 28.9792
3 -5.314060  6.719250 30.1820
3 -3.545450  7.882340 29.0239
3 -2.842060  7.907130 30.1999
3 -0.807710  8.446180 29.0159
3 -1.497270  8.251260 30.2506
3  1.253090  8.229260 30.2117
3  0.615629  8.470240 28.9911
3  3.254900  7.432900 28.9896
3  2.576020  7.662660 30.2001
3  4.435550  6.705300 29.0423
3 -7.192060  0.949246 31.3442
2 -2.565040  1.663540 30.2272
2 -1.343070  1.983070 30.8229
2 -0.266760  1.037660 30.6962
2  0.976210  1.757700 30.6219
3  7.177090  0.281764 31.5200
3 -7.170520  3.742180 31.3455
2 -1.470110  4.308320 30.0350
2 -0.780516  3.315070 30.7544
2  0.663307  3.172100 30.6326
3  5.964350  4.353270 31.4814
3  6.456420  3.020290 31.5129
3 -6.713010  5.063900 31.3164
3 -6.381760  5.676160 32.5580
3  4.407780  6.661690 31.4138
3 -4.772240  7.132270 31.3971
3 -5.465260  6.750130 32.5733
3 -3.493350  7.639500 31.3923
3 -2.915110  7.874140 32.6123
3 -1.554300  8.147760 32.6432
3 -0.827525  8.287170 31.4595
3  1.186760  7.996680 32.6861
3  0.548182  8.254200 31.4607
3  3.211170  7.370070 31.4153
3  2.546980  7.687300 32.6499
3 -7.308500  1.663410 32.5560
3 -7.225820  0.963828 33.7390
1  0.470205  0.761430 34.3963
3  6.787410  2.373960 32.7111
3  7.111480  1.005860 32.7141
3  7.298220  0.307505 33.9256
3 -7.369470  3.068000 32.5569
3 -7.158020  3.759070 33.7511
3  6.081070  4.432510 33.8895
3  6.611500  3.124080 33.8927
3 -6.793780  5.107330 33.7718
3  4.888370  6.192660 32.6641
3  5.647470  5.022920 32.6559
3 -4.901250  7.126340 33.7905
3 -3.603210  7.554430 33.7971
3 -0.872797  8.011510 33.8526
3  0.497898  8.002590 33.8736
3  3.174980  7.467800 33.8515
3  4.354390  6.753400 33.8768
3 -7.223780  1.629950 34.9442
3 -7.159380  0.963686 36.1616
1 -1.676090  0.342919 35.5132
1 -0.422100  1.065050 35.4329
1  1.894410  0.669158 34.6242
1  2.386530  0.854374 35.9298
3  6.845120  2.436840 35.1013
3  7.193330  1.041260 35.1037
3  7.300630  0.359381 36.3238
3 -7.147650  3.025960 34.9375
3 -6.959780  3.736760 36.1608
3  5.973120  4.438170 36.3019
3  6.524960  3.128000 36.3014
3 -6.636630  5.097360 36.1926
3 -6.458350  5.764700 34.9753
3  5.733360  5.090070 35.0636
3  4.899400  6.269810 35.0769
3 -5.499750  6.768170 34.9880
3 -4.925780  7.093400 36.2210
3 -2.915320  7.594150 35.0186
3 -3.604900  7.582410 36.2117
3 -1.558170  7.826790 35.0278
3 -0.930611  8.066570 36.2405
3  1.188160  8.102820 35.0625
3  0.451871  8.202890 36.2182
3  2.546890  7.831560 35.0414
3  3.187480  7.614860 36.2338
3  4.299820  6.725090 36.2676
3 -7.300840  1.654020 37.3901
1 -0.848206  0.612133 37.6803
1  0.082928  1.256800 36.7816
1  1.469270  1.135260 37.0250
1  1.939250  0.393314 38.1886
3  7.037300  1.019900 37.5336
3  6.645770  2.418930 37.5108
3 -7.221750  3.069250 37.4045
3 -7.151190  3.788270 38.6152
3  5.666840  4.325000 38.6667
3  6.130990  2.994770 38.6673
3 -6.740430  5.104310 38.6738
3 -6.387680  5.694390 37.4567
3  4.631060  6.137530 37.4424
3  5.443350  4.988740 37.4535
3 -5.456710  6.756700 37.4630
3 -4.940960  7.254230 38.6581
3 -3.021750  7.874250 37.4345
3 -3.661450  7.783340 38.6728
3 -1.689090  8.270920 37.4331
3 -1.025120  8.494240 38.6161
3  1.096180  8.208030 37.3889
3  0.370088  8.413850 38.5924
3  2.427780  7.859820 37.4195
3  3.000880  7.510090 38.6461
3  4.080890  6.609330 38.6289
3 -7.139350  0.992481 38.6095
3  7.009640  0.312392 38.7283