56

1 3.945620  0.008803  96.5885
1 2.300400 -0.363289  98.1870
1 3.616630 -0.748694  97.7583
1 6.292940  0.137988  97.3927
1 4.599360 -1.062080  98.7288
1 5.958290 -0.602517  98.5379
1 1.981310 -0.284138  99.5398
1 4.286220 -0.939405 100.1380
1 3.002170 -0.514654 100.5340
1 5.461330 -0.435176 100.8220
1 6.493780 -0.192459  99.8281
1 1.771410  0.586473  97.2230
1 3.017900  2.141640  95.7361
1 2.808010  0.838228  96.2287
1 5.454660  1.816290  95.9891
1 5.236710  0.495103  96.4688
1 6.653990  2.317280  96.5850
1 2.167840  3.263720  96.1232
1 3.052300  4.423400  96.3183
1 4.366510  2.612430  95.6313
1 4.385360  4.016090  95.9744
1 5.517640  4.503630  96.6460
1 6.681260  3.676510  96.9258
1 0.968051  1.680520  97.6271
1 0.714947  1.782880  99.0478
1 7.181420  1.301370  97.4817
1 7.716880  1.702340  98.7336
1 1.162940  3.026160  97.0968
1 1.075830  3.935940  98.2387
1 7.248490  4.106330  98.1904
1 7.758930  3.136270  99.0824
1 1.878540  5.064460  98.3758
1 2.945630  5.255210  97.4307
1 4.065560  5.852350  98.0956
1 5.380750  5.472820  97.7144
1 6.424860  5.186350  98.6824
1 1.177970  0.833333  99.9639
1 1.645100  1.234540 101.2990
1 7.288790  0.962698  99.9022
1 7.079040  1.904350 100.9630
1 0.771981  3.163480  99.4255
1 1.163650  3.581830 100.6950
1 2.000240  4.754300 100.8260
1 7.352120  3.238190 100.4820
1 6.576880  4.305290 100.9540
1 3.757260  5.931190  99.5029
1 2.405700  5.446470  99.6595
1 6.125040  5.304360 100.0440
1 4.754560  5.683370 100.4430
1 1.659530  2.594630 101.6550
1 6.063920  1.684440 101.8930
1 3.058360  4.450720 101.7890
1 5.525840  4.076040 101.9100
1 4.386920  4.898040 101.5950
1 2.777060  0.365551 101.6490
1 5.240410  0.516219 101.8260