295

3 -0.438073 -8.261380 20.0218
3  0.167179 -8.386720 18.6686
3  1.578060 -8.113950 18.6692
3  2.194410 -7.948290 20.0158
3 -4.063500 -6.465090 19.9997
3 -2.491030 -7.682890 18.6045
3 -3.570400 -6.807670 18.6484
3 -1.836390 -7.860200 20.0074
3  3.543550 -7.462030 20.1087
3  4.138330 -7.151220 18.8043
3  5.256490 -6.320170 18.8450
3 -5.586500 -5.010860 18.7068
3 -5.046420 -5.482880 20.0531
2 -1.131660 -4.124920 18.3181
2 -0.731068 -4.662900 19.6391
2  0.690710 -4.873930 19.5222
3  5.655110 -5.824680 20.1986
3  6.362650 -4.624250 20.2141
3  6.764310 -4.121140 18.8548
3 -6.588750 -3.242110 20.0685
3 -6.346450 -3.798630 18.7313
2 -2.657150 -2.460080 19.4189
2  3.869940 -2.376670 18.5066
2  3.238780 -3.589460 18.8689
2  2.884050 -3.855660 20.2314
3  7.172960 -2.770760 18.8544
3  7.198600 -2.111160 20.2328
3 -6.966170 -1.891690 20.1019
3 -7.096930 -1.204170 18.8366
2 -2.855920 -1.062080 19.1431
2 -2.609440 -0.120816 20.1436
2  3.957220 -0.010322 19.2513
2  4.176330 -1.438890 19.5023
3  7.326680 -0.072155 18.7627
3  7.342610 -0.669731 20.1862
3  0.194171 -8.357390 21.3226
3  1.581910 -8.124720 21.3137
3 -2.406900 -7.638760 21.3157
3 -3.616580 -6.948770 21.3186
3  4.076090 -7.192100 21.4736
3  5.184190 -6.271010 21.5227
3 -5.537230 -5.098430 21.4197
2 -1.199250 -3.965690 20.7860
2  1.572080 -4.517750 20.5469
3  6.612600 -4.047080 21.5607
3 -6.224820 -3.817340 21.4461
2 -2.269740 -2.927510 20.6862
2 -0.709538 -2.302120 22.3865
2 -0.220641 -3.537470 21.7539
2  1.095180 -3.823880 21.7059
2  2.088150 -2.865630 22.1869
2  3.145170 -2.832520 21.2571
3  7.063430 -2.685320 21.5702
3 -6.925290 -1.314520 21.4959
2 -2.163190 -0.508362 21.5352
2 -1.873240 -1.915030 21.7160
2  2.331100 -0.461618 22.3824
2  3.867480 -1.708000 20.9073
2  3.466960 -0.465337 21.5364
3  7.457600 -0.016986 21.4798
3 -0.448760 -8.238950 22.7164
3 -1.768220 -7.755750 22.6857
3  0.187429 -8.341300 24.0773
3  1.592800 -8.274880 24.0706
3  2.231390 -8.053570 22.7054
3 -4.091790 -6.600750 22.7353
3 -2.379240 -7.792320 24.0624
3 -3.654160 -7.073810 24.1061
3  3.540930 -7.573070 22.7725
3  4.045140 -7.262670 24.1145
3  5.065100 -6.262380 24.1738
3 -5.448620 -5.095430 24.1376
3 -5.136120 -5.679200 22.7329
3  5.485320 -5.749300 22.9043
3  6.207480 -4.530540 22.8999
3  6.434910 -3.898220 24.2232
3 -6.242800 -3.922590 24.1351
3 -6.399740 -3.272060 22.8435
3  7.001150 -2.613520 24.2428
3  7.235980 -2.056760 22.9028
3 -6.871280 -1.917450 22.8162
3 -6.817290 -1.262490 24.1373
2  1.632010 -1.675690 22.7966
2  0.201552 -1.388800 22.9306
3  7.450690 -0.638009 22.8826
3  7.588090 -0.014526 24.1789
3 -1.753580 -7.973830 25.4403
3 -0.402752 -8.339810 25.4329
3  2.223620 -8.161750 25.3878
3 -4.029660 -6.599840 25.4565
3  3.530100 -7.643240 25.3926
3 -5.150760 -5.676360 25.5168
3  5.361420 -5.712940 25.5025
3  6.105620 -4.474410 25.5337
3 -6.476950 -3.335230 25.4948
3  7.213160 -2.054510 25.5494
3 -6.745980 -1.909090 25.4523
1 -0.848939 -0.020249 26.1571
3  7.518840 -0.664150 25.5477
3 -0.434432 -8.488120 28.1300
3 -1.810780 -8.075840 28.1531
3  0.172204 -8.468170 26.7901
3  1.590570 -8.380200 26.7696
3  2.208810 -8.211110 28.0348
3 -4.007260 -6.594740 28.1510
3 -2.360830 -7.766400 26.7944
3 -3.615610 -7.083080 26.8031
3  3.535910 -7.751610 28.0525
3  4.070560 -7.320320 26.7591
3  4.984310 -6.236650 26.8112
3 -5.387850 -5.075680 26.8001
3 -4.940250 -5.500970 28.1273
3  5.377820 -5.726520 28.1281
3  6.098290 -4.511210 28.2294
3  6.409300 -3.923400 26.8931
3 -6.358570 -3.320040 28.1785
3 -6.143330 -3.886620 26.8154
3  6.911690 -2.591770 26.9064
3  7.112760 -2.001560 28.2775
3 -6.837650 -1.278400 26.8184
3 -6.891880 -1.995680 28.1723
1 -2.427940 -0.461073 27.8409
1 -1.342490 -1.418610 27.9303
1 -0.384064 -1.233780 26.8590
1  1.863330 -0.269494 26.7021
1  1.439620 -1.766870 28.4482
1  0.973551 -1.306410 27.1040
1  2.927410 -0.173048 27.6918
1  2.655460 -1.020280 28.7963
3  7.486880 -0.041214 26.8854
3  7.430580 -0.651191 28.2830
3  0.154242 -8.500510 29.4789
3  1.574180 -8.285730 29.4389
3 -2.399870 -7.784090 29.5091
3 -3.494790 -6.884710 29.4893
3  4.080440 -7.402170 29.4555
3  5.089860 -6.342350 29.4309
3 -5.288840 -5.016510 29.4654
3  6.407390 -3.984320 29.5628
3 -6.084900 -3.827420 29.4761
1 -0.908036 -1.788200 29.2031
1  0.445387 -1.961620 29.4502
3  6.856480 -2.610910 29.6497
3 -7.128250 -1.329690 29.5062
1 -2.938250  0.066097 29.0651
1 -2.567300 -0.428755 30.3550
1 -1.504290 -1.284890 30.3874
1  2.825300 -0.650478 30.1402
3  7.482020 -0.023375 29.6023
2 -1.522560  1.368520 18.4798
3 -7.169860  0.765932 20.2055
3 -7.236150  0.216241 18.8599
2 -1.894430  1.085420 19.7884
2  2.070180  2.007910 19.0995
2  0.656719  2.252550 19.2155
2  0.248296  1.948690 20.5369
2  2.519210  1.535340 20.3879
2  3.522370  0.548074 20.4775
3  7.127500  1.329740 18.8303
3  6.964630  1.916950 20.1519
3 -7.116220  2.231640 20.1877
3 -7.002450  2.847750 18.8360
3  6.187770  3.783350 18.8856
3  6.422920  3.161640 20.1904
3 -6.675420  4.263700 18.8422
3 -6.438420  4.833450 20.1674
3 -5.629760  5.963190 20.1703
3  5.139330  5.495020 20.2011
3  5.572880  5.055950 18.8601
3 -5.103820  6.425880 18.7846
3 -3.961770  7.266600 18.8430
3 -3.430910  7.572480 20.1761
3  1.922480  7.991280 20.2142
3  2.522200  7.856410 18.8744
3  3.708370  7.063360 18.8871
3  4.202710  6.604460 20.1841
3 -2.191260  8.186160 20.1955
3 -1.534640  8.412530 18.8482
3 -0.074166  8.437570 18.8698
3  0.561385  8.464690 20.2123
3 -6.944760  0.109424 21.5272
2  0.003807  0.048301 22.5746
2 -1.039770  1.503760 20.8764
2 -1.163280  0.480220 21.9405
2  1.427790  1.641260 21.3090
2  1.307140  0.606171 22.2746
3  7.253710  1.342630 21.4975
3 -6.999050  2.870440 21.5324
3  6.185570  3.727420 21.5448
3 -6.636110  4.221240 21.5087
3  5.498690  4.963660 21.5328
3 -5.216690  6.438110 21.5054
3 -3.997360  7.172760 21.5583
3  2.492240  7.743120 21.5883
3  3.652650  6.965870 21.5955
3 -1.529140  8.323970 21.5355
3 -0.116178  8.488560 21.5539
3 -6.889380  0.740161 22.8615
3 -6.831280  0.107872 24.1235
3  7.033460  1.908780 22.8927
3  7.328870  1.365220 24.1756
3 -7.024190  2.197370 22.8286
3 -6.955260  2.856190 24.1559
3  6.247120  3.784530 24.2081
3  6.453790  3.212320 22.8905
3 -6.687680  4.275340 24.1641
3 -6.389260  4.818610 22.8176
3 -5.672710  6.001060 22.8283
3  5.145860  5.464270 22.8891
3  5.625440  5.008510 24.2435
3 -5.186600  6.432830 24.2108
3 -3.972190  7.157620 24.2180
3 -3.460290  7.541310 22.8810
3  1.870150  7.881250 22.9541
3  2.413100  7.550030 24.2584
3  3.673080  6.883690 24.2651
3  4.157170  6.495780 22.9278
3 -2.172860  8.128820 22.8665
3 -0.137622  8.353240 24.2479
3 -1.522880  8.190250 24.2164
3  0.554504  8.428100 22.9311
3 -6.857750  0.774303 25.4617
1  0.055900  0.986872 25.7771
1  1.446300  0.852498 25.9686
3  7.155390  1.945800 25.5382
3 -6.901110  2.249590 25.4818
1 -1.518820  2.748900 26.4395
1 -0.285220  2.376160 25.8505
1  1.992530  2.169520 26.2302
1  0.922543  3.131050 26.0999
3  6.570400  3.233810 25.5550
3 -6.438580  4.871550 25.5080
3 -5.669160  6.049910 25.5475
3  5.246150  5.480280 25.5380
3 -3.485000  7.493950 25.6026
3  1.875470  7.743910 25.5899
3  4.227670  6.515410 25.5525
3 -2.217060  7.971610 25.6253
3  0.526105  8.224500 25.6538
3 -7.156140  0.740484 28.1390
3 -6.957020  0.135529 26.8103
1 -2.437550  1.779710 26.9145
1 -2.996220  2.297070 28.1373
1 -2.119830  0.416157 26.7274
1  3.400890  1.142240 27.9225
3  7.359030  1.343050 26.8774
3  7.169630  1.922160 28.2108
3 -7.097570  2.193770 28.1619
3 -6.959520  2.814200 26.8152
1 -2.588670  3.637740 28.3568
1 -1.555280  3.940860 27.3418
1  2.909060  2.300760 27.2429
1  2.924400  3.408600 28.1479
3  6.374140  3.832540 26.8778
3  6.673890  3.276600 28.2517
3 -6.734010  4.248610 26.8374
3 -6.424730  4.759230 28.1975
3 -5.739050  6.008010 28.2369
1 -0.380766  4.572680 27.6678
1  0.833769  4.243590 26.9975
1  1.948160  4.362100 28.0312
3  5.614570  5.008240 26.8711
3  5.291820  5.564430 28.2193
3 -5.297720  6.570510 26.8926
3 -4.113690  7.304640 26.9217
3 -3.564480  7.634430 28.2960
3  2.546140  7.669410 26.8978
3  3.767150  6.910360 26.9192
3  4.315240  6.519280 28.2575
3 -2.239030  8.131710 28.3127
3 -0.120074  8.244260 26.9679
3 -1.562640  8.212990 26.9637
3  1.934630  7.877330 28.2094
3  0.527120  8.120810 28.2395
3 -7.209140  0.086274 29.4980
1 -3.363810  1.443840 29.1809
1  3.705900  1.566750 29.3407
1  3.371080  0.700156 30.3979
3  7.330660  1.402870 29.5859
3 -7.050320  2.739660 29.5181
1 -2.344440  4.049500 29.6723
1  3.356380  2.956360 29.4410
3  6.394470  3.833800 29.5831
3 -6.725500  4.152340 29.4745
1 -1.111190  4.698580 30.0394
1 -0.154864  4.841760 29.0194
1  1.731380  4.366560 30.5172
1  1.273520  4.820920 29.2378
3  5.615040  4.991380 29.5456
3 -5.255230  6.416990 29.5279
3 -4.191590  7.342400 29.5897
3  2.545110  7.644550 29.5816
3  3.762190  6.904050 29.5917
3 -1.573410  8.229410 29.5991
3 -0.137555  8.108200 29.6099