292

3 -5.295740 -6.266740 70.0845
3 -3.237120 -7.786110 70.1218
3 -1.827790 -8.272900 70.0464
3  0.774853 -8.118560 70.0384
3  2.167990 -7.675950 70.0225
3  4.276080 -6.108970 70.0395
3 -6.113030 -5.075260 70.1144
3  5.108360 -4.843860 70.0319
3 -7.004030 -2.636300 70.0757
3  6.351950 -2.628120 70.0394
3 -7.120980 -1.171720 70.0707
2 -0.463837 -0.361795 69.8533
2 -1.110400 -1.036690 70.8754
2  1.734830 -1.274670 70.4911
2  2.968990 -0.771357 70.9642
3  6.905030 -1.255140 70.0327
3  0.189433 -8.252150 71.6188
3 -4.986080 -6.731590 71.6652
3 -5.363870 -6.386170 73.2631
3 -1.839910 -8.128170 73.1821
3 -3.722410 -7.507730 71.6007
3 -3.171160 -7.708090 73.2092
3 -1.271110 -8.299170 71.6152
3  0.784472 -8.077250 73.1468
3  2.154050 -7.658970 73.1653
3  2.668310 -7.382600 71.6194
3  3.840160 -6.496520 71.6089
3  4.299960 -6.102220 73.2006
3 -6.454260 -4.558150 71.7000
3 -6.143500 -5.104510 73.2837
3  5.473270 -4.425250 71.6389
3  5.090950 -4.904410 73.2236
3 -6.751970 -3.157700 71.6511
3 -6.881220 -2.583480 73.2602
3  6.034650 -3.100410 71.6341
3  6.348150 -2.604900 73.2182
3 -7.088940 -0.602892 71.6315
3 -7.065430 -1.116000 73.2475
2 -2.120930 -0.288039 71.6630
2 -0.276469 -1.701210 71.8212
2 -0.794760 -1.509670 73.1122
2 -1.980480 -0.670808 73.0287
2  1.048190 -1.913790 71.5924
2  1.940950 -1.795820 72.7780
2  3.146630 -1.132970 72.3725
3  7.071810 -0.744976 71.6355
3  6.998030 -1.264140 73.2520
3  0.216525 -8.181960 74.7489
3 -4.918100 -6.788260 74.8288
3 -3.603400 -7.550550 74.8332
3 -1.242460 -8.299800 74.7272
3  2.701580 -7.400380 74.6908
3  3.767600 -6.456250 74.7555
3 -6.455940 -4.586750 74.8553
3  5.437140 -4.482750 74.7764
3 -6.802330 -3.204650 74.8595
3  6.108490 -3.187040 74.7858
3 -7.078840 -0.566167 74.8100
2  0.053735 -1.555790 74.2104
2  1.479080 -1.736530 74.0936
2  2.113990 -0.817292 74.9541
3  7.274800 -0.746540 74.8314
3 -5.399910 -6.406220 76.4000
3 -3.111390 -7.886350 76.3899
3 -1.723130 -8.311190 76.2953
3  0.835960 -8.134460 76.3333
3  2.254950 -7.690940 76.3434
3  4.224680 -6.093120 76.3442
3 -6.243100 -5.145900 76.4416
3  5.150600 -4.911880 76.3682
3 -6.921190 -2.648810 76.4091
3  6.419320 -2.624500 76.3417
3 -7.065200 -1.205090 76.3922
2 -0.156200 -0.559409 75.2681
2  1.116490 -0.072345 75.7177
3  6.990520 -1.252800 76.4169
3  0.306585 -8.378820 77.9303
3 -4.863910 -6.693280 77.9993
3 -3.624900 -7.556470 77.9961
3 -1.150450 -8.330270 77.8880
3  2.699380 -7.412250 77.9457
3  3.776830 -6.375900 77.9714
3 -6.403230 -4.575120 78.0108
3  5.422940 -4.428360 77.9384
3 -6.814560 -3.219250 78.0072
3  6.236890 -3.197740 77.9253
3 -7.163040 -0.602219 77.9933
3  7.140950 -0.701087 77.9233
3 -5.310430 -6.351020 79.6096
3 -4.862900 -6.741180 81.1580
3 -3.053060 -7.665500 79.5264
3 -3.658620 -7.563430 81.1373
3 -1.713310 -8.268860 79.5023
3 -1.180970 -8.433590 81.1119
3  0.293649 -8.430340 81.1121
3  0.858696 -8.323810 79.5352
3  2.143330 -7.688940 79.5557
3  2.729160 -7.419470 81.1499
3  3.791240 -6.406790 81.1358
3 -6.266030 -4.568460 81.1516
3 -6.098400 -5.167360 79.5551
3  4.165960 -5.963700 79.5256
3  5.202510 -4.918090 79.5185
3  5.594660 -4.500530 81.1372
3 -6.930900 -2.670990 79.5602
3 -6.798000 -3.234980 81.1358
3  6.323850 -3.185970 81.0593
3  6.423320 -2.670140 79.5231
3 -7.132340 -1.232950 79.5244
3 -7.080140 -0.683189 81.1324
3  6.967410 -1.241620 79.5268
3  7.020790 -0.678752 81.1562
3 -5.186250 -6.358570 82.7403
3 -3.187290 -7.885100 82.7263
3 -1.755840 -8.353050 82.7272
3  0.907133 -8.378440 82.6799
3  2.200710 -7.717450 82.6561
3  4.297580 -6.040010 82.6972
3 -5.999660 -5.121010 82.7225
3  5.336560 -4.996280 82.6508
3 -7.053460 -2.672090 82.7430
3  6.458660 -2.613410 82.6688
3 -7.211250 -1.223220 82.7526
3  6.840780 -1.223600 82.6943
3 -4.754750 -6.774160 84.3457
3 -3.649820 -7.683680 84.3434
3 -1.122580 -8.520140 84.2992
3  0.339037 -8.516940 84.2367
3  2.749150 -7.452260 84.2070
3  3.954200 -6.508730 84.2722
3 -6.239690 -4.585920 84.2977
3  5.615770 -4.538970 84.2739
3 -6.818810 -3.306690 84.2772
3  6.241050 -3.207950 84.2297
3 -7.150320 -0.665406 84.2881
3  7.065170 -0.737263 84.2530
3 -6.730340  1.421720 70.0853
2 -1.783770  1.663800 70.1789
2  3.573700  0.396408 70.4144
3  7.360200  1.266350 70.0211
3 -6.396420  2.848650 70.1129
2 -1.713260  3.080490 70.4815
2 -0.571612  3.799710 70.0891
2  2.897230  2.628800 69.9101
3  7.214300  2.719500 70.0182
3 -5.152590  5.094830 70.0291
2  1.585160  4.522170 70.8434
3  6.301120  5.144420 70.0435
3 -4.213150  6.265200 70.0455
3 -2.019810  7.800700 70.0932
3  3.340990  7.771760 70.0537
3  5.439370  6.324160 69.9760
3 -0.636460  8.213820 70.1021
3  1.921690  8.291580 70.0912
3 -7.007680  0.826728 71.6250
3 -6.866460  1.435280 73.1816
2 -2.446980  1.026570 71.2833
2 -2.710180  2.041640 72.3092
2  4.270130  0.985639 72.6970
2  4.202350  1.348240 71.3452
3  7.409220  0.640744 71.6087
3  7.581900  1.237260 73.2193
3 -6.440370  2.832570 73.2020
3 -6.159720  3.361460 71.7040
2 -2.303870  3.304130 71.8216
2 -1.623320  4.163180 72.6892
2  3.830140  2.683440 70.9977
2  3.589160  3.618420 72.0565
3  7.176980  3.275460 71.6185
3  7.425750  2.701460 73.2226
3 -5.547620  4.744560 71.6449
3 -5.136700  5.207700 73.2182
2  0.151078  4.684390 71.0365
2 -0.439212  4.849000 72.2228
2  2.463310  4.532150 71.9319
3  6.640290  4.641060 71.6311
3  6.391910  5.142490 73.1919
3 -4.172260  6.247470 73.2282
3 -3.715860  6.580910 71.6097
3 -2.476400  7.464970 71.7086
3 -2.035120  7.774400 73.2950
3  3.331890  7.677550 73.2561
3  3.918180  7.476360 71.6572
3  5.085780  6.684630 71.6035
3  5.497670  6.270170 73.1980
3 -0.626427  8.091380 73.2547
3 -0.049161  8.278190 71.6702
3  1.400970  8.279390 71.6650
3  1.959980  8.204750 73.2547
3 -6.938350  0.896074 74.7796
2 -2.508820  1.692850 73.6499
2 -2.183020  0.293622 74.0302
2  3.396660  1.336420 74.8577
2  3.728980 -0.228937 73.2292
2  3.165750 -0.047322 74.5141
3  7.481760  0.677443 74.8363
3 -6.262860  3.377780 74.7636
2 -1.864020  2.595940 74.5592
2 -1.378840  3.769110 74.0646
2  4.088060  1.980890 73.7472
2  3.694870  3.303100 73.4513
3  7.285930  3.294950 74.8298
3 -5.503950  4.651950 74.8074
2 -0.076135  4.224940 74.4884
2  0.511790  4.903210 73.3812
2  1.939370  4.862660 73.2681
2  2.693690  4.040500 74.2219
3  6.715690  4.649160 74.7890
3 -3.852450  6.686300 74.8042
3 -2.575180  7.383270 74.8478
3  3.844860  7.498300 74.8789
3  5.044370  6.603020 74.8278
3 -0.090933  8.128770 74.8602
3  1.376830  8.107430 74.8712
3 -6.811230  1.450790 76.3893
2 -1.134630  1.724090 75.4952
2 -1.274280  0.290768 75.1794
2  1.228530  1.300200 75.9918
3  7.569270  1.303230 76.3953
3 -6.360510  2.848620 76.3620
2  0.101261  2.202380 75.8961
2  0.624702  3.515320 75.4781
2  2.036500  3.354940 75.2506
2  2.414090  1.975430 75.5905
3  7.394860  2.736770 76.4083
3 -5.285020  5.163280 76.4216
3  6.494710  5.167790 76.4031
3 -4.244880  6.201980 76.3945
3 -2.064320  7.649660 76.4834
3  3.327950  7.680230 76.4146
3  5.558630  6.332040 76.4251
3 -0.696493  8.042050 76.4850
3  1.935750  8.043580 76.4357
3 -6.892040  0.878119 77.9764
3  7.400020  0.736767 77.9818
3 -6.139610  3.353420 77.9793
3  7.294340  3.314790 77.9647
3 -5.466150  4.641850 78.0147
3  6.794450  4.698950 78.0503
3 -3.853040  6.625650 78.0032
3 -2.615790  7.386450 78.0330
3  3.878650  7.466610 78.0269
3  5.086020  6.581970 78.0524
3 -0.086598  8.246740 78.0549
3  1.386400  8.300410 78.0165
3 -6.831880  1.449170 79.6142
3 -6.820280  0.812342 81.1572
3  7.453200  1.284310 79.5775
3  7.349080  0.720713 81.1543
3 -6.382940  2.841700 79.5702
3 -6.114780  3.427400 81.1390
3  7.346810  2.750030 79.5715
3  7.218990  3.299080 81.1985
3 -5.318030  5.235340 79.5585
3 -5.602280  4.757080 81.1622
3  6.292200  5.078620 79.6071
3  6.666640  4.618060 81.2020
3 -4.315700  6.282730 79.5992
3 -3.886230  6.750570 81.1873
3 -2.583000  7.479370 81.1753
3 -2.075730  7.667620 79.6373
3  3.353210  7.696260 79.5985
3  3.896280  7.448200 81.1716
3  5.410670  6.217270 79.6107
3  5.101530  6.668620 81.1537
3 -0.658928  8.086640 79.6309
3 -0.045362  8.213940 81.1746
3  1.424610  8.191560 81.1985
3  1.928370  8.101770 79.6217
3 -6.857900  1.404430 82.7372
3  7.517290  1.240900 82.7636
3 -6.341380  2.836600 82.7193
3  7.499960  2.742310 82.7731
3 -5.236200  5.275860 82.7599
3  6.501010  5.240500 82.7258
3 -4.248740  6.312340 82.7115
3 -2.120440  7.813210 82.7548
3  3.389820  7.662390 82.7602
3  5.574340  6.320330 82.6781
3 -0.649248  8.017210 82.7684
3  2.023000  8.065120 82.7700
3 -6.898040  0.773995 84.2881
3  7.421350  0.658653 84.3026
3 -6.158200  3.430690 84.2659
3  7.241410  3.290280 84.3327
3 -5.524770  4.717760 84.3080
3  6.730470  4.664900 84.3139
3 -3.780980  6.686940 84.3121
3 -2.634560  7.588670 84.3085
3  5.120560  6.685270 84.2998
3 -0.015550  8.015520 84.3249
3  1.428710  8.149590 84.3343