72

3  3.318580 -0.895080 73.5371
3  2.073030 -1.217120 74.0715
3  0.761129 -1.018600 74.2714
3 -6.672400 -2.035440 70.8751
3 -3.777500 -5.182270 70.9805
3 -2.393670 -5.366810 71.0745
3 -1.844850 -5.133580 72.2807
3  2.228810 -5.765890 71.4384
3 -4.728250 -4.129590 71.4488
3 -4.710480 -2.951270 72.1813
3  1.651500 -4.488030 71.3350
3  2.299690 -3.373640 71.8091
3  3.546830 -2.764060 71.7604
3 -5.853190 -2.181620 72.0013
3  4.002010 -1.664760 72.5477
3  6.211750 -2.287380 71.7499
3  5.352030 -1.291700 72.3009
3 -2.145260 -4.162750 73.1643
3 -3.878760 -2.483410 73.2223
3 -2.525090 -2.874200 73.4472
3 -0.552899 -1.154500 74.0415
3 -1.614330 -1.963620 73.9444
3 -4.293250 -1.285460 73.8313
3 -4.196360  0.053105 73.9474
3 -3.019010  2.229000 71.4201
3 -5.637390  4.178360 71.1549
3  6.517360  2.568060 71.3790
3  6.294260  6.104970 71.2443
3 -3.671600  1.830310 72.5828
3 -4.178080  1.469620 73.8051
3  5.765790  0.016670 71.9644
3  6.009710  0.890012 73.0024
3 -5.360210  4.084310 72.4914
3 -5.437810  3.522700 73.7423
3  6.590040  3.669760 72.1538
3 -1.021790  3.858430 72.7695
3 -1.364910  4.606820 71.6529
3 -0.475434  5.708090 71.5803
3  0.468667  5.642240 72.6208
3  6.984940  5.232750 72.0794
3  7.812280  4.282280 73.0481
3  1.578530  6.426730 72.8640
3  2.378550  6.922020 71.7910
3  3.789080  6.909250 71.9077
3  5.118640  6.736670 71.5931
3 -4.819860  2.540260 74.5036
3 -4.491870  2.730020 75.7983
3  5.622990  1.670890 74.0261
3  5.537280  2.161650 75.2539
3  0.601624  3.786710 74.5188
3  8.683160  3.980240 74.0071
3  8.803180  4.039630 75.3461
3  7.952360  3.224070 76.0826
3  9.805120  4.732590 75.9858
3  0.203801  4.417360 73.3823
3  1.869530  6.683180 74.2431
3  2.023650  7.114860 75.5143
3  6.733310  2.766580 76.2099
3  5.539030  1.899150 76.9062
3  0.492360  3.403120 75.7846
3  0.501349  3.366380 77.1321
3  1.900710  7.373360 76.8431
3  4.809850  1.145590 79.2747
3  5.218980  1.449080 78.0853
3  1.010720  3.921300 79.6680
3  0.808985  3.264660 78.4640
3  1.684580  6.466000 79.2330
3  2.080730  7.305190 78.2213
3  0.845305  4.376820 81.2432
3  1.481530  5.371630 80.0751
3  0.467281  4.054810 82.4703
3  3.989830  0.159322 74.0453