293

2  1.560670 -4.130580 79.6839
2 -1.982870 -3.510090 79.6149
2 -2.747990 -0.724235 79.6684
3 -0.482641 -8.581900 81.4734
3 -1.849690 -8.247500 81.5039
3  0.164418 -8.590500 80.1550
3  1.581110 -8.549370 80.1423
3  2.211460 -8.393200 81.4616
3 -4.088240 -6.749480 81.5590
3 -2.425990 -7.990760 80.1756
3 -3.638920 -7.276030 80.1556
3  3.524900 -7.933210 81.4246
3  4.072280 -7.564310 80.1418
3  5.106060 -6.624170 80.1033
3  5.497550 -6.141920 81.4397
3 -5.448220 -5.206180 80.2413
3 -5.046460 -5.693890 81.5682
2  0.254956 -4.091100 80.1351
3  6.072950 -4.872090 81.4596
3  6.451220 -4.287120 80.1519
3 -6.557660 -3.453140 81.5349
3 -6.278650 -4.068110 80.2343
2 -1.485630 -2.632630 80.6414
2 -0.166999 -3.025960 80.9882
2  0.790496 -2.035270 81.4021
2  2.572320 -3.193720 80.0259
2  2.228120 -2.122360 80.8854
3  6.762300 -2.945940 80.1462
3  6.701120 -2.299200 81.4200
3 -6.886820 -2.057720 81.4647
3 -7.051460 -1.446880 80.2083
3 -7.208110 -0.040186 80.1853
2 -1.883540 -1.293720 80.7578
2 -0.875544 -0.253537 81.0749
2  0.487802 -0.622808 81.3321
2  2.638600 -0.810646 80.4843
3  6.910540 -0.265251 80.1191
3  6.773820 -0.909907 81.4023
3  0.171650 -8.464280 82.7634
3  1.582880 -8.349400 82.8030
3 -3.621800 -7.238020 82.8586
3 -2.513850 -8.062300 82.8497
3  4.121880 -7.694070 82.7748
3  5.185510 -6.697800 82.8153
3 -5.392410 -5.182180 82.8346
3  6.282000 -4.307910 82.7714
3 -6.181660 -4.018960 82.8620
3  6.678020 -2.924970 82.7447
3 -7.071290 -1.445610 82.8022
3 -7.386720 -0.080166 82.7942
3  6.744980 -0.240894 82.7630
3 -0.470628 -8.458510 84.1551
3  0.112791 -8.424910 85.4753
3  1.527170 -8.315080 85.4895
3  2.184710 -8.246970 84.1447
3 -4.070080 -6.730780 84.1802
3 -3.653190 -7.169230 85.5011
3 -2.515720 -8.010650 85.4895
3 -1.882520 -8.203150 84.0971
3  3.542260 -7.882000 84.1441
3  4.143080 -7.583460 85.5029
3  5.243920 -6.653430 85.4701
3  5.581990 -6.164800 84.1542
3 -5.459230 -5.146780 85.5319
3 -4.967790 -5.642970 84.1896
3  6.176930 -4.895380 84.1072
3  6.468060 -4.324800 85.4450
3 -6.552460 -3.423350 84.2295
3 -6.275150 -3.986710 85.5354
3  6.951380 -2.971100 85.3871
3  6.931220 -2.322560 84.0452
3 -7.432290 -0.126695 85.4756
3 -7.197890 -1.483720 85.5319
3 -6.959230 -2.062620 84.2293
1 -2.731760 -0.589054 85.2154
1 -0.023268 -1.418360 85.0696
1 -0.463300 -0.519524 84.1483
1 -1.827990 -0.111763 84.1852
1  1.316420 -1.245640 85.6218
1  2.074170 -0.147410 85.2119
3  7.049290 -0.902601 84.0598
3  7.061540 -0.255033 85.3822
3 -0.449033 -8.299350 86.8073
3 -1.853650 -8.141500 86.8284
3  2.152260 -8.123680 86.8479
3 -4.174270 -6.705860 86.8529
3  3.540330 -7.835330 86.8381
3  5.701490 -6.197340 86.8045
3 -5.156860 -5.688490 86.8420
3  6.408740 -4.970680 86.7821
3 -6.475550 -3.347500 86.8572
3 -6.938900 -1.999520 86.8411
1 -0.111468 -2.043020 87.3305
1 -0.926482 -1.991520 86.1227
3  7.157820 -2.338750 86.7024
1 -2.214090 -1.513190 86.2382
1 -3.664240 -0.022572 87.2512
1 -2.870440 -1.233980 87.4680
1  1.278920 -1.591410 87.0113
3  7.207610 -0.912469 86.6971
3 -0.431994 -8.256380 89.5161
3 -1.826620 -7.956590 89.5301
3  0.163543 -8.261710 88.1717
3  1.558570 -8.113930 88.1697
3  2.221600 -8.207020 89.5272
3 -4.225480 -6.854470 89.4603
3 -3.698070 -7.211660 88.1828
3 -2.478690 -7.884360 88.2149
3  3.599290 -7.844560 89.5163
3  4.151840 -7.585720 88.1448
3  5.206680 -6.676180 88.1127
3  5.709890 -6.155430 89.4460
3 -5.577200 -5.232520 88.1564
3 -5.202830 -5.844850 89.4832
3  6.428530 -4.957970 89.4019
3  6.629800 -4.330300 88.0458
3 -6.458030 -3.381690 89.5233
3 -6.182410 -3.952240 88.1876
3  7.033240 -2.971750 88.0357
3  7.065970 -2.354240 89.3725
3 -6.957110 -2.039900 89.5448
3 -7.080520 -1.358820 88.1863
1 -2.078520 -1.296530 88.6625
1 -2.201870 -0.317188 89.7393
1 -0.692000 -1.693980 88.5627
1  1.953140 -0.829331 88.0124
1  0.048567 -0.944878 89.5766
1  1.366450 -0.516361 89.3158
3  7.203640 -0.270227 88.0126
3  7.218190 -0.976112 89.3173
3  0.230744 -8.381940 90.8415
3  1.620640 -8.373600 90.8232
3 -3.727530 -7.403950 90.8214
3 -2.498370 -8.011920 90.8045
3  4.176650 -7.590140 90.8557
3  5.263810 -6.609690 90.8097
3 -5.522630 -5.277050 90.7786
3  6.654460 -4.396920 90.7171
3 -6.091280 -3.966130 90.7855
3  7.020360 -2.971490 90.7837
3 -6.983590 -1.390940 90.8340
1 -0.873458 -0.027735 90.2528
3  7.293950 -0.356675 90.6768
2 -0.085820  1.689970 79.7576
3 -7.393150  0.562401 81.5288
3 -7.366080  2.036520 81.5375
2 -1.138210  0.908730 80.1901
2  1.222690  1.279800 80.0399
2  1.606130  0.165362 80.8802
3  6.729290  1.148920 80.1020
3  6.567580  1.798590 81.4209
3 -7.345000  2.672970 80.2322
3  5.870570  3.719600 80.1142
3  6.201950  3.149980 81.4414
3 -6.799320  3.979630 80.2271
3 -6.538930  4.570930 81.4947
3 -5.721310  5.730600 81.4827
3  4.943540  5.534330 81.4321
3  5.326780  5.041310 80.1011
3 -5.287820  6.162390 80.1857
3 -4.221830  7.074770 80.1811
3 -3.736030  7.413450 81.4931
3 -2.438520  8.068290 81.4782
3  1.696240  7.872320 81.4732
3  2.269070  7.671530 80.1800
3  3.564790  7.047230 80.1619
3  4.089170  6.645180 81.4608
3 -1.738150  8.275640 80.1454
3 -0.343723  8.384130 80.1829
3  0.308950  8.280190 81.4934
1 -0.569297  1.696950 83.5200
1  0.303377  0.611818 83.8001
3  6.656730  1.165790 82.7649
3 -7.333900  2.622110 82.8669
3 -6.790360  4.019510 82.7986
3  6.032770  3.791650 82.7713
3  5.299580  5.005700 82.7999
3 -5.405180  6.280360 82.8319
3 -4.350930  7.229650 82.8401
3 -1.775000  8.163920 82.7969
3  3.572290  7.000090 82.7915
3  2.267380  7.666490 82.8072
3 -0.394057  8.320220 82.7742
3 -7.562280  0.543249 84.1309
3 -7.411690  1.967220 84.1467
1 -3.627550  1.602210 85.4985
1 -1.878410  1.269690 83.9036
1  1.633920  0.782338 84.1952
3  6.912280  1.124920 85.3915
3  6.639040  1.777990 84.0546
3 -7.376130  2.655230 85.4549
1 -2.853100  2.120200 84.3645
1 -2.382170  3.456570 84.7925
1 -0.142581  2.988390 83.8754
1 -1.079250  3.921260 84.5237
1  1.129260  3.199120 84.4746
1  2.101160  2.145060 84.5679
1  2.843040  2.007110 85.8250
3  6.295310  3.178770 84.1055
3  6.114680  3.722350 85.3807
3 -6.619000  4.606760 84.1740
3 -6.738390  3.978120 85.4902
3 -5.896390  5.832290 84.1545
1 -0.332982  4.669970 85.4795
1  1.044530  4.276210 85.3556
3  5.033950  5.520210 84.1039
3  5.400880  4.966600 85.4244
3 -5.362740  6.270990 85.4537
3 -4.233830  7.178870 85.4607
3 -2.393220  8.044520 84.1457
3 -3.712780  7.492370 84.1465
3  1.679680  7.839070 84.1299
3  4.102410  6.528340 84.1324
3  3.604340  6.932680 85.4055
3  2.281760  7.569540 85.4535
3 -1.793130  8.234610 85.4465
3 -0.387793  8.346050 85.4533
3  0.266236  8.235100 84.1265
3 -7.484080  0.610531 86.8174
1 -3.674640  0.298282 85.8440
1  2.725360  0.297911 87.5885
1  2.783790  0.576779 86.2074
3  6.807160  1.709280 86.6767
3 -7.337930  2.011720 86.7848
1 -3.770490  2.604950 86.4863
1 -3.025130  3.813810 86.0876
1  2.620980  3.065270 86.7887
3  6.375930  3.073990 86.7218
3 -6.538410  4.582810 86.8053
3 -5.810430  5.853160 86.8035
1 -2.199440  4.475360 87.0157
1 -0.903874  4.979100 86.7069
1  1.788580  4.179610 86.5733
1  1.188600  4.439130 87.8465
3  5.030330  5.417510 86.7180
3 -3.690600  7.563990 86.7936
3  1.679580  7.808260 86.7415
3  4.046910  6.434240 86.7662
3 -2.401460  8.094700 86.7710
3  0.279556  8.246780 86.7351
3 -7.333990  0.005736 88.1653
3 -7.440540  0.567901 89.5220
1 -3.719690  0.944306 88.2272
1 -3.044660  0.834857 89.4995
1  1.840920  0.826088 89.6197
1  2.656660  1.308740 88.5589
3  6.954410  1.129630 88.0266
3  6.697400  1.689950 89.4226
3 -7.215130  2.655830 88.1459
3 -7.319410  2.036780 89.4887
1 -3.783470  2.341200 87.8249
1 -2.965420  3.017570 88.7512
1 -2.557870  2.166150 89.8424
1  0.855716  3.084020 89.8558
1  1.667170  3.580690 88.8221
1  2.657120  2.664090 88.2246
3  6.089130  3.662460 88.1017
3  6.326960  3.030230 89.4462
3 -6.744490  3.992450 88.1123
3 -6.459830  4.610920 89.4934
3 -5.756420  5.834060 89.4931
1 -2.258730  4.184470 88.3875
1 -0.123653  4.924470 87.9152
1 -0.959485  4.434670 89.0003
3  5.309110  4.872040 88.1018
3  4.915490  5.345730 89.4149
3 -5.369230  6.346160 88.1077
3 -4.237000  7.241540 88.1203
3 -3.689550  7.540610 89.4324
3  1.690700  7.859210 89.3584
3  2.360560  7.621990 88.0517
3  3.564410  6.871830 88.0834
3  3.941270  6.321380 89.4227
3 -2.344550  8.060680 89.3687
3 -1.777520  8.246070 88.0820
3 -0.365973  8.285170 88.0437
3  0.306707  8.234580 89.3148
3 -7.303400 -0.027839 90.8142
1 -0.492823  1.272880 90.5405
1  0.858549  1.676520 90.1647
3  6.945880  1.045600 90.6766
3 -7.100750  2.652940 90.7756
1 -0.484731  3.549390 89.9916
1 -1.323650  2.409560 90.3836
3  6.024770  3.604430 90.7710
3 -6.797030  4.072880 90.7993
3  5.366400  4.879530 90.7397
3 -5.327760  6.407430 90.8220
3 -4.185340  7.227780 90.7760
3  2.257340  7.533300 90.7261
3  3.437140  6.812400 90.7959
3 -1.722180  8.209260 90.7383
3 -0.310033  8.279780 90.6656