285

3 -1.386140 -8.306260 -16.62030
3  0.093732 -8.304580 -16.62510
3 -5.161040 -6.677530 -16.52280
3 -3.860270 -7.471150 -16.55210
3  2.590840 -7.563200 -16.61100
3  3.794420 -6.759110 -16.61880
3 -6.539300 -4.529160 -16.52920
3  5.317950 -4.582200 -16.63470
3 -7.081750 -3.099600 -16.53540
3  5.994560 -3.280760 -16.56760
3 -7.169000 -0.571381 -16.52630
1 -0.452012 -0.989968 -17.53180
1  2.035500 -0.721399 -17.25000
3  6.762350 -0.789542 -16.62060
3 -1.405910 -8.406050 -13.44070
3 -1.959920 -8.266440 -15.00830
3 -5.078640 -6.638820 -13.41810
3 -5.507950 -6.205630 -14.92280
3 -3.281450 -7.633450 -14.96790
3 -3.887220 -7.487490 -13.39440
3  0.098772 -8.343090 -13.48340
3  0.701381 -8.311570 -15.03220
3  2.094970 -7.868920 -15.03340
3  2.651970 -7.715440 -13.49550
3  3.820200 -6.828250 -13.44810
3  4.202350 -6.405720 -15.05480
3 -6.625420 -4.477270 -13.36690
3 -6.401380 -5.028730 -14.92620
3  4.994500 -5.169360 -15.04570
3  5.307700 -4.630460 -13.45040
3 -7.072360 -3.072370 -13.35280
3 -7.158320 -2.541700 -14.96140
2 -1.442430 -2.508070 -13.44980
2 -0.024299 -2.739670 -13.51100
3  6.029230 -3.362910 -13.44250
3  6.177340 -2.814550 -15.03770
3 -7.295130 -1.132060 -15.00930
3 -7.206400 -0.515603 -13.41020
2 -2.043300 -1.246820 -13.45790
2  0.807049 -1.636650 -13.65610
3  6.547930 -1.346330 -15.03990
3  6.705470 -0.837258 -13.44270
3 -5.493540 -6.228790 -11.85050
3 -3.341510 -7.673500 -11.83640
3 -1.971610 -8.197830 -11.85270
3  0.710780 -8.350310 -11.88140
3  2.092580 -7.901720 -11.87860
3  4.289490 -6.420890 -11.88320
3 -6.391040 -5.059980 -11.79390
2 -0.948869 -4.510640 -12.27690
3  5.009130 -5.214770 -11.89490
3 -7.193410 -2.542980 -11.78370
2 -3.008790 -3.241150 -11.75170
2 -3.695270 -1.993520 -11.75350
2 -1.961210 -3.592530 -12.60460
2  0.321368 -3.921550 -12.80750
2  1.536180 -3.899780 -12.11830
2  2.381140 -2.705900 -12.08150
3  6.144490 -2.798030 -11.83250
3 -7.278420 -1.127080 -11.80970
2 -3.147860 -0.977957 -12.60780
2  2.045210 -1.609030 -12.87600
3  6.643730 -1.436050 -11.84840
3 -1.389670 -8.276770 -10.30470
3  0.072548 -8.318930 -10.29130
3 -5.061050 -6.645680 -10.25570
3 -3.800190 -7.394510 -10.26100
3  2.678510 -7.698350 -10.32600
3  3.939010 -6.892160 -10.26680
3 -6.630260 -4.517930 -10.24490
2 -0.908251 -4.974750 -10.90680
2 -1.942940 -4.601690 -10.04290
2  0.361098 -4.897490 -10.20920
2  1.615960 -4.440880 -10.75280
3  5.445480 -4.727950 -10.32140
3 -7.050800 -3.162610 -10.21360
2 -3.051320 -3.810280 -10.44550
2 -3.564790 -2.854450  -9.53455
2  2.482150 -3.608160  -9.90146
2  2.928300 -2.536520 -10.72830
3  6.039830 -3.386340 -10.34610
3 -7.253240 -0.466985 -10.27850
2 -3.994940 -1.735320 -10.33210
2 -3.791710 -0.432637  -9.77285
2  3.093270 -1.231780 -10.18980
3  6.623160 -0.752436 -10.26410
3 -5.480190 -6.208630  -8.63684
3 -3.293910 -7.703630  -8.70500
3 -1.953690 -8.201870  -8.70659
3  0.735445 -8.341820  -8.72417
3  2.069860 -7.794650  -8.73135
3  4.243610 -6.392880  -8.67577
3 -6.302040 -5.009640  -8.65120
2 -1.459680 -4.433150  -8.72720
2 -0.017357 -4.594120  -8.84642
3  5.090570 -5.173820  -8.70769
3 -7.223960 -2.530190  -8.71492
2 -1.953580 -3.493190  -7.83287
2 -3.030620 -2.729590  -8.24898
2  0.859934 -3.852890  -8.08327
2  2.072230 -3.373080  -8.59573
3  6.181570 -2.754410  -8.74772
3 -7.355670 -1.105520  -8.67262
2 -3.194250 -0.332734  -8.47250
2 -2.909160 -1.420830  -7.63847
2  2.247060 -2.041510  -7.98720
2  2.738130 -0.999591  -8.80782
3  6.537600 -1.320660  -8.76946
3 -1.888390 -8.256750  -5.54747
3 -1.288320 -8.284900  -7.13885
3  0.154352 -8.344880  -7.13337
3 -4.984090 -6.607650  -7.04919
3 -5.437100 -6.207360  -5.49398
3 -3.842950 -7.493310  -7.11420
3 -3.297660 -7.837160  -5.54111
3  0.716601 -8.283490  -5.57736
3  2.111070 -7.783480  -5.55276
3  2.559890 -7.488280  -7.12570
3  3.789160 -6.701310  -7.08681
3  4.131640 -6.230300  -5.55447
3 -6.579560 -4.518900  -7.06464
3 -6.327380 -5.023320  -5.48122
3  5.368970 -4.657690  -7.14926
3  5.091590 -5.152060  -5.55481
3 -7.139780 -3.082860  -7.10387
3 -7.234540 -2.510550  -5.51900
2 -1.088990 -2.760890  -6.90618
2  0.300074 -2.919640  -7.08338
3  5.929860 -3.334090  -7.20391
3  6.118200 -2.753800  -5.59596
3 -7.312530 -0.498037  -7.08201
3 -7.467670 -1.091740  -5.46750
2 -1.655670 -1.445180  -6.84409
2 -0.843745 -0.297045  -6.91626
2  0.632428 -0.488078  -6.98666
2  1.145800 -1.791310  -7.08719
3  6.737650 -0.757089  -7.15703
3  6.630480 -1.399480  -5.61418
3 -1.298450 -8.317970  -3.99183
3 -5.009140 -6.649150  -3.97428
3 -3.806180 -7.500680  -3.97616
3  0.139696 -8.349340  -4.01809
3  2.565800 -7.377810  -3.94349
3  3.790210 -6.663550  -3.93408
3 -6.632750 -4.491900  -3.96074
3  5.337710 -4.639750  -3.97271
3 -7.034300 -3.077450  -3.94059
3  5.833990 -3.264100  -3.99831
3 -7.320370 -0.546427  -3.93473
3  6.739000 -0.802009  -4.03238
3 -6.874010  0.883369 -16.53820
1  0.647958 -0.499892 -16.78700
1  0.578766  0.874771 -16.26610
1  2.782080  0.500697 -17.05150
3  7.154340  0.612069 -16.57840
3 -5.954200  3.370480 -16.55530
1 -0.648974  1.648790 -16.37650
1 -0.459050  3.052110 -16.84390
1  1.911140  1.448650 -16.40230
1  2.055250  2.819600 -16.75680
3  6.994950  3.199980 -16.56920
3 -5.281580  4.609120 -16.55090
3  6.648280  4.643310 -16.58730
3 -3.742720  6.708870 -16.59850
3 -2.539530  7.572470 -16.61150
3  3.856180  7.602760 -16.61600
3  5.072880  6.839200 -16.60390
3 -0.038656  8.431340 -16.62180
3  1.406850  8.429930 -16.57520
3 -6.905480  0.900169 -13.38550
3 -6.700860  1.480470 -14.98550
2 -1.214630 -0.083841 -13.50300
2  0.161259 -0.336101 -13.45280
3  7.165240  1.213220 -15.00880
3  6.991990  0.637093 -13.45760
3 -6.337220  2.868110 -14.98210
3 -6.027190  3.402370 -13.39770
3  7.120190  2.650130 -14.98690
3  7.100120  3.242680 -13.43030
3 -5.354680  4.670730 -13.41220
3 -5.030780  5.131190 -15.00820
3  6.291970  5.227420 -15.00270
3  6.649420  4.661940 -13.49770
3 -4.104190  6.250740 -15.00190
3 -3.711190  6.733970 -13.41030
3 -2.592930  7.694070 -13.41020
3 -2.019060  7.898490 -15.00860
3 -0.620787  8.244420 -15.02220
3  3.386260  7.936620 -15.06150
3  3.848210  7.664390 -13.42180
3  5.536660  6.439080 -15.01450
3  5.054310  6.898390 -13.44620
3 -0.099285  8.468940 -13.42200
3  1.346020  8.475130 -13.42290
3  1.964440  8.459930 -15.00400
3 -6.774200  1.473040 -11.83320
2 -2.964560  0.349943 -12.00380
2 -1.757450  0.879549 -12.57720
2 -0.930774  1.596460 -11.69000
2  1.034720  0.542569 -12.70850
2  0.528946  1.421410 -11.78410
2  2.196210 -0.230155 -12.32750
3  7.065950  1.238490 -11.86540
3 -6.414150  2.913710 -11.82690
3  7.128910  2.674210 -11.90050
3 -4.971400  5.160840 -11.84880
3  6.324860  5.225890 -11.91940
3 -4.110230  6.330130 -11.85010
3 -2.129250  8.018540 -11.81820
3 -0.672565  8.328700 -11.87240
3  3.304830  7.944780 -11.85450
3  5.519840  6.485090 -11.89880
3  1.951890  8.450910 -11.86480
3 -6.825810  0.928014 -10.28330
2 -3.207140  0.639878 -10.64050
2 -2.363320  1.447710  -9.80174
2  1.074410  1.688460 -10.47370
2  2.258520  0.970336 -10.05860
2  2.728210 -0.075542 -10.98440
3  7.013380  0.607792 -10.29140
3 -6.150040  3.443500 -10.30240
2 -1.236250  1.981350 -10.35930
2 -0.029215  2.034260  -9.57569
3  6.980500  3.253560 -10.32250
3 -5.320190  4.688100 -10.30920
3  6.513140  4.635170 -10.30340
3 -3.709370  6.747990 -10.30200
3 -2.556920  7.654020 -10.23130
3  3.843310  7.683590 -10.32430
3  5.041670  6.852960 -10.31050
3 -0.102176  8.473650 -10.30870
3  1.331060  8.570880 -10.30040
3 -6.723280  1.482560  -8.67570
2 -2.398900  0.861696  -8.48793
2 -1.226310  0.887979  -7.73672
2 -0.004755  1.414920  -8.28896
2  1.078690  0.517712  -7.88046
2  2.176080  0.304746  -8.71451
3  7.069510  1.214670  -8.76229
3 -6.168990  2.828490  -8.69337
3  7.092880  2.685750  -8.71520
3 -4.918780  5.115080  -8.69814
3  6.341390  5.247110  -8.72128
3 -4.068810  6.331320  -8.68628
3 -2.041090  7.892040  -8.67287
3 -0.605470  8.349600  -8.66780
3  3.300940  7.948760  -8.73659
3  5.474720  6.439010  -8.75553
3  1.954580  8.439410  -8.69548
3 -6.970460  0.869171  -7.08848
3 -6.773510  1.459560  -5.54389
3  7.016540  0.648205  -7.16096
3  7.036000  1.276520  -5.56615
3 -6.289560  2.835590  -5.51318
3 -6.018890  3.424460  -7.11744
3  7.006670  3.274890  -7.13671
3  7.019110  2.714970  -5.56519
3 -5.197620  4.610510  -7.08275
3 -5.087570  5.184900  -5.52052
3  6.530020  4.637870  -7.16025
3  6.334840  5.274680  -5.57556
3 -4.158270  6.376440  -5.50237
3 -3.697320  6.835110  -7.08694
3 -2.544570  7.638550  -7.15036
3 -1.985080  7.787130  -5.52449
3 -0.597527  8.302840  -5.58234
3  2.018270  8.379840  -5.58632
3  3.862220  7.680100  -7.17401
3  3.396830  7.962030  -5.60069
3  5.106610  6.892120  -7.21309
3  5.513620  6.496140  -5.58766
3 -0.055474  8.373200  -7.07311
3  1.401930  8.478880  -7.15304
3 -7.022660  0.901065  -3.94620
3  6.984070  0.629673  -4.00616
3 -5.991830  3.328840  -3.91248
3  6.925980  3.313000  -4.00874
3 -5.342910  4.655560  -3.90933
3  6.500350  4.697200  -4.00992
3 -3.675900  6.630910  -3.95814
3 -2.446590  7.506860  -3.95640
3  1.436360  8.498500  -4.05105
3  3.947480  7.738210  -4.00216
3  5.195370  7.023940  -4.01634
3 -0.078508  8.531340  -3.97018