318

1 -2.447180 -1.484240 41.1173
1 -1.784500 -0.179456 40.9552
3 -1.840370 -8.053910 41.6628
3 -5.265490 -6.025230 41.7172
3 -3.247320 -7.745550 41.6900
3  0.770263 -8.093400 41.6477
3  2.129420 -7.628040 41.6721
3  4.270020 -6.088680 41.6549
3 -6.242890 -4.953590 41.7079
1 -3.010690 -3.667660 42.8839
1 -1.946760 -3.758590 42.0002
1 -0.675024 -4.360000 42.3657
3  5.196490 -4.998290 41.6521
3 -7.447680 -2.565700 41.6931
1 -3.811360 -2.433810 42.9591
1 -3.534750 -1.312190 42.0798
1 -1.671560 -2.649180 41.1164
1 -0.220689 -2.631350 40.9283
1  0.415176 -3.676260 41.6894
3  6.336510 -2.665090 41.6347
3 -7.418990 -1.118910 41.7281
1 -3.525680  0.042397 42.5100
1 -0.353727 -0.195898 40.9441
1  0.408763 -1.373730 40.9005
1  1.717250 -1.126000 41.4696
3  6.817020 -1.322850 41.6578
3  0.175662 -8.171730 43.2249
3 -1.268880 -8.145240 43.2784
3 -1.871600 -8.145280 44.8030
3  0.792414 -8.201690 44.7706
3 -4.812310 -6.440570 43.2946
3 -5.292170 -6.090000 44.8920
3 -3.747490 -7.391320 43.2358
3 -3.254010 -7.646140 44.8538
3  2.190980 -7.691270 44.7902
3  2.677780 -7.379310 43.2342
3  3.895300 -6.527610 43.2436
3  4.281360 -6.111190 44.8480
3 -6.714580 -4.532010 43.2763
3 -6.311890 -5.027540 44.8823
1 -2.869170 -4.125360 44.2833
1 -0.492773 -4.826000 43.6841
1 -1.591780 -4.644980 44.6507
3  5.458280 -4.478900 43.2526
3  5.240100 -5.030620 44.8206
3 -7.220890 -3.166920 43.2820
3 -7.209590 -2.620360 44.9246
1 -4.120120 -2.113130 44.3427
1 -3.531660 -3.136340 45.1376
1  1.594890 -3.366360 42.3660
1  1.857040 -3.852200 43.7159
1  2.292870 -2.096380 42.2642
3  6.165360 -3.210610 43.2462
3  6.273840 -2.687680 44.8510
3 -7.359990 -0.619506 43.3226
3 -7.439760 -1.162310 44.8507
1 -4.046820 -0.750684 44.7897
1 -3.735760  0.320876 43.8696
1  2.855710 -1.781530 43.5637
1  2.857590 -0.438983 43.9826
3  7.015820 -0.796360 43.2352
3  6.792980 -1.344480 44.8558
3  0.203995 -8.255900 46.3542
3 -1.287030 -8.303750 46.3896
3 -4.879450 -6.477190 46.4310
3 -3.786250 -7.396770 46.4142
3  2.714070 -7.417270 46.3779
3  3.865980 -6.440190 46.4224
3 -6.542030 -4.500100 46.4766
1 -1.017050 -4.259800 45.9106
1  0.733176 -4.487220 44.3473
1  0.432043 -4.168980 45.6926
3  5.586180 -4.579500 46.4055
3 -7.083420 -3.156930 46.4528
1 -2.888030 -2.773480 46.3521
1 -1.687780 -3.398490 46.8124
1  2.287750 -2.578600 45.7833
1  2.498900 -2.834090 44.4459
3  6.059210 -3.217960 46.4144
3 -7.436550 -0.576683 46.4584
1 -3.485950 -0.390093 46.0619
1 -2.911340 -1.428370 46.8019
1  2.216010 -1.198800 46.2090
3  6.935340 -0.742898 46.4511
3 -1.894480 -8.184770 47.9281
3  0.719098 -8.054300 47.9540
3 -5.302660 -6.065900 48.0488
3 -3.300480 -7.748300 47.9586
3  2.134670 -7.635210 47.9672
3  4.299130 -6.140490 47.9916
3 -6.303220 -5.044700 48.0548
3  5.359190 -5.081760 47.9763
3 -7.251210 -2.585570 48.0555
1 -0.862196 -2.337020 47.4088
1  0.526498 -2.342310 47.3621
1  1.198190 -3.274170 46.4596
3  6.338010 -2.652850 47.9853
3 -7.383070 -1.117740 48.0696
1 -1.649850 -1.153660 47.4942
1  1.193750 -1.088810 47.2466
3  6.940560 -1.252240 47.9672
3 -1.373440 -8.246080 49.5410
3  0.105295 -8.131840 49.5302
3 -4.954930 -6.504540 49.6335
3 -3.779500 -7.449160 49.5570
3  2.639180 -7.299930 49.5244
3  3.840150 -6.496510 49.5691
3 -6.604920 -4.576990 49.6358
3  5.683010 -4.537820 49.5728
3 -7.116820 -3.211620 49.6210
3 -7.200190 -2.610890 51.1642
3  6.059910 -3.129710 49.5538
3 -7.289010 -0.551613 49.6030
3  7.045550 -0.763289 49.5892
3 -5.397720 -6.149840 51.1631
3 -4.989860 -6.517380 52.7230
3 -3.375870 -7.809310 51.1598
3 -3.831610 -7.408530 52.7686
3 -1.993740 -8.236030 51.1142
3 -1.357960 -8.334120 52.6383
3  0.088197 -8.090700 52.6555
3  0.654764 -7.965990 51.0854
3  2.136130 -7.659890 51.0887
3  2.622820 -7.359760 52.6881
3  3.858820 -6.610050 52.7285
3  4.354190 -6.166520 51.1482
3 -6.414150 -5.086150 51.2465
3 -6.669780 -4.585560 52.7445
3  5.376440 -5.087880 51.1415
3  5.621590 -4.563280 52.6633
3 -7.155110 -3.219000 52.7886
3  6.225890 -2.584550 51.1640
3  6.146760 -3.251190 52.6877
3 -7.428120 -1.187580 51.1538
3 -7.359840 -0.589304 52.7575
2 -0.691040 -1.596780 52.6698
2 -1.601610 -0.722473 51.8870
2  0.664179 -1.772210 52.3294
2  1.289930 -1.021650 51.3365
2  2.775350 -1.155860 53.0675
2  2.623770 -0.620360 51.7373
3  6.875230 -1.286120 51.1576
3  7.178840 -0.684197 52.6974
3 -5.431100 -6.168900 54.2916
3 -3.240010 -7.691720 54.2717
3 -1.897190 -8.276520 54.2523
3  0.672412 -7.951000 54.2551
3  2.063270 -7.696880 54.2300
3  4.284380 -6.156960 54.2456
3 -6.403340 -5.094100 54.2991
3  5.261410 -5.117930 54.2643
3 -7.115220 -2.610100 54.3103
3  6.399190 -2.649330 54.2291
3 -7.359550 -1.139510 54.3756
2 -2.265700 -0.629423 54.1355
2 -0.221699 -1.765020 55.1200
2 -1.108590 -1.582780 54.0731
2  1.190500 -1.879690 54.8128
2  1.609150 -1.898130 53.4553
2  3.520090 -0.464463 54.0147
3  6.932860 -1.261040 54.2538
3 -7.078820  1.438330 41.7601
1 -2.446540  0.729154 41.7971
1 -1.647800  1.726580 42.5259
1 -0.200216  1.811560 42.3332
1  0.411354  0.846647 41.5719
1  1.710720  0.258676 41.8731
3  7.164070  1.198800 41.6419
3 -6.441350  2.747280 41.8151
3  6.984140  2.685450 41.6440
3 -5.088340  5.052970 41.7512
3  6.331690  5.230220 41.6690
3 -4.091620  6.204990 41.7788
3 -1.932200  7.627210 41.8029
3  3.363050  7.937660 41.7017
3  5.504020  6.459010 41.7147
3 -0.561637  8.113050 41.7494
3  1.937560  8.327180 41.7623
3 -7.274380  0.874723 43.3311
3 -7.046640  1.465850 44.9154
1 -1.950740  1.997330 43.9122
1 -2.995780  1.311430 44.5973
1 -0.706876  2.190690 44.6175
1  1.633770  1.579410 43.9904
1  0.363064  2.129820 43.6541
1  2.226430  0.573378 43.1133
3  7.214240  0.638704 43.2146
3  7.292320  1.248830 44.8084
3 -6.422930  2.821850 44.8882
3 -6.209400  3.349650 43.3207
3  6.814160  3.212990 43.1980
3  7.238200  2.713190 44.7920
3 -5.321110  4.541590 43.2785
3 -4.939240  4.912050 44.8742
3  6.542110  4.677430 43.2610
3  6.337400  5.172260 44.8515
3 -4.062980  6.122580 44.9542
3 -3.643360  6.515070 43.3476
3 -2.485660  7.351220 43.3729
3 -2.031460  7.603710 44.9221
3  3.941670  7.766030 43.2981
3  3.424950  8.042790 44.9053
3  5.082980  6.898500 43.2974
3  5.465090  6.344450 44.7827
3 -0.629434  8.082390 44.9145
3 -0.067113  8.306020 43.3284
3  1.420750  8.416830 43.3500
3  1.971060  8.295120 44.9077
3 -7.225270  0.902574 46.4851
1 -2.794900  0.867699 45.9862
1 -1.561810  1.127930 46.6057
1 -0.483952  1.750780 45.8956
1  0.742614  1.095530 46.2553
1  1.807880  1.087000 45.3458
1  2.543970 -0.146371 45.3567
3  7.270860  0.672434 46.4349
3 -6.089500  3.322370 46.4939
3  7.114880  3.339280 46.3661
3 -5.378240  4.571620 46.4924
3  6.630660  4.719720 46.3745
3 -3.703250  6.504500 46.4341
3 -2.648800  7.466640 46.5029
3  3.981370  7.735470 46.3712
3  5.192780  6.909410 46.3841
3 -0.064037  8.243750 46.4969
3  1.375560  8.236310 46.4984
3 -6.904680  1.435420 48.0596
1 -0.993394  0.102028 47.5244
1  0.470256  0.114610 47.2854
3  7.266690  1.296380 47.9622
3 -6.472600  2.821170 48.0627
3  7.123460  2.750020 47.9429
3 -5.031600  5.051750 48.0839
3  6.461420  5.294430 47.9191
3 -4.157790  6.208290 48.0247
3 -2.036320  7.595190 48.0450
3  3.410290  7.870290 47.9812
3  5.620170  6.496640 47.9704
3 -0.691031  8.129380 48.0358
3  1.978010  8.195830 47.9882
3 -7.005490  0.849688 49.6138
2 -1.303850  1.498380 50.7500
2 -0.994751  0.040365 50.8381
2  0.501019 -0.064589 50.6400
2  1.036830  1.247590 50.2987
2  2.361150  1.635470 50.6515
3  7.141860  0.701447 49.5586
3 -6.107740  3.279630 49.5713
2 -0.070966  2.196820 50.3045
2  0.165682  3.493290 50.9225
2  2.553600  2.940010 51.1968
3  7.130030  3.358520 49.5003
3 -5.445410  4.596540 49.6604
3  6.683750  4.734730 49.5010
3 -4.274330  6.247340 51.2172
3 -3.836730  6.605730 49.6082
3 -2.564640  7.358220 49.6242
3 -2.056740  7.733570 51.1555
3  3.949130  7.657720 49.5755
3  5.172460  6.757690 49.5555
3 -0.044246  8.357020 49.5452
3  1.400690  8.252230 49.5707
3 -7.087560  0.881724 52.7062
3 -6.892470  1.412550 51.1542
2 -2.901010  1.250430 52.6876
2 -2.584620 -0.145912 52.8381
2  3.162210  0.706707 51.4045
2  3.850720  1.457160 52.4229
3  7.291300  1.298380 51.0568
3  7.419260  0.726708 52.6708
3 -6.369000  2.766010 51.1656
3 -6.145670  3.307860 52.7690
2 -2.209050  2.060860 51.6960
2 -1.938340  3.309760 52.2426
2  3.527070  2.873530 52.2760
3  7.230090  2.754610 51.0809
3  7.188540  3.276500 52.6548
3 -5.152340  5.061140 51.2412
3 -5.463960  4.541730 52.8352
2 -0.742607  3.984020 51.9452
2  1.524270  3.917920 51.3191
2  1.424970  4.670110 52.5471
2  0.014304  4.779270 52.8731
3  6.451540  5.231880 51.0973
3  6.739260  4.728690 52.7089
3 -3.717500  6.625440 52.7837
3 -2.553310  7.482790 52.6843
3  3.434520  7.861710 51.1295
3  3.941230  7.603710 52.7334
3  5.547610  6.338220 51.1367
3  5.128630  6.723530 52.6777
3 -0.647480  8.163730 51.1229
3 -0.050123  8.256230 52.7223
3  2.014960  8.239390 51.1679
3  1.429390  8.289650 52.7056
3 -6.920990  1.429550 54.3199
2  4.106840  0.845078 53.7011
2  3.952320  1.664700 54.8667
3  7.415680  1.252300 54.2552
3 -6.407350  2.792100 54.3632
2 -2.965790  2.068230 53.9124
2 -2.373810  3.368800 53.5982
2  3.362540  3.641900 53.4506
2  3.681790  3.041680 54.7728
3  7.294470  2.740430 54.2593
3 -5.210350  5.104360 54.3085
2 -1.655470  4.159170 54.5878
2 -0.403037  4.854360 54.2469
2  1.893700  4.551340 55.0469
2  2.323040  4.600150 53.6076
3  6.478850  5.237930 54.3129
3 -2.037430  7.743020 54.3060
3 -4.190570  6.253550 54.3322
3  3.385520  7.758140 54.3356
3  5.591600  6.395890 54.2961
3 -0.670506  8.113610 54.2562
3  2.003300  8.213860 54.3110
2 -2.798730  1.527060 55.2175