276

3 -1.856870 -8.148470 -2.422930
3 -5.417990 -6.157050 -2.363180
3 -3.228530 -7.662250 -2.418180
3  0.715452 -8.332670 -2.449860
3  2.009210 -7.686710 -2.459500
3  4.203220 -6.320510 -2.332910
3 -6.337370 -5.013570 -2.328250
3  5.029870 -5.092670 -2.388370
3 -7.264990 -2.523840 -2.401290
3  6.229920 -2.732790 -2.423810
3 -7.335420 -1.080610 -2.362190
3  6.691850 -1.333800 -2.470620
3 -1.923700 -8.223930  0.749853
3 -1.366010 -8.450280 -0.837011
3 -5.033000 -6.635760 -0.814531
3 -5.379010 -6.245510  0.704072
3 -3.816670 -7.433450 -0.838621
3 -3.292000 -7.682700  0.757219
3  0.110317 -8.486040 -0.868751
3  0.656475 -8.339870  0.742936
3  1.976200 -7.756080  0.732062
3  2.506870 -7.400100 -0.857823
3  3.776960 -6.658020 -0.814124
3  4.168440 -6.275370  0.768503
3 -6.598720 -4.464460 -0.760460
3 -6.311270 -5.024470  0.790926
3  5.304650 -4.494730 -0.827949
3  4.910120 -4.970460  0.807864
3 -7.187010 -3.151110 -0.827946
3 -7.349520 -2.593420  0.739839
3  5.974430 -3.223290 -0.815372
3  6.142370 -2.663130  0.791075
3 -7.247900 -0.514654 -0.772832
3 -7.348180 -1.133610  0.781154
3  6.776670 -0.797819 -0.859439
3  6.684220 -1.277610  0.783704
3 -1.419770 -8.465970  2.318040
3  0.053447 -8.507520  2.325880
3 -4.992580 -6.527210  2.341260
3 -3.857940 -7.409210  2.279760
3  2.487740 -7.463920  2.331030
3  3.734920 -6.703590  2.347370
3 -6.683540 -4.560080  2.360230
3  5.369490 -4.552610  2.391900
3 -7.155830 -3.184610  2.324840
3  6.055280 -3.290720  2.396220
3 -7.237110 -0.523044  2.383280
3  6.808700 -0.780609  2.334500
3 -2.012140 -8.287960  3.907700
3 -5.494260 -6.137700  3.900000
3 -3.326920 -7.674780  3.872420
3  0.580263 -8.371370  3.941480
3  1.967550 -7.797460  3.946360
3 -6.357310 -5.016250  3.897300
1  0.124253 -4.189790  4.193560
3  4.162410 -6.292940  3.938950
3  5.005140 -5.063180  3.961090
3 -7.290230 -2.588110  3.911910
1 -0.376863 -3.114850  3.338330
1 -1.811330 -3.130540  3.364470
1 -2.260100 -4.101970  4.319770
1  0.362892 -1.949740  3.011120
1  1.570720 -1.641490  3.816670
3  6.215350 -2.766480  3.969140
3 -7.332430 -1.119470  3.908800
1 -3.608450 -1.546670  4.022480
1 -2.482420 -1.898120  3.113780
1 -1.724880 -0.638122  2.917440
1 -0.305422 -0.683813  2.806340
1  1.638940 -0.259656  4.134050
3  6.677200 -1.358060  3.933970
3 -1.479680 -8.449320  5.439010
3 -0.017407 -8.521360  5.507980
3 -5.044150 -6.586820  5.456240
3 -3.843830 -7.401940  5.465420
3  2.423980 -7.455270  5.552910
3  3.659750 -6.669390  5.558590
3 -6.685820 -4.548630  5.492850
1 -1.024850 -4.690240  4.839870
1 -0.963819 -4.893300  6.220910
1  1.312760 -3.950580  4.986410
1  1.330180 -4.195280  6.404220
3  5.225010 -4.524980  5.538190
3 -7.285880 -3.209940  5.469560
1 -3.309230 -3.763590  5.199730
1 -3.964170 -2.494310  5.015730
1  1.952390 -2.615120  4.778550
1  2.482570 -2.173250  6.082140
3  5.952240 -3.253170  5.540130
3 -7.375920 -0.510828  5.471290
1 -4.380260 -2.067760  6.332790
1 -4.270950 -0.672838  6.643770
1  2.041050  0.131670  5.429350
1  2.550980 -0.804803  6.407960
3  6.730380 -0.798730  5.484130
3 -2.055430 -8.396380  7.041050
3 -1.454460 -8.527460  8.654230
3  0.089174 -8.588970  8.618580
3 -5.422060 -6.219350  7.067610
3 -5.049470 -6.653560  8.664300
3 -3.403430 -7.901640  7.058590
3 -3.952560 -7.680450  8.671560
3  0.562617 -8.247740  7.092030
3  1.860510 -7.692680  7.125090
3  2.412620 -7.444010  8.682700
3  3.617470 -6.600090  8.703120
3 -6.748390 -4.569340  8.660780
3 -6.403890 -5.096870  7.076720
1 -2.083260 -4.684730  7.080230
1  0.223114 -4.758190  7.037950
1 -0.166618 -4.334510  8.380530
3  4.065220 -6.168570  7.115950
3  4.942210 -5.055950  7.128580
3  5.225110 -4.537230  8.686130
3 -7.257550 -2.532260  7.017790
3 -7.009880 -3.104130  8.616920
1 -3.311410 -4.183710  6.566300
1 -3.981400 -3.086350  7.302920
1 -1.628910 -4.217100  8.408560
1  2.103950 -3.148440  7.063600
1  1.813640 -2.742840  8.370360
3  5.780320 -3.178150  8.635800
3  6.167630 -2.740390  7.049400
3 -7.439660 -1.110090  7.025240
3 -7.298500 -0.538897  8.575960
1 -3.487430 -2.550830  8.535360
1  2.245080 -0.354208  7.737750
1  1.847860 -1.303620  8.681320
3  6.502280 -1.332490  7.104570
3  6.662530 -0.784746  8.622850
3 -1.940930 -8.232480 10.243400
3  0.572621 -8.452730 10.249400
3 -5.495370 -6.207010 10.216400
3 -3.410550 -7.924130 10.296600
3  1.864400 -7.725730 10.259100
3 -6.450930 -5.093840 10.230200
3  4.055630 -6.218390 10.245000
3  4.913280 -5.038110 10.267700
3 -7.073970 -2.558240 10.199500
1 -2.299060 -3.199520  9.119370
1  0.618412 -3.337720  8.992810
3  6.042390 -2.689340 10.236000
3 -7.296300 -1.103340 10.175800
1 -3.397490 -1.203050  8.835660
1 -1.481840 -2.245250  9.804650
1 -2.182340 -0.974958  9.564630
1 -0.039810 -2.297500  9.735130
1  0.675946 -1.043830  9.495000
3  6.499800 -1.324920 10.183600
3 -6.734010  1.410840 -2.338850
3  6.962300  1.214020 -2.483010
3 -6.201880  2.816300 -2.300860
3  6.946940  2.661830 -2.454240
3 -5.038600  5.130020 -2.419960
3  6.182930  5.232880 -2.414700
3 -4.197500  6.306870 -2.438990
3 -1.972150  7.770090 -2.420290
3 -0.660443  8.263940 -2.402790
3  3.488020  8.145710 -2.403540
3  2.033460  8.412650 -2.450920
3  5.537190  6.507460 -2.410790
3 -7.046330  0.930347 -0.738760
3 -6.810070  1.477530  0.856799
3  6.970600  0.688050 -0.858894
3  7.129100  1.244700  0.715821
3 -6.257770  2.810850  0.785698
3 -6.019980  3.312980 -0.803598
3  6.821180  3.258080 -0.872267
3  6.951440  2.694060  0.712343
3 -5.361990  4.651850 -0.826618
3 -4.975380  5.048060  0.764302
3  6.321580  4.665010 -0.864347
3  6.157170  5.222580  0.732078
3 -4.141150  6.276740  0.662624
3 -3.756920  6.733070 -0.880246
3 -2.610170  7.578660 -0.826786
3 -2.077080  7.858050  0.697673
3 -0.060048  8.397450 -0.871521
3  3.971240  7.896220 -0.849209
3  3.435960  8.152590  0.677572
3  2.010920  8.549690  0.661438
3  5.122780  6.966040 -0.834548
3  5.603650  6.546500  0.764436
3  1.424780  8.536450 -0.893941
3 -6.973460  0.874779  2.410250
3  7.002100  0.624396  2.300220
3 -6.026550  3.340930  2.360710
3  6.879130  3.207240  2.270980
3 -5.311380  4.623770  2.338380
3  6.410020  4.591730  2.301900
3 -3.717660  6.666760  2.275330
3 -2.517240  7.611180  2.290930
3 -0.692139  8.345580  0.708997
3 -0.096065  8.383950  2.300160
3  3.910960  7.800280  2.273550
3  5.053780  6.941550  2.299730
3  1.367130  8.417310  2.253220
3 -6.880750  1.479900  3.992780
1 -3.523010 -0.170987  4.350330
1 -1.633720  1.430670  4.325120
1 -2.445150  0.441698  3.670210
1 -0.227979  1.322560  4.291950
1  0.417779  0.345191  3.567050
3  6.992170  1.168470  3.859870
3 -6.198030  2.775040  3.943380
3  6.968430  2.641090  3.867760
3 -4.795880  5.083920  3.905090
3 -3.990180  6.290750  3.901930
3  6.108480  5.178700  3.871880
3 -2.055200  7.955700  3.906010
3 -0.645706  8.401800  3.892110
3  3.379420  8.003910  3.810370
3  1.948780  8.280410  3.831830
3  5.380460  6.453990  3.905350
3 -6.976210  0.940679  5.577200
1 -3.870740  0.259027  5.621870
1 -3.172820  1.353160  6.308910
1  0.243446  1.694350  5.568050
1  1.460480  1.255440  6.132570
3  6.951310  0.651080  5.464870
3 -5.920590  3.308480  5.558570
1 -2.038930  1.914150  5.650220
1 -0.858385  2.126730  6.417140
3  6.846630  3.262760  5.430480
3 -5.190510  4.627450  5.498930
3  6.395270  4.649420  5.443660
3 -3.600660  6.732340  5.473310
3 -2.569250  7.729840  5.515890
3  3.773170  7.781800  5.416190
3  5.017710  6.944520  5.448530
3 -0.064037  8.577090  5.473010
3  1.380270  8.403480  5.452740
3 -6.708280  1.483680  7.084790
3 -6.933760  0.879557  8.632360
1 -3.869790 -0.235489  7.907080
1 -3.125390  1.027150  7.718350
1 -1.920000  1.189410  8.415650
1  0.388903  1.185830  8.345000
1 -0.754847  1.786880  7.769540
1  1.558280  0.954638  7.548140
3  6.871320  1.275260  7.046250
3  6.945710  0.665996  8.632830
3 -6.099370  2.756880  7.130340
3 -5.924120  3.353120  8.619120
3  6.858850  2.738590  7.035760
3  6.688710  3.298810  8.592050
3 -4.803610  5.049040  7.050330
3 -5.147400  4.616530  8.591430
3 -3.997140  6.259680  7.024400
3  6.178520  5.266700  7.003880
3  6.362650  4.747400  8.584920
3 -3.680310  6.692940  8.647940
3 -2.518520  7.584430  8.702790
3 -2.023520  7.936250  7.106710
3 -0.634059  8.456830  7.033700
3 -0.094279  8.509950  8.665570
3  3.316210  7.966270  7.037190
3  3.887960  7.844500  8.595720
3  5.497960  6.554040  6.994330
3  5.137130  6.993670  8.608070
3  1.350240  8.390650  8.629740
3  1.935460  8.277440  7.049180
3 -6.683530  1.461550 10.218700
1 -1.484310  0.203623  9.338980
1 -0.025017  0.162975  9.280570
3  6.995200  1.283520 10.125800
3 -6.114030  2.843690 10.197800
3  6.845860  2.721090 10.157100
3 -4.922920  5.128150 10.201800
3  6.175500  5.205180 10.222000
3 -4.148700  6.354650 10.230300
3 -2.104990  7.909130 10.233300
3 -0.687699  8.346100 10.263000
3  3.401600  8.056740 10.171900
3  5.464130  6.490010 10.195900
3  2.001560  8.372030 10.167100