416

3  7.578860 -1.224080 14.49790
3 -1.124210 -9.107330  8.59591
3 -0.472068 -9.165850  9.82751
3  0.893957 -8.970080  9.78500
3  1.605050 -9.045400  8.59111
3 -4.466220 -6.673550  8.50324
3 -4.043410 -7.146110  9.74082
3 -2.369940 -8.494780  8.58482
3 -2.985980 -8.072150  9.76704
3  2.898410 -8.498390  8.53445
3  3.494390 -8.031420  9.70158
3  4.620550 -7.277530  9.67762
3  5.115090 -6.876540  8.40953
3 -5.543930 -4.781860  9.65860
3 -5.062810 -5.397900  8.48111
3  5.887310 -5.704590  8.34966
3  6.353270 -5.136550  9.54724
3 -6.406490 -2.898710  8.39084
3 -6.120240 -3.486020  9.62845
3  6.792950 -3.177810  8.33559
3  6.756160 -3.812550  9.56805
3 -6.782030 -1.491810  8.37194
3 -6.929550 -0.689315  9.61676
2 -3.571910  0.241334  8.83170
2 -2.467680 -0.697959  8.82106
2  0.381919 -0.798861  9.13704
2  1.620570 -0.078537  9.35788
3  7.055510 -1.789100  8.37864
3  7.285520 -1.122350  9.58272
3  7.696250 -1.940600 15.73690
3 -1.178100 -8.895660 11.00140
3  0.912714 -8.765840 12.17190
3  1.564520 -8.665970 10.94790
3 -4.173410 -7.106600 12.13370
3 -2.455470 -8.428770 10.99790
3  2.897590 -8.288280 10.92630
3  3.545500 -7.943760 12.10580
3  5.279800 -6.852370 10.85800
3  4.793970 -7.309400 12.06790
3 -4.557570 -6.596290 10.92870
3 -5.602630 -4.706860 12.08920
3 -5.313690 -5.436290 10.91560
3  6.181250 -5.792350 10.81190
3  6.615060 -5.183680 12.00020
3 -6.219840 -2.718480 10.78070
3 -6.036010 -3.374820 12.02940
3  7.178170 -3.179430 10.72920
3  7.113740 -3.865480 11.97310
3 -6.725540 -1.370720 10.81450
3 -6.927330 -0.558979 11.96150
1  3.812310 -1.709250 15.73040
2 -1.920760 -1.058380 10.06410
2 -2.464020 -0.575092 11.32610
2 -0.480926 -1.101780 10.19190
2 -0.138355 -0.627972 11.49620
2  1.029870  0.101726 11.69180
1  3.327000 -0.413084 15.49040
3  7.423920 -1.817780 10.79670
3  7.616780 -1.162270 12.00050
3 -0.478440 -8.862160 12.17390
3 -1.121580 -8.614770 13.37700
3  1.564160 -8.454010 13.37320
3  2.940010 -8.126560 13.32070
3 -3.072850 -8.000280 12.15540
3 -2.443020 -8.223050 13.38320
3  5.425810 -6.886150 13.26430
3 -4.514280 -6.416210 13.30280
3 -5.243450 -5.248540 13.32150
3  6.359320 -5.814370 13.23030
3 -6.201070 -2.584630 13.17430
3  7.349780 -3.263080 13.23280
3 -6.631430 -1.206860 13.17110
2 -1.350690 -0.271608 12.17140
3  7.589150 -1.874380 13.23430
3 -0.425921 -8.578080 14.60390
3 -1.083960 -8.532350 15.78570
3  0.930424 -8.491970 14.58610
3  1.651290 -8.376200 15.74790
3  3.034650 -8.149620 15.75120
3 -4.036960 -6.847750 14.50730
3 -3.027360 -7.811290 14.58200
3 -2.407340 -8.184170 15.77600
3  3.629290 -7.849730 14.50820
3  4.864580 -7.234890 14.49050
3  5.448310 -6.825210 15.66550
3 -4.437100 -6.292560 15.74950
3 -5.243880 -5.182450 15.74480
3 -5.573370 -4.564910 14.52840
1  0.978942 -4.728010 15.69910
3  6.495340 -5.913990 15.69910
3  6.864300 -5.291940 14.47010
3 -6.235020 -2.581860 15.63460
3 -6.020960 -3.245950 14.41660
1 -0.405102 -2.942420 14.71950
1 -1.481760 -3.224750 15.57780
1  0.816334 -3.724850 14.71930
1  1.930340 -2.795480 14.50950
1  3.122870 -2.894010 15.24380
3  7.488330 -3.306270 15.73110
3  7.399060 -4.001800 14.48080
3 -6.555730 -1.209810 15.63050
3 -6.712050 -0.483079 14.38420
1 -0.034631 -1.574110 14.52980
1 -0.706441 -0.584014 15.21440
1  2.031180 -0.342607 14.88140
1  1.379680 -1.474790 14.39000
1 -1.891310 -0.799334 15.96450
3 -0.369158 -8.566590 16.97570
3  1.013310 -8.433420 16.98570
3  1.740370 -8.608740 18.15730
3  3.087240 -8.330430 18.15650
3  3.749510 -8.020800 16.92580
3 -3.934400 -6.760460 16.98630
3 -2.981480 -7.748950 16.99640
3  4.935420 -7.308990 16.87390
3  5.505350 -7.007420 18.11780
3 -4.375830 -6.241670 18.18100
3 -5.539050 -4.574220 16.94090
3 -5.158680 -5.120450 18.17890
1 -0.113035 -5.002790 16.61380
1  0.453712 -5.298910 17.91370
1  1.893250 -5.179400 17.81190
1  2.218400 -4.828500 16.44620
3  6.425780 -5.940500 18.15700
3  6.838620 -5.329430 16.93020
3 -5.806050 -2.491200 18.07020
3 -5.894950 -3.211100 16.89650
1 -1.949940 -3.850060 17.78530
1 -2.469330 -2.525900 17.58720
1 -1.321430 -4.282940 16.55590
1  3.281550 -3.941970 16.21780
1  4.061520 -3.402180 17.30110
3  7.276140 -3.336500 18.27180
3  7.292470 -3.994510 16.99270
3 -6.339030 -0.487902 16.80630
3 -5.985830 -1.121310 18.02560
1 -2.214250 -2.137390 16.22850
1  4.384920 -2.024320 17.01300
1  4.402210 -1.057430 18.03240
3  7.455360 -1.935610 18.27130
3  7.631490 -1.295990 17.02600
3 -0.367705 -8.928610 19.38670
3  1.052240 -8.889830 19.36320
3 -2.391500 -8.197190 18.19240
3 -2.944670 -7.823170 19.43760
3 -4.030980 -6.853670 19.41040
3 -1.067570 -8.641330 18.19840
3  3.752620 -8.201580 19.37050
3  4.999590 -7.572070 19.30810
3 -5.333670 -4.464010 19.38480
1 -0.182815 -4.928170 19.11140
1  2.661020 -4.658290 18.86600
3  6.691090 -5.395090 19.43910
3 -5.675850 -3.100660 19.34170
1 -1.428210 -4.190100 19.04950
1  2.014670 -4.244870 20.08360
1  3.738920 -3.739640 18.60960
1  3.745270 -2.744940 19.64110
3  6.957910 -3.998370 19.47750
3 -6.144600 -0.466955 19.27140
1 -2.437090 -1.559360 18.59150
1 -1.902050 -1.886740 19.88770
1  3.362360 -0.323443 19.99050
1  4.081840 -1.416390 19.38610
3  7.312730 -1.239410 19.46510
3  1.756460 -8.858650 20.58360
3  1.139310 -8.998240 21.78120
3  3.113670 -8.548840 20.55020
3 -2.352040 -8.149850 20.64010
3 -2.863600 -7.727460 21.84120
3 -4.016820 -6.918260 21.89670
3 -0.252278 -8.775520 21.83700
3 -1.038430 -8.755370 20.64320
3  3.811590 -8.428720 21.77390
3  5.490080 -7.145170 20.57980
3  5.067280 -7.728210 21.75010
3 -5.148780 -5.162500 20.59350
3 -4.504880 -6.400520 20.67330
3 -5.288780 -4.485870 21.79630
3  6.261560 -6.026350 20.58100
3  6.348740 -5.362310 21.79230
3 -5.779490 -2.459750 20.58050
3 -5.744530 -3.150390 21.79830
1 -0.106259 -3.269000 20.76910
1 -1.382990 -3.174820 20.09520
1  0.624238 -4.348140 20.16450
1  2.708120 -3.071600 20.57570
3  6.894450 -3.291480 20.66540
3  6.559210 -3.968680 21.81790
3 -6.277450 -0.411503 21.73450
3 -6.041590 -1.093820 20.51910
1 -1.182270 -0.717863 20.36720
1  0.572121 -2.137350 21.26890
1  2.010840 -2.021940 21.18700
1  0.022044 -0.825244 21.06290
1  2.352370 -0.627099 20.92740
3  6.951810 -1.918140 20.63610
3  6.696740 -1.213820 21.81660
3  1.845910 -9.002150 23.00500
3  3.237110 -8.811940 22.96600
3 -2.133820 -7.918730 23.03400
3 -0.890934 -8.534460 23.01380
3  5.539970 -7.290510 22.99300
3 -5.007900 -5.075150 23.01010
3 -4.339640 -6.283490 23.07860
3  6.092450 -5.991620 23.02430
3 -6.013010 -2.460010 22.99820
3  6.408440 -3.263700 23.06500
3 -6.314750 -1.078670 22.93030
3  6.522350 -1.858900 23.05340
2  1.961150  0.374138 10.63960
3 -1.658440  8.724420 15.69600
3 -0.974938  8.628260 14.45310
3 -6.926110  1.469650  8.39471
3 -7.093300  0.741508  9.58919
2  2.349240  2.079980  8.44980
2  2.705520  2.537580  9.78959
3  7.035070  0.974026  8.41886
3  6.630930  2.317220  8.44662
3 -6.841510  2.888610  8.40574
3 -6.827880  3.648300  9.55398
2 -3.951090  2.936810  9.14664
2 -3.469380  4.236940  9.34109
2  1.706490  4.304300  8.66135
2  2.255950  3.900600  9.93323
3  5.858810  4.227300  9.75177
3  6.549620  2.962130  9.70025
3 -6.395720  5.031290  9.49701
3 -5.807930  5.561240  8.27678
2 -1.644580  5.429150  8.36587
2 -1.313220  5.761450  9.74406
2  0.639643  5.190790  8.64548
2  0.089921  5.615620  9.89476
3  4.131210  6.423150  9.77909
3  5.499330  4.818270  8.51169
3  4.724700  5.966070  8.58282
3 -5.013750  6.705050  8.28049
3 -4.596080  7.249980  9.50683
3 -2.623120  8.377730  8.32217
3 -3.438240  8.083670  9.48178
3  1.480150  8.610370  8.55643
3  0.735495  8.722050  9.72667
3  2.777220  8.006220  8.58929
3  3.178510  7.423800  9.78955
3 -0.663410  9.008340  9.62058
3 -1.321540  8.824260  8.37005
3 -7.245340  0.869743 11.99270
3 -7.182260  1.528150 10.73370
2 -4.036070  0.728862 10.08910
2 -4.252810  2.129410 10.20950
2  2.545040  1.679440 10.89090
3  7.168880  0.915723 10.81090
3  6.678570  2.211150 10.88910
3  7.434330  0.241851 12.03050
3 -6.999800  2.934650 10.76310
3 -6.746330  3.680460 11.96550
2 -4.057420  2.569310 11.55370
2 -3.535640  3.856450 11.77480
2  1.740870  4.375580 11.15460
3  5.546170  3.961130 12.11130
3  6.221670  2.753110 12.07590
3 -6.337240  5.045090 11.97900
3 -6.115370  5.736900 10.72600
2 -3.260680  4.670240 10.63080
2 -2.101550  5.451720 10.86030
2 -1.589160  5.112330 12.16070
2  0.628862  5.276130 11.13040
3  3.991010  6.283410 12.20540
3  4.604560  5.896990 10.99280
3  5.429690  4.764840 10.95820
3 -5.235340  6.884760 10.70980
3 -4.669730  7.329480 11.95000
3 -2.855120  8.426100 10.73950
3 -3.536570  8.124510 11.96730
3  1.309070  8.404070 10.92600
3  0.522007  8.454050 12.10690
3  2.548480  7.780610 10.97970
3  2.978410  7.255900 12.18740
3 -1.471570  8.805950 10.80180
3 -0.848068  8.686100 12.03990
3 -7.140330  1.604230 13.21460
2 -3.630120  1.440140 12.32980
2 -2.513680  1.706280 13.15630
2 -1.379250  0.882435 12.92920
2 -0.203838  1.635770 13.09940
2  0.997587  1.224450 12.56250
2  1.941490  2.190330 12.11700
3  7.183460  0.864798 13.30510
3  6.489650  2.086180 13.27250
3 -6.981700  3.031760 13.19160
2 -2.513340  4.143240 12.75470
2 -1.988350  3.050900 13.46710
2 -0.527511  2.957650 13.48660
2  1.597160  3.531100 12.30950
2  0.373094  3.936230 13.01910
3 -5.933470  5.667160 13.18670
2 -0.192718  5.040020 12.28910
3  4.263030  5.531200 13.35230
3  5.037260  4.362000 13.33550
3 -5.141290  6.800570 13.19090
3 -2.924440  8.440770 13.16760
3  1.098690  8.120690 13.34950
3  2.363750  7.571870 13.41000
3 -1.570610  8.604160 13.21850
3 -6.951130  0.891904 14.40890
3 -6.763720  1.591930 15.58280
1 -0.061792  0.583831 15.67730
1  1.301500  0.723116 15.48660
3  7.012010  0.700920 15.77110
3  6.397770  1.966700 15.73300
3  7.334240  0.168829 14.51420
3 -6.746340  2.996870 15.63010
3 -6.713940  3.726490 14.40910
3  5.263530  3.738600 14.52800
3  4.806530  4.179370 15.73560
3  6.026670  2.561570 14.51450
3 -6.203730  5.037800 14.40600
3 -5.903540  5.624290 15.63790
3  3.624100  5.876410 14.55090
3  3.891220  5.232130 15.75040
3 -5.153000  6.830230 15.64180
3 -4.695680  7.346360 14.41450
3 -3.607310  8.262150 14.36760
3  0.934825  8.030460 15.72870
3  0.382473  8.323950 14.49040
3  2.079850  7.264960 15.76930
3  2.738330  6.951280 14.57990
3 -3.046080  8.557300 15.64130
3  7.135920  0.256854  9.60340
2 -3.592620  0.267961 11.39420
3 -6.502790  0.890645 16.79700
3 -6.413410  1.543590 18.03090
1 -0.781072  1.112740 16.77870
1 -1.924440  0.233411 16.99710
1  1.448890  1.786770 17.66540
1  0.009550  1.636680 17.80810
1  2.104520  1.336390 16.49840
1  3.353350  0.591962 16.54900
1  3.913780  0.279615 17.79810
3  7.249560  0.838946 18.20300
3  6.727460  2.125420 18.17730
3  7.389670  0.084639 16.99180
3 -6.345790  2.894200 18.00290
3 -6.441870  3.592780 16.83850
3  5.268560  3.661180 16.90200
3  6.176700  2.632770 16.94510
3 -6.087780  4.944190 16.85940
3 -5.852000  5.638400 18.06420
3  3.472290  5.776820 16.93230
3  4.951090  4.289590 18.09940
3  4.022290  5.316870 18.13600
3 -5.201330  6.891580 18.10040
3 -4.778940  7.433000 16.86580
3 -3.641250  8.240400 16.85900
3  0.916602  7.963980 18.14200
3  0.290545  8.217250 16.95930
3  2.139250  7.314700 18.14870
3  2.583910  6.790900 16.95900
3 -3.097830  8.646740 18.11640
3 -1.017540  8.660690 16.94280
3 -1.679850  8.743930 18.17460
3 -6.277220  0.939954 19.23540
1 -2.142880 -0.181935 18.31730
1 -0.274625  1.245840 19.16110
1 -1.296880  0.310341 19.37410
1  0.982422  1.139420 19.87500
1  3.257850  0.741554 19.00740
1  2.050680  1.467340 18.94390
3  7.424650  0.167875 19.45330
3 -6.210760  3.585150 19.22380
3  5.565790  3.898100 19.30100
3  6.402790  2.757900 19.38370
3 -5.891300  4.968320 19.26840
3  3.822720  6.022310 19.29920
3 -4.879790  7.493010 19.30860
3 -3.834000  8.418610 19.33130
3  0.330742  8.257950 19.36640
3  2.834080  6.989830 19.32580
3 -0.991894  8.615400 19.39750
3 -6.309040  1.598360 20.48310
3 -6.394610  0.967260 21.69240
1  1.106050  0.095778 20.81010
3  7.129160  0.850854 20.63940
3  6.803920  2.209450 20.60680
3  6.936900  0.156824 21.84000
3 -6.354060  2.966810 20.44990
3 -6.325670  3.681250 21.69950
3  5.632810  3.999070 21.76930
3  6.432800  2.855370 21.84040
3 -6.094340  5.035660 21.70740
3 -5.716040  5.603110 20.49840
3  3.992250  6.142210 21.70110
3  5.245170  4.511760 20.51860
3  4.419710  5.598740 20.46910
3 -5.151490  6.883050 20.51980
3 -4.771880  7.450060 21.75340
3 -3.131230  8.628370 20.56550
3 -3.730980  8.366010 21.77420
3  0.993794  7.932030 20.54500
3  0.314135  8.124850 21.76630
3  2.286390  7.431550 20.53180
3  2.880320  6.991600 21.70910
3 -1.730550  8.715790 20.58400
3 -1.044030  8.527680 21.78910
3 -6.619620  1.600870 22.89050
3  6.640070  2.203230 23.07490
3  6.905960  0.840153 23.07480
3 -6.535680  2.982560 22.90280
3 -5.864510  5.674070 22.93840
3  5.247860  4.579160 22.98540
3  4.584790  5.788700 22.92290
3 -5.245520  6.913930 22.97910
3 -3.065280  8.618990 22.98010
3 -1.655240  8.676410 23.00490
3  1.043050  7.852920 22.96860
3  2.345670  7.329100 22.96860