334

3   7.247890 -0.561560 131.735
3   7.451940 -1.398100 132.884
3   3.158850 -1.604080 118.136
3   3.564650 -2.267020 119.187
3  -4.483250 -5.682930 120.967
3  -3.356860 -6.179800 120.224
3  -2.803100 -7.270140 120.952
3  -0.991466 -6.314960 119.845
3  -1.358400 -7.175710 120.951
3   0.390511 -6.069480 119.635
3   1.494560 -5.865480 120.467
3   2.393020 -4.829070 120.299
3  -2.246980 -5.791880 119.353
3   3.334850 -4.009230 120.950
3   3.665350 -2.656130 120.551
3   3.542350 -0.263568 121.301
3  -2.860090 -7.860080 123.296
3  -3.549850 -7.493720 122.128
3  -0.680962 -7.495710 122.164
3  -1.407070 -7.941690 123.266
3   0.716176 -7.473310 122.247
3   1.425880 -8.137530 123.333
3   2.762340 -7.660580 123.372
3  -4.729110 -6.667440 122.061
3   1.745440 -6.793160 121.482
3   2.957990 -6.831550 122.246
3   4.254200 -4.681400 121.715
3   4.074540 -5.991760 122.277
3   4.966270 -6.085390 123.392
3   5.916030 -5.035980 123.402
3  -6.073080 -3.145710 121.264
3  -6.284770 -4.429760 122.215
3  -5.214900 -4.511990 121.100
3   5.318460 -4.049270 122.508
3   5.404350 -2.780600 123.181
3  -6.927200 -0.553129 121.430
3  -6.566120 -1.876280 121.180
3   3.965060 -1.616650 121.533
3   4.728120 -1.685450 122.783
3  -4.781360 -6.895020 124.480
3  -3.511210 -7.578210 124.507
3  -0.669089 -8.096900 124.468
3   0.749251 -8.226030 124.536
3   3.444280 -7.514180 124.564
3   4.551790 -6.695410 124.576
3  -6.683520 -4.743240 124.518
3  -6.262390 -5.242780 123.305
3  -5.372760 -6.410400 123.276
3   6.369720 -4.372600 124.563
3  -7.047180 -3.388640 124.732
3   6.116380 -2.895260 124.442
3  -5.552450 -0.445688 125.257
3  -3.395150 -0.552251 123.869
3   4.740590 -0.395184 123.453
2   2.719800 -2.269950 132.064
3  -4.686530 -6.861200 126.919
3  -2.784870 -7.797360 125.681
3  -3.426000 -7.464600 126.941
3  -1.400250 -8.095110 125.695
3  -0.651932 -8.245070 126.906
3   1.435330 -8.118900 125.772
3   0.747406 -8.183020 126.951
3   2.811740 -7.821430 125.778
3   3.508860 -7.495410 126.929
3   4.656220 -6.738050 126.929
3  -6.479370 -4.785550 126.994
3  -6.252030 -5.428110 125.725
3  -5.303460 -6.422910 125.733
3   5.090200 -6.173020 125.725
3   5.911700 -5.031770 125.730
3   6.038900 -4.312730 126.890
3  -6.751310 -2.614770 125.856
3  -6.741270 -3.355200 127.072
2  -1.531070 -2.677320 126.930
2  -0.080169 -2.539780 126.723
3   6.162710 -2.940210 126.875
3   6.182100 -2.152370 125.657
3  -6.434200 -1.283870 125.973
3  -6.954480 -0.580552 127.106
2   0.537092 -1.270780 126.779
3   6.085230 -0.687675 125.709
3   6.497380 -0.012601 126.924
3  -4.608290 -6.915740 129.365
3  -5.342810 -6.595950 128.160
3  -2.736220 -7.815380 128.175
3  -3.363910 -7.620980 129.366
3  -0.559216 -8.346620 129.327
3  -1.330460 -8.202610 128.119
3   1.556360 -8.107060 128.122
3   0.865920 -8.253090 129.306
3   2.889680 -7.848570 128.105
3   3.563970 -7.557920 129.298
3   4.747250 -6.793330 129.300
3  -6.220150 -5.430960 128.214
2  -0.451070 -4.486840 127.952
2  -0.183061 -5.118950 129.165
3   5.210770 -6.255590 128.115
3   5.875190 -5.024930 128.054
3   6.214540 -4.383990 129.257
3  -6.871440 -2.695370 128.345
2  -3.439280 -2.747120 129.049
2  -2.705950 -3.935960 128.733
2  -1.737580 -3.884420 127.719
2   0.566728 -3.641520 127.389
2   1.829070 -3.553180 127.980
2   2.445880 -2.256630 128.076
3   6.524530 -2.281090 128.035
3   6.636060 -3.065360 129.228
3  -6.892740 -1.304350 128.368
2  -3.278100 -1.580490 128.301
2  -3.281280 -0.329016 129.022
2  -2.253230 -1.505870 127.282
2  -1.620510 -0.198545 127.368
2  -0.230567 -0.085161 127.095
2   1.782230 -1.171780 127.502
3   6.695070 -0.883940 128.067
3   6.848440 -0.368260 129.368
3  -5.089920 -6.499770 130.645
3  -2.610840 -7.934660 130.517
3  -1.233030 -8.309560 130.552
3   1.557630 -8.235890 130.509
3   2.913150 -7.937280 130.525
3  -6.444510 -4.829400 129.503
3  -6.076370 -5.468340 130.658
2  -2.457040 -4.671310 129.976
2  -1.162630 -5.119330 130.181
2   1.136340 -5.079250 129.783
2   0.907045 -5.171790 131.249
3   5.138620 -6.216610 130.504
3   5.988070 -5.137440 130.441
3  -6.697500 -3.407780 129.551
3  -6.923110 -2.775870 130.805
2  -3.664340 -2.774320 130.481
2  -3.054940 -3.958920 131.046
2   2.133370 -4.301810 129.180
2   2.967380 -3.486530 130.023
3   6.977530 -2.481800 130.473
3  -6.918320 -1.309040 130.798
3  -6.811210 -0.583876 129.539
2  -3.458850 -0.365498 130.412
2  -3.733310 -1.574130 131.179
2   3.194180 -2.217960 129.314
2   3.255890 -0.999521 130.010
3   7.256920 -1.139840 130.475
3  -4.403960 -6.876590 131.814
3  -4.973730 -6.486020 133.052
3  -3.195620 -7.584770 131.766
3  -2.485120 -7.866060 132.951
3  -0.465411 -8.414160 131.718
3  -1.112890 -8.185660 132.935
3   0.919140 -8.417600 131.721
3   1.593740 -8.327680 132.942
3   3.635290 -7.685530 131.732
3   2.957020 -7.958850 132.941
3   4.719690 -6.824400 131.731
3  -6.352150 -4.834170 131.853
3  -5.995160 -5.482750 133.071
2  -0.538550 -5.215470 131.443
2  -1.184810 -4.654310 132.553
3   6.489810 -4.668040 131.627
3   5.263050 -6.336810 132.920
3   6.165070 -5.256650 132.837
3  -6.773320 -3.514720 131.996
3  -6.738820 -2.752230 133.175
2  -2.484910 -3.960800 132.338
2  -2.400890 -2.663750 132.991
2  -0.990817 -0.324929 132.615
2   1.174410 -3.702390 133.263
2   1.761830 -4.389500 132.068
2   2.745870 -3.527680 131.419
3   6.944170 -3.339470 131.625
3   7.203910 -2.756700 132.873
3  -6.805180 -0.612232 132.005
3  -6.800690 -1.365700 133.202
2  -3.073500 -1.504710 132.468
2  -2.339070 -0.255384 132.406
2   2.991480 -1.032380 131.434
3   1.490910  9.510790 132.100
3   1.532530  0.917679 118.044
3   2.103120  0.544251 119.175
3  -5.515640  4.797560 117.972
3   2.622440  3.841950 118.345
3  -0.723206  6.483480 118.503
3   0.324175  4.297250 117.814
3  -5.232040  7.704170 118.668
3  -1.986000  7.415850 118.012
3  -5.157650  2.507310 119.543
3  -4.499110  1.983690 120.573
3   2.614590  0.035776 120.289
3  -5.719170  3.609820 119.043
3  -6.825730  4.836160 119.024
3   2.899950  4.004310 119.689
3   3.716240  3.237690 120.554
3  -7.168280  6.038100 119.682
3   0.179489  5.433850 118.725
3   0.748925  5.371640 120.035
3   2.068100  4.915830 120.348
3  -6.535170  7.293250 118.994
3  -4.757430  8.927150 119.369
3  -2.229940  8.403840 119.418
3  -1.062750  7.459130 119.751
3  -5.620570  9.988830 119.902
3  -3.429800  8.782440 120.012
3  -7.858870  2.032440 121.326
3  -7.214590  0.833049 121.265
3  -4.127680  1.239050 121.750
3  -2.675560  1.596750 122.409
3   4.164800  0.525530 122.379
3   4.984360  1.706420 122.125
3   6.264250  1.540320 122.603
3  -8.521380  3.183340 121.499
3  -1.777600  2.557790 122.457
3  -1.066830  3.662200 122.250
3   4.355260  3.039410 121.801
3   4.484440  4.095530 122.697
3  -7.876970  6.497100 120.923
3  -8.146020  5.563610 121.946
3  -0.055581  5.727350 121.225
3  -0.411739  4.904490 122.344
3   2.635080  5.279580 121.583
3   3.597920  5.225670 122.570
3  -7.319610  7.941450 120.272
3  -0.829772  7.041620 121.160
3  -1.407290  7.786480 122.169
3  -6.914650  9.296070 120.651
3  -4.490930  9.467650 122.139
3  -5.673750 10.058400 121.536
3  -3.286520  9.316670 121.310
3  -2.027080  8.971150 121.861
3  -5.885670  1.958150 124.733
3  -3.513650  0.417868 123.017
3   6.389770  1.193330 123.986
3  -6.021820  2.686030 123.657
3  -5.604840  3.636520 122.863
3   5.221560  4.212360 123.948
3   6.653440  2.244260 124.847
3   6.329690  3.562060 124.600
3 -11.389400  4.997270 123.086
3 -10.339200  4.623590 122.410
3  -9.071360  4.379150 121.879
3  -7.483100  5.675370 123.222
3  -5.742550  4.871620 122.313
3  -3.364820  5.464000 124.335
3   0.183287  5.267020 123.504
3   1.202980  5.845760 124.600
3   2.431890  6.421530 124.404
3   3.648540  5.979690 123.796
3   4.579200  5.363720 124.586
3   6.974670  4.482610 125.627
3  -4.914870  5.989570 122.263
3  -4.309920  7.125450 122.917
3  -3.146360  6.631700 123.601
3  -1.823780  7.084000 123.406
3  -4.610510  8.521920 123.053
3  -5.854940  0.979055 125.697
3  -6.582000  0.805943 127.009
3   7.306900  1.999400 126.008
3   6.818660  1.319860 127.112
3  -4.773870  3.659200 126.250
3  -3.165390  3.907680 126.572
3  -6.913840  5.833600 124.447
3  -6.760460  5.581470 125.798
3  -3.796990  4.666400 125.279
3  -1.005360  4.698070 125.997
3  -0.093238  5.042730 125.024
3   5.046230  5.794830 125.843
3   6.037510  4.999940 126.521
3  -6.625500  1.566800 128.222
2  -2.248520  0.534333 128.451
2  -1.456210  1.358540 129.246
2   0.575612  0.764739 127.960
2  -0.034232  1.454740 128.996
2   1.825330  0.089971 128.210
3   6.400620  1.846810 128.361
3   6.644030  1.026830 129.503
3  -5.849220  3.808740 127.122
3  -6.267050  2.975870 128.174
3   5.953490  4.311870 127.758
3   5.689730  3.100880 128.504
3  -6.252820  5.218080 127.109
3  -5.801640  5.897090 128.428
3  -1.975800  4.585120 126.922
3  -2.035920  5.348590 128.086
3  -2.249770  6.612900 128.727
3  -1.096360  7.434850 128.983
3  -6.579650  1.482880 130.725
3  -6.555170  0.858043 129.481
2  -2.636620  0.484737 131.214
2  -1.695700  1.397870 130.685
2   0.670878  1.498200 130.232
2   2.595770  0.189136 129.407
2   1.928510  0.893842 130.481
3   6.426750  1.479280 130.742
3  -6.450610  2.908080 130.703
3  -6.257390  3.579880 129.467
3   5.463220  2.468350 130.863
3   4.932870  3.139130 129.737
3  -6.127090  5.559770 130.801
3  -6.185950  4.975990 129.568
3   3.722830  5.053260 131.397
3  -4.827570  6.779130 129.414
3  -5.500380  6.817770 130.720
3  -3.408400  7.007060 129.493
3  -2.910020  7.711750 130.705
3  -0.502602  8.008870 130.164
3  -1.547300  8.245720 131.121
3   0.836489  8.068940 130.332
3  -6.617290  0.804090 131.959
3  -6.561450  1.424560 133.183
2  -0.339900  1.533030 131.272
3  -1.739000  8.781090 132.451
2  -0.032447  0.666157 132.313
2   1.254230  0.094643 132.649
2   2.282270  0.200595 131.715
3   6.816560  0.756121 131.845
3   6.585630  1.216840 133.112
3  -6.367080  3.546560 131.983
3  -6.439340  2.835300 133.195
3   5.306620  3.006040 132.115
3   5.892300  2.396010 133.210
3  -6.150880  4.908730 132.009
3  -5.856920  5.527190 133.242
3   4.635520  4.192900 132.204
3   5.041250  5.008370 133.270
3   4.445680  6.235750 133.219
3  -5.027810  7.408100 131.915
3  -5.357580  6.860740 133.248
3  -3.705580  7.833950 131.895
3  -2.957320  8.193280 132.999
3   1.864860  8.349130 131.194
3   5.681280  0.010818 124.482
3   2.690570  7.435920 132.048
3   3.547730  6.339710 132.050
3  -1.190840  9.693370 133.355