398

3 -0.480605 -8.327600 -22.00700
3 -1.173370 -8.288440 -20.79820
3  0.905930 -8.507440 -22.01490
3 -4.388880 -6.930790 -21.91550
3 -5.001940 -6.634360 -20.71060
3 -3.116910 -7.566550 -21.98050
3 -2.508910 -7.863940 -20.78680
3  1.597980 -8.346730 -20.84450
3  3.520370 -7.537740 -22.02840
3  2.920070 -7.917620 -20.83700
3  4.680320 -6.764740 -22.04120
3  5.296690 -6.444850 -20.80660
3 -6.002140 -5.562260 -20.64890
3 -6.367130 -4.887490 -21.85760
3  6.213390 -5.382610 -20.88780
3  6.663390 -4.813140 -22.07300
3 -6.551950 -3.486780 -21.79300
2 -1.056120 -2.556370 -22.66150
3  7.201690 -3.522140 -22.06030
3  7.477720 -2.921990 -20.82840
3 -6.645300 -0.664616 -21.80510
2 -0.366075 -1.402210 -22.94840
3  7.429650 -0.813193 -21.99200
3  7.683630 -1.552370 -20.80110
3 -4.430980 -7.091770 -19.49710
3 -3.218770 -7.731660 -19.53300
3 -0.507141 -8.441170 -19.58620
3  0.913698 -8.417730 -19.58570
3  3.599080 -7.730790 -19.61690
3  4.753850 -6.910250 -19.63820
3 -6.125780 -4.857950 -19.43950
3  6.627450 -4.878590 -19.64180
3 -6.398970 -2.767670 -20.60270
3 -6.369410 -3.516220 -19.40230
3  7.292100 -3.631220 -19.60080
3 -6.560000 -1.359460 -20.61140
3 -6.749510 -0.700043 -19.38500
1 -2.900550 -0.352079 -20.24160
1 -1.534000 -0.370305 -20.62130
1 -0.782380 -1.294950 -19.86610
1  1.188220  0.017170 -20.41380
1  0.596547 -1.134050 -19.78880
3  7.660920 -0.858915 -19.54880
3  0.917598 -8.489850 -17.19150
3 -4.346060 -6.963940 -16.99740
3 -4.914510 -6.607120 -18.23460
3 -2.571970 -8.020770 -18.33640
3 -3.229640 -7.850850 -17.09370
3 -1.218750 -8.369000 -18.37910
3 -0.477914 -8.596340 -17.20890
3  1.629450 -8.330200 -18.40800
3  2.984470 -7.954190 -18.40970
3  3.604520 -7.661010 -17.21570
3  5.211050 -6.401100 -18.44800
3  4.735430 -6.837440 -17.19680
3 -5.913340 -4.811090 -17.01710
3 -5.713560 -5.479090 -18.22510
3  6.221580 -5.441160 -18.43470
3  6.581050 -4.945090 -17.18630
3 -6.624340 -2.831280 -18.19160
3 -6.487830 -3.526810 -16.97010
3  7.499670 -2.996400 -18.35730
3  7.327060 -3.705030 -17.12940
3 -6.692250 -1.426360 -18.18360
3 -6.943480 -0.735899 -16.95700
1 -2.943880 -1.184470 -19.02230
1 -3.497240 -0.551687 -17.90330
1 -1.615310 -1.810300 -18.83990
1 -0.999214 -1.954500 -17.58140
1  1.269490 -1.363240 -18.53690
1  0.460075 -1.730450 -17.42960
1  2.268310 -0.292998 -18.41770
3  7.710300 -1.628660 -18.35560
3  7.626910 -0.988019 -17.11230
3 -4.182370 -6.929300 -14.60430
3 -4.766910 -6.498400 -15.77180
3 -2.520660 -8.200870 -15.89020
3 -3.103980 -7.808030 -14.64440
3 -0.412985 -8.377710 -14.78480
3 -1.154560 -8.471950 -15.97820
3  0.990287 -8.496780 -14.75180
3  1.671220 -8.355260 -15.98400
3  3.007510 -8.031880 -16.01080
3  3.648260 -7.830260 -14.77750
3  4.832910 -7.086650 -14.79140
3  5.327080 -6.564350 -16.00550
3 -5.942140 -4.864180 -14.57320
3 -5.638140 -5.425480 -15.78870
3  6.185210 -5.547080 -16.00300
3  6.579540 -5.007890 -14.74210
3 -6.713730 -2.896570 -15.78050
3 -6.554110 -3.601120 -14.58030
3  7.197560 -3.798550 -14.69010
3  7.355780 -3.058450 -15.89680
3 -6.886060 -1.530670 -15.75840
3 -6.995430 -0.921298 -14.52450
1 -2.915410 -0.671999 -16.59780
1 -1.667970 -1.311190 -16.46400
1 -0.660275 -0.735101 -15.61840
1  0.637464 -0.946867 -16.21310
1  1.591650  0.081269 -16.10170
3  7.529870 -1.687970 -15.86020
3  7.566620 -1.066990 -14.60330
3 -0.982847 -8.290810 -13.48940
3 -4.623710 -6.423700 -13.37430
3 -2.317660 -7.936520 -13.43720
3  1.722920 -8.444000 -13.56580
3  3.067260 -8.204130 -13.54890
3  5.411330 -6.789690 -13.56700
3 -5.644140 -5.473770 -13.33710
3  6.329100 -5.723470 -13.53170
3 -6.871980 -3.004180 -13.32840
3  7.402710 -3.219920 -13.41820
3 -7.032120 -1.632880 -13.30680
3  7.557200 -1.831820 -13.42630
3 -0.240441 -8.494720 -12.30880
3 -0.889296 -8.276720 -11.09680
3 -4.069780 -6.816750 -12.16640
3 -4.706860 -6.498810 -10.93440
3 -2.849890 -7.512970 -12.22490
3 -2.149590 -7.685990 -11.04190
3  1.112150 -8.635380 -12.32260
3  1.805620 -8.746090 -11.10040
3  3.731720 -8.025690 -12.33330
3  3.189490 -8.434370 -11.10270
3  4.940650 -7.323120 -12.31250
3  5.475940 -6.932010 -11.04850
3 -6.213620 -4.996960 -12.14700
3 -5.743780 -5.542250 -10.91790
3  6.273760 -5.787190 -11.05370
3  6.627360 -5.169910 -12.30360
3 -6.862680 -3.764760 -12.11740
3 -7.046020 -3.059880 -10.90100
2  0.381609 -3.136080 -11.34430
2  0.251884 -4.239270 -10.42760
2  2.506000 -3.593870 -10.48940
2  1.773150 -2.733250 -11.39150
3  7.090470 -3.856810 -12.22380
3  7.091160 -3.199900 -10.99980
3 -7.200500 -1.007340 -12.10780
3 -7.382550 -1.674620 -10.89240
2 -0.633426 -2.178680 -11.39980
2 -2.238450 -0.925809 -10.25100
2 -1.861190 -2.275300 -10.64530
2 -0.246129 -0.805850 -11.44860
2  2.143320 -1.376120 -11.49830
2  3.234690 -0.809342 -10.72100
3  7.333630 -1.122680 -12.20280
3  7.289080 -1.817660 -10.95260
3 -0.260506 -8.688150  -9.91763
3 -0.942717 -8.705790  -8.68841
3  1.127590 -8.808240  -9.88171
3  1.858640 -8.775350  -8.68802
3 -4.487850 -6.457810  -8.52095
3 -4.079710 -6.930150  -9.76321
3 -2.866120 -7.617160  -9.81430
3 -2.237020 -8.151340  -8.67702
3  3.919680 -8.281980  -9.87183
3  3.258650 -8.525800  -8.62449
3  5.137500 -7.587380  -9.86155
3  5.669150 -7.137280  -8.59871
3 -5.391030 -5.370050  -8.50292
3 -5.935860 -4.860430  -9.70022
2  1.694960 -4.942940  -8.55653
3  6.199990 -5.830810  -8.59732
3  6.444570 -5.154890  -9.80220
3 -6.865000 -3.014750  -8.40027
3 -6.674670 -3.672510  -9.62121
2 -2.507790 -3.082410  -8.41788
2 -1.987440 -3.341340  -9.74328
2 -0.915257 -4.318560  -9.64623
2 -0.791636 -4.704590  -8.26522
2  1.570830 -4.532480  -9.89862
2  3.515700 -3.033940  -9.69257
2  3.621290 -3.412550  -8.30415
3  6.915280 -3.857320  -9.76016
3  6.977160 -3.142950  -8.55067
3 -7.459710 -1.007860  -9.59008
3 -7.366130 -1.697720  -8.37422
2 -2.753200 -0.661961  -8.97463
2  3.885730 -1.635890  -9.80205
2  4.137480 -1.134610  -8.48102
3  7.174310 -1.107460  -9.72908
3  7.122040 -1.759490  -8.52502
3 -0.279041 -8.867290  -7.46465
3  1.117760 -8.842820  -7.48695
3 -2.864020 -7.880810  -7.40356
3  3.870910 -8.329240  -7.39096
2  0.486555 -5.015090  -7.74943
2 -1.777970 -3.949800  -7.51086
2  2.749530 -4.361420  -7.73929
2 -2.911700 -1.770840  -8.05000
2  4.016230 -2.233670  -7.57641
2  1.085630 -0.396357 -11.53460
2 -0.299243 -3.784940 -22.80580
2  1.017790 -1.192020 -22.90940
2  1.800280 -2.319030 -23.02890
3 -6.762450  0.732251 -21.76230
1 -1.601780  1.934220 -21.55010
1  0.699216  2.325690 -21.32420
3  7.047580  0.538810 -21.89880
3  7.146710  1.236410 -20.69350
3 -6.400290  3.504600 -21.73130
1 -0.579337  2.982660 -21.63270
3  6.071430  3.138030 -21.79150
3  6.539460  2.488920 -20.60550
3 -5.953440  4.832730 -21.69210
3  5.591410  4.442790 -21.76090
3 -4.654800  7.284930 -21.74070
3 -3.373610  7.947750 -21.83510
3  3.153710  7.670700 -21.63390
3  4.237240  6.811410 -21.72850
3 -0.597143  9.333840 -21.57530
3  0.816878  9.215830 -21.56650
3  1.543720  9.047330 -22.73340
3 -6.937030  1.431280 -20.58040
3 -7.084840  0.655308 -19.43220
1 -2.934830  2.077400 -21.17130
1 -3.570560  0.899623 -20.44980
1 -0.963580  0.777273 -21.07650
1  0.405078  0.981320 -21.00090
1  2.255300  0.510736 -19.62600
1  2.444400  1.927100 -19.67120
3  7.353800  0.496510 -19.49980
3 -6.762110  2.831680 -20.56480
3 -6.621260  3.518710 -19.34540
1 -3.135260  3.272220 -20.38580
1 -2.176300  4.328480 -20.32030
1 -0.861529  4.196760 -20.95810
1  1.736460  2.865730 -20.56600
1  1.403980  4.062090 -19.82470
3  6.402620  3.124300 -19.37240
3 -6.230970  4.868440 -19.28070
3 -5.750470  5.460820 -20.48430
3 -5.035090  6.679360 -20.49450
1  0.152767  4.705490 -20.02820
3  5.386450  5.074450 -20.53900
3  4.732130  6.286930 -20.55990
3  5.759210  4.369430 -19.38470
3 -4.464980  7.075810 -19.26110
3 -2.724800  8.253260 -20.56980
3 -3.354460  7.940100 -19.31350
3  3.242550  7.642810 -19.25020
3  2.619060  8.090520 -20.41510
3  4.261410  6.739460 -19.34190
3 -1.423250  8.833470 -20.50920
3 -0.741059  8.716810 -19.25310
3  0.681387  8.694180 -19.21680
3  1.393710  8.776040 -20.37610
3 -7.180670  1.407070 -18.16760
3 -7.237070  0.645940 -16.95350
1 -4.116090  0.736915 -18.03480
1 -4.108040  1.470350 -19.23460
1  2.407230  0.426312 -17.22860
1  2.602910  1.862290 -17.23110
3  7.285830  1.142780 -18.27350
3  7.478640  0.412664 -17.10020
3 -6.839900  2.786830 -18.14010
3 -6.803560  3.456210 -16.86440
1 -3.788690  2.854340 -19.19840
1 -3.637160  3.476370 -17.98500
1 -2.676480  4.524730 -17.87320
1  1.952240  3.896900 -18.49980
1  1.307540  4.421660 -17.38000
1  2.604470  2.611920 -18.41490
3  6.792830  2.428090 -18.22990
3  6.587440  3.044730 -16.99200
3 -6.341410  4.799790 -16.85850
3 -5.943990  5.485580 -18.06910
3 -5.072070  6.658020 -18.05110
1 -1.941220  4.905720 -19.00370
1 -0.536660  5.171200 -18.84110
1  0.041452  5.097780 -17.55070
3  5.548190  4.985700 -18.20070
3  5.945290  4.315990 -17.04160
3  4.800220  6.193240 -18.14610
3 -4.499710  6.955250 -16.75560
3 -3.339640  7.777030 -16.76890
3 -2.793370  8.191850 -18.03810
3  1.351570  8.332370 -18.02950
3  2.648820  7.902920 -18.03770
3  3.346950  7.595230 -16.88310
3  4.433430  6.672290 -16.88350
3 -1.414670  8.639960 -17.99440
3 -0.637423  8.599610 -16.80660
3  0.712507  8.393070 -16.79560
3 -7.275290  1.282030 -15.71070
3 -7.193240  0.460788 -14.52090
1 -3.999250  1.395180 -16.75270
1 -3.260830  0.520455 -15.84700
1  1.294560  1.296840 -15.39020
3  7.226060  1.014530 -15.84780
3  7.290880  0.321763 -14.63010
3 -7.115630  2.710920 -15.66910
3 -6.743490  3.234050 -14.37810
1 -3.709110  2.763170 -16.75080
1 -2.771660  3.367010 -15.84580
1  1.268560  3.648210 -16.16580
1 -0.023323  3.833350 -15.56180
1  1.934310  2.410500 -16.06470
3  6.870340  2.361340 -15.81220
3  6.718830  2.985300 -14.59450
3 -5.753220  5.174650 -15.59630
3 -4.834590  6.261900 -15.54510
1 -2.144640  4.492450 -16.53370
1 -0.774219  4.776380 -16.37120
3  5.658120  4.875300 -15.77270
3  6.013640  4.231040 -14.57690
3  4.817790  5.972950 -15.72330
3 -4.153020  6.482890 -14.35550
3 -2.623490  8.022360 -15.57890
3 -1.293580  8.549740 -15.55910
3 -0.580032  8.686690 -14.36920
3  1.446100  8.348390 -15.60090
3  2.743110  7.880870 -15.65850
3  3.400760  7.506340 -14.51590
3  4.301370  6.447390 -14.52920
3 -7.136870  1.071270 -13.25900
1 -2.256370  1.080570 -15.03050
1 -0.960285  0.428271 -14.89160
1  0.036484  1.467540 -14.82330
3  7.142160  0.988621 -13.38950
3 -6.791010  2.404010 -13.20800
1 -2.035460  2.518970 -15.00020
1 -0.617582  2.749470 -14.89380
3  6.930730  2.383550 -13.34350
3 -5.983240  4.418340 -14.38700
3 -5.331440  4.734830 -13.23120
3 -4.334430  5.718110 -13.22490
3  5.646090  4.803530 -13.35230
3  4.850700  5.968560 -13.34770
3 -3.124190  7.431600 -14.35410
3 -2.376850  7.651820 -13.15860
3 -1.129380  8.306010 -13.15370
3  0.831751  8.550730 -14.40550
3  1.674420  8.548040 -13.26130
3  2.993500  8.032240 -13.30150
3 -7.090130  1.013590 -10.78200
3 -7.208600  0.432653 -12.04750
2 -1.220860 -0.030125 -10.75170
2  1.526680  0.767411 -10.81360
2  2.851680  0.528478 -10.29800
3  7.166730  0.284895 -12.18020
3  7.152160  0.966163 -10.93990
3 -6.388160  2.899510 -11.98930
3 -6.616710  2.295800 -10.76080
3  6.671130  3.048830 -12.13050
3  6.880750  2.338670 -10.92430
3 -5.552780  4.029030 -11.99910
3 -5.156460  4.543450 -10.77530
3 -4.144750  5.456400 -10.79900
3  5.585160  4.759960 -10.90120
3  5.986760  4.245920 -12.15670
3 -3.753790  6.039550 -12.01190
3 -2.704700  6.952390 -11.98860
3 -2.025690  7.222330 -10.80550
3 -0.287512  8.388220 -11.98760
3 -0.823395  7.954540 -10.81100
3  1.899380  8.579540 -10.86870
3  1.097250  8.654800 -12.03380
3  3.254470  8.158790 -10.90170
3  3.700280  7.667610 -12.13660
3  4.951790  5.976600 -10.91220
3  4.462490  6.524400 -12.13930
3 -7.397440  0.377175  -9.56939
3 -7.316970  1.047920  -8.34827
2 -0.781357  1.113550 -10.08040
2 -1.297710  1.380670  -8.77322
2 -2.257750  0.497899  -8.24760
2  0.598776  1.528850 -10.10470
2  3.173270  1.037550  -9.02367
2  2.224210  1.840000  -8.27538
3  7.192690  0.255129  -9.74413
3  7.286570  0.990378  -8.50977
3 -6.765600  2.355010  -8.37086
3 -6.417960  2.923870  -9.57533
3 -5.577200  4.000550  -9.56881
2  0.940993  2.082920  -8.81298
3  6.584930  2.945910  -9.72677
3  7.002540  2.344710  -8.50996
3 -5.078270  4.503050  -8.40029
3 -4.128410  5.490320  -8.41190
3 -3.599220  5.942460  -9.61355
3  5.854150  4.822120  -8.46453
3  5.944700  4.182680  -9.69841
3 -2.522230  6.807590  -9.59221
3 -1.852710  7.114810  -8.44943
3 -0.051745  8.161380  -9.68063
3 -0.654730  7.836250  -8.47560
3  1.270410  8.508130  -9.61833
3  1.997270  8.499410  -8.40221
3  3.880410  7.778460  -9.65498
3  3.396590  8.233020  -8.42226
3  5.102280  6.025770  -8.45408
3  4.669330  6.560710  -9.67263
2  3.876990  0.187577  -8.09618
2 -0.251963  2.013030  -7.99553
3  2.434520  7.947120 -22.78980