297

3 -0.439921 -8.590190 68.2093
3  2.182210 -8.488700 68.2153
3 -4.140900 -6.771690 68.1500
3 -3.633230 -7.183540 69.4380
3 -2.420270 -7.942330 69.4885
3 -1.847470 -8.233000 68.1427
3  3.567990 -8.045730 68.2090
3  5.577110 -6.246910 68.1942
3  4.149830 -7.737360 69.5336
3 -6.201420 -4.005600 69.5198
3 -5.064180 -5.713730 68.2068
3 -5.363310 -5.171340 69.5193
3  6.202980 -4.966600 68.1786
3 -6.539220 -3.435210 68.1310
3 -7.050730 -2.110840 68.1896
1 -0.429202 -2.087070 69.0239
3  6.711880 -2.397790 68.1552
3 -7.127700 -1.465090 69.5110
3 -7.537550 -0.103825 69.5293
1 -2.486490 -1.434770 67.7825
1 -3.386990 -0.361274 68.0166
1 -1.813540 -1.794310 69.0485
1  0.289937 -1.944980 67.7578
1  1.603210 -1.384900 68.0190
3  6.851400 -0.994612 68.1558
3 -0.474064 -8.515220 70.8678
3  0.182009 -8.702400 69.5624
3  1.577030 -8.644870 69.5438
3  2.210390 -8.543000 70.8743
3 -4.146390 -6.790440 70.8042
3 -1.906660 -8.248800 70.8249
3  3.605250 -8.111650 70.8585
3  5.167930 -6.739690 69.5738
3  5.635940 -6.275110 70.8666
3 -5.068000 -5.746000 70.8427
3  6.435760 -4.401330 69.4849
3  6.350780 -5.044460 70.8389
3 -6.524780 -3.408810 70.8525
3 -7.008610 -2.089720 70.8523
3  6.598280 -3.007670 69.4595
3  6.857340 -2.346840 70.8182
1 -2.364250 -0.899845 70.0753
1 -0.114045 -0.580784 70.9970
1 -1.505250 -0.411937 71.0629
1  0.451794 -1.442060 70.0384
1  1.679720 -1.145710 69.4344
3  6.778780 -0.331495 69.4881
3  6.783670 -0.952319 70.8539
3 -0.531788 -8.588310 73.4916
3 -1.857820 -8.175670 73.5004
3  0.172743 -8.533040 72.1949
3  1.555370 -8.596420 72.1791
3  2.209000 -8.429230 73.5232
3 -4.221520 -6.932050 73.4853
3 -3.710730 -7.267800 72.1287
3 -2.485960 -7.918940 72.1854
3  3.572610 -7.940150 73.5446
3  4.110800 -7.592150 72.2156
3  5.284460 -6.735730 72.2113
3  5.616200 -6.120900 73.5572
3 -5.508530 -5.255180 72.1879
3 -5.169700 -5.769020 73.5104
3  6.357400 -4.897800 73.5239
3  6.627940 -4.402010 72.1228
3 -6.502130 -3.411540 73.5703
3 -6.256300 -4.070100 72.2089
3  6.827260 -2.959540 72.1235
3  6.920260 -2.314180 73.4709
3 -7.029290 -2.099110 73.5572
3 -7.164670 -1.491330 72.2324
3 -7.458640 -0.102603 72.2327
3  7.010320 -0.267305 72.1560
3  6.945640 -0.876347 73.4797
3  0.166438 -8.706680 74.8472
3  1.582810 -8.675190 74.8475
3 -3.711160 -7.254090 74.8614
3 -2.438840 -7.915230 74.8389
3  4.091110 -7.611480 74.8620
3  5.115770 -6.644100 74.8524
3 -5.543690 -5.288830 74.8908
2 -0.744440 -3.924470 75.7469
3  6.589840 -4.294680 74.9018
3 -6.324360 -4.063570 74.8571
2 -2.108280 -1.937230 75.1514
2 -1.027870 -2.900960 74.8451
2  1.696500 -3.526910 75.6126
2  0.124957 -2.094690 74.4235
2  1.436270 -2.415460 74.7146
3  6.944890 -2.935060 74.8238
3 -7.144600 -1.444680 74.8677
3 -7.361610 -0.049856 74.8627
2 -1.599740 -0.577539 74.9483
2 -0.241221 -0.670448 74.4318
2  2.385910 -1.375000 75.0093
2  2.061250  0.025585 75.0449
3  6.868850 -0.201968 74.8052
3 -0.483536 -8.614420 76.1859
3 -1.860410 -8.206980 76.1728
3  0.156049 -8.588870 77.4779
3  1.566740 -8.666040 77.4481
3  2.204770 -8.546170 76.1531
3 -4.155780 -6.847400 76.2633
3 -3.694320 -7.318220 77.5600
3 -2.489390 -8.042220 77.5376
3  3.550300 -7.944330 76.1699
3  4.032990 -7.517100 77.5095
3  5.155530 -6.651420 77.5183
3  5.505240 -6.097420 76.1789
3 -5.150410 -5.777060 76.3008
3 -5.555410 -5.246200 77.6475
2 -1.516750 -4.205950 76.8948
2  0.604648 -4.325170 76.0577
2  0.622495 -4.790110 77.4232
3  6.314570 -4.889910 76.2241
3  6.434990 -4.260650 77.5467
3 -6.602160 -3.443160 76.2292
3 -6.269450 -4.049170 77.6002
2 -2.624690 -3.369870 77.1761
2 -2.892700 -2.223700 76.3498
2  2.926200 -3.828040 77.7403
2  2.871840 -3.271050 76.4054
2  3.198490 -1.913390 76.1348
3  6.939780 -2.276600 76.1501
3  6.808860 -2.908210 77.5159
3 -7.059110 -2.118360 76.2261
3 -7.106310 -1.461730 77.5242
3 -7.353280 -0.067762 77.5387
2 -3.147000 -1.132980 77.2360
2  3.731110 -1.098250 77.1273
3  7.014380 -0.855437 76.1396
3  7.029220 -0.183465 77.4932
3 -0.425973 -8.486520 78.8091
3 -1.841180 -8.162610 78.8192
3  2.182650 -8.381310 78.7826
3 -4.180660 -6.878570 78.8897
3  3.537340 -7.957300 78.7997
3  5.540620 -6.122530 78.8208
3 -5.113590 -5.830830 78.9132
2 -0.672803 -4.712650 77.9339
2 -0.881187 -4.370940 79.2966
2  1.756370 -4.510890 78.2473
3  6.285460 -4.908070 78.8390
3 -6.593490 -3.489350 78.8795
2 -2.821090 -3.017770 78.5933
2  3.324760 -2.880800 78.7806
3  6.899690 -2.270980 78.8390
3 -6.944960 -2.106630 78.8715
2 -3.057740 -1.563150 78.5854
2  3.665640 -1.560550 78.4700
2  3.363040 -0.506625 79.3308
3  7.015800 -0.849913 78.7883
1 -3.864410  2.002490 67.5014
1 -0.600261  4.951170 67.2894
1  0.763222  4.636280 67.2811
3 -7.571560  0.539610 68.1889
3 -7.503860  1.984870 68.2110
1 -3.426540 -0.093005 69.4665
1  2.895570  0.679901 67.4018
1  3.041740  0.983228 68.7690
3  6.837570  1.726670 68.1625
3 -7.345810  2.576340 69.5264
3 -6.969560  3.924290 69.5624
1 -3.843280  2.330120 68.8575
1 -3.095490  3.489470 69.2821
1  2.540290  3.358510 68.3050
3  6.386930  3.113380 68.1582
3 -6.687200  4.597440 68.2307
3 -5.760550  5.676700 68.2057
1 -2.582460  4.362160 68.3131
1 -1.280220  4.956720 68.5330
1  1.457950  4.321300 68.5502
3  5.081810  5.493870 68.1400
3 -5.279050  6.089550 69.5545
3 -4.147050  6.983650 69.5435
3 -3.657460  7.345960 68.1731
3 -2.385360  7.958380 68.1126
3  1.668510  7.790740 68.1492
3  4.019660  6.441740 68.1562
3  0.308133  8.194990 68.1439
3 -7.656080  0.503026 70.8688
3 -7.576990  1.971880 70.9240
1 -3.569790  1.235930 69.9102
1 -2.777660  1.763040 70.9766
1 -1.724330  0.948293 71.5119
1  1.766960  0.867014 70.7609
1  2.356480  0.055674 69.7469
3  6.763330  1.095910 69.4679
3  6.656590  1.723050 70.8394
1 -2.516740  3.177010 70.6194
1 -0.170101  2.891110 71.4136
1 -1.197650  3.719970 70.8287
1  1.045680  3.266550 70.7269
1  2.072060  2.279160 70.5096
1  2.870350  2.344880 69.2432
3  6.062610  3.664900 69.5243
3  6.322710  3.097280 70.8305
3 -6.679890  4.512990 70.8401
3 -5.846050  5.713630 70.8813
1 -0.619414  4.669130 69.8331
1  0.803781  4.343130 69.7829
3  5.459980  4.935370 69.5306
3  4.990550  5.478660 70.8446
3 -3.559870  7.223770 70.9077
3 -2.308740  7.880260 70.8694
3  1.630150  7.828330 70.8248
3  2.197230  7.548230 69.4866
3  3.488390  6.940460 69.5004
3  4.011820  6.539590 70.8179
3 -1.728330  8.196700 69.5059
3 -0.310806  8.336270 69.4981
3  0.321649  8.375090 70.8154
3 -7.498080  0.563952 73.5500
3 -7.368410  1.954560 73.5153
1 -0.439643  1.593920 71.7580
1  0.559565  0.551245 71.4541
3  6.780710  1.120830 72.1380
3  6.757190  1.781140 73.4823
3 -7.329690  2.618080 72.2255
3 -6.949680  4.003780 72.1771
3  6.053510  3.681110 72.1704
3  6.256440  3.106960 73.4696
3 -6.716180  4.615730 73.5364
3 -5.801670  5.719280 73.5552
3  5.344690  4.943550 72.1407
3  4.938950  5.450340 73.4776
3 -5.239260  6.019450 72.2471
3 -4.051540  6.851610 72.2015
3 -3.529170  7.199590 73.5197
3 -2.271270  7.907670 73.5380
3  1.674590  7.977250 73.4794
3  0.281188  8.393930 73.4773
3  2.242330  7.596940 72.0953
3  3.474210  6.925210 72.1128
3  3.978040  6.510240 73.4104
3 -1.696640  8.168560 72.1750
3 -0.339738  8.444210 72.1369
2  0.236915  1.330050 75.6013
2  0.667108  0.333293 74.6972
3  6.720800  1.180110 74.8003
3 -7.337570  2.598190 74.8763
3 -7.023570  4.028460 74.8823
3  5.990420  3.663340 74.8292
3  5.263910  4.921790 74.8001
3 -5.305490  6.085880 74.8932
3 -4.092210  6.908350 74.7912
3  2.232080  7.680600 74.7721
3  3.417310  6.882920 74.7140
3 -1.724300  8.189320 74.8262
3 -0.344318  8.439500 74.8150
3 -7.359390  0.549999 76.2147
2 -2.756840  0.196957 76.9645
2 -0.998830  1.486930 76.1117
2 -1.204750  1.874530 77.5063
2 -1.959720  0.472028 75.7868
2  1.358960  1.684380 76.4546
2  3.339920  0.293147 77.1332
2  2.483740  0.889993 76.1555
3  6.689450  1.741240 76.1472
3  6.801240  1.177160 77.4397
3 -7.449050  2.015920 76.2431
3 -7.252300  2.616620 77.5649
3 -6.975620  3.993310 77.5502
3  5.953010  3.694750 77.4738
3  6.301920  3.121640 76.1344
3 -6.710240  4.601400 76.2136
3 -5.663140  5.636590 76.2465
3  4.924590  5.546150 76.0533
3  5.248880  4.979840 77.4103
3 -5.180260  5.996170 77.5365
3 -4.085160  6.878230 77.5480
3 -3.545370  7.261820 76.1452
3  1.699520  8.018070 76.1160
3  0.317047  8.429680 76.0985
3  2.260860  7.656430 77.4702
3  3.449980  6.948110 77.4726
3  3.982680  6.581930 76.0619
3 -2.326260  8.008530 76.1439
3 -1.714050  8.207230 77.4798
3 -0.317724  8.520130 77.4782
3 -7.373500  0.598631 78.8650
2 -2.310900  1.064840 78.0111
2 -2.246840  0.625088 79.3390
2  2.049590  1.528540 78.8519
2  3.103060  0.682647 78.5835
3  6.623930  1.801550 78.7975
3 -7.407400  2.014350 78.8622
2 -0.122754  2.216870 78.3664
2  1.192980  2.061160 77.8161
3  6.212310  3.178830 78.7824
3 -6.643920  4.568540 78.8859
3 -5.795760  5.707890 78.8770
3  4.927320  5.570690 78.7663
3 -3.588810  7.287390 78.8779
3 -2.327670  7.925380 78.8082
3  1.688630  7.925490 78.8254
3  3.997280  6.609060 78.7896
3  0.339044  8.399460 78.8116