405

3  1.739910 -8.907250 -6.277790
3 -2.305530 -8.372090 -6.240800
3 -3.803750 -6.851130 -7.336710
3  5.103390 -7.622270 -7.388740
3 -5.585940 -4.688860 -7.284270
3  6.278670 -5.153430 -7.356430
3 -6.299540 -3.502510 -7.238410
2 -1.476760 -3.498640 -6.217700
2  0.812804 -4.522000 -6.433230
2  2.208230 -4.094380 -6.421230
3  6.745260 -3.839670 -7.350150
3 -7.461080 -1.008340 -7.150310
2 -2.538030 -1.269460 -6.742010
2  3.608020 -1.995600 -6.274800
3  7.249930 -1.109890 -7.299760
3 -1.035010 -8.911330 -6.296140
3 -0.428474 -9.238130 -5.081550
3  1.030080 -9.159880 -5.069200
3 -4.233610 -6.346590 -6.132220
3 -3.771150 -6.932580 -4.949340
3 -2.803940 -7.951250 -5.013300
3  3.073150 -8.593910 -6.262630
3  3.612470 -8.346400 -5.002050
3  5.308960 -6.997820 -6.124610
3  4.655430 -7.436890 -4.915190
3 -5.037380 -5.164140 -6.088730
3 -5.273610 -4.621380 -4.846600
3  5.930390 -5.788360 -6.131450
3  5.998650 -5.113380 -4.874550
3 -6.514410 -2.908920 -5.987930
3 -6.033860 -3.433540 -4.797640
2 -0.130795 -3.764090 -5.718200
2  0.351964 -2.523940 -5.209680
2  2.646570 -2.933060 -5.733280
3  6.737030 -3.170300 -6.124560
3  6.523290 -3.828120 -4.910430
3 -7.166960 -1.641200 -5.962450
3 -7.177740 -0.958780 -4.756930
2 -1.779990 -2.107640 -5.922730
2 -0.636588 -1.535010 -5.322820
2  1.658520 -2.132450 -5.097880
2  2.015930 -0.743768 -5.156200
2  3.216620 -0.642651 -5.916740
3  7.136960 -1.818860 -6.093420
3  7.119520 -1.109520 -4.910570
3 -0.388990 -9.390370 -2.538540
3 -1.073770 -9.110800 -3.794030
3  1.684890 -9.342510 -3.771170
3  1.004460 -9.557040 -2.531840
3  2.994790 -8.788700 -3.765910
3 -4.197680 -6.456240 -3.687640
3 -3.834080 -7.052010 -2.459680
3 -2.238650 -8.320910 -3.745040
3 -2.844110 -8.046240 -2.495330
3  3.550240 -8.486740 -2.474850
3  4.436770 -7.412580 -2.440120
3  4.871910 -6.880090 -3.650200
3 -5.421050 -4.761040 -2.400680
3 -4.996630 -5.278170 -3.623560
3  5.547390 -5.673300 -3.687870
3  5.711560 -5.012400 -2.505400
3 -5.997010 -3.496940 -2.382140
3 -6.327470 -2.869920 -3.574690
1  0.283904 -2.580120 -2.392900
3  6.487570 -3.104830 -3.718460
3  6.174900 -3.730860 -2.525230
3 -6.773330 -1.537590 -3.520780
3 -6.812500 -0.850570 -2.284300
1 -0.845559 -1.821120 -2.540200
3  6.936360 -1.796390 -3.698320
3  7.020150 -1.090500 -2.534640
3 -1.088890 -9.120770 -1.306460
3  1.683610 -9.503150 -1.288070
3  2.988200 -8.954620 -1.263350
3 -4.295840 -6.598410 -1.206250
3 -2.263430 -8.390080 -1.296610
3 -2.828300 -8.146550 -0.039150
3  4.777440 -6.862960 -1.226020
3 -5.116210 -5.468660 -1.187680
3 -5.485480 -4.909060  0.042602
3  5.379150 -5.636470 -1.303170
3 -6.239210 -2.865180 -1.161960
1 -0.954412 -4.387390 -1.406820
1 -2.156310 -3.505550 -1.483390
1 -2.143750 -2.239760 -2.121890
1  0.267910 -3.921760 -1.941480
1  1.586040 -4.172840 -1.371790
1  2.423650 -2.991070 -1.639550
3  6.491390 -3.124390 -1.317190
3 -6.593340 -1.555780 -1.119370
1 -3.365080 -1.095750 -0.311739
1 -2.797870 -1.019290 -1.595220
1 -0.694155 -0.432625 -2.372070
1  1.593870 -2.034860 -2.293920
1  1.768230 -0.647915 -2.271790
1  2.716220 -0.067269 -1.341370
3  6.982930 -1.824040 -1.356220
3 -2.342830 -8.628520  1.186740
3 -0.464850 -9.390350 -0.071970
3 -1.160500 -9.337700  1.178370
3  0.926800 -9.490330 -0.052027
3  1.559140 -9.348870  1.207140
3 -3.814210 -7.112550  0.011817
3 -4.307320 -6.706900  1.253660
3  3.506140 -8.481160 -0.032935
3  2.931910 -8.926040  1.181690
3  4.495850 -7.527840 -0.064159
3  5.031230 -7.031400  1.122860
3 -5.086780 -5.501750  1.245750
1 -0.876592 -4.896420 -0.047371
1 -1.996140 -4.373820  0.673016
1  0.381260 -5.113990  0.567605
1  1.627600 -4.723150 -0.080235
3  5.829990 -5.056230 -0.109764
3  5.720530 -5.766970  1.122900
3 -6.223460 -2.972950  1.231940
3 -6.079930 -3.622890  0.001494
1 -2.759190 -3.513590 -0.177268
1 -3.287720 -2.346920  0.377681
1  3.313160 -2.444700 -0.693683
1  3.340650 -3.035750  0.621440
1  2.506000 -4.136050  0.909656
3  6.314660 -3.757280 -0.117863
3  6.665740 -3.162410  1.078190
3 -6.586540 -0.840256  0.042978
3 -6.509900 -1.564520  1.264000
1 -3.169010 -2.087790  1.787840
1 -3.202000 -0.047455  0.680638
1  3.467000 -0.980938 -0.548986
1  3.549810 -0.708041  0.877009
3  7.082830 -1.110880 -0.156514
3  7.047540 -1.803320  1.051590
3 -0.511347 -9.560250  2.394290
3 -1.206630 -9.415870  3.660590
3  0.880230 -9.429620  2.421800
3  1.579540 -9.346480  3.633130
3 -3.880760 -7.184050  2.444310
3 -4.361340 -6.658480  3.636530
3 -2.946100 -8.223910  2.427020
3 -2.445210 -8.741710  3.627120
3  2.902100 -8.863110  3.600770
3  3.541770 -8.527020  2.379020
3  4.663090 -7.685250  2.329780
3  5.118610 -7.094150  3.467630
3 -5.365350 -4.881620  2.437520
3 -5.002740 -5.422080  3.650770
1 -0.587738 -4.369670  2.695200
1  0.536744 -4.848380  1.987510
3  5.674700 -5.803920  3.478980
3  5.976480 -5.121110  2.316020
3 -5.938320 -3.613740  2.473940
3 -6.078140 -2.888280  3.642870
1 -2.473250 -2.973160  2.620520
1 -1.849330 -4.126120  2.030410
1 -1.619950 -2.490240  3.680150
1  1.827310 -4.223880  2.181390
1  1.969360 -3.219750  3.137820
3  6.427800 -3.788840  2.245430
3  6.600120 -3.170790  3.474090
3 -6.435340 -0.861681  2.480490
3 -6.189910 -1.537750  3.670130
1 -3.105110 -0.672370  1.978180
1 -2.274640 -0.167081  2.985960
1  2.129130 -0.914347  3.343420
1  3.462330 -1.967860  1.579030
1  2.749740 -2.067720  2.773810
3  7.066060 -1.130370  2.284880
3  6.920590 -1.799540  3.476390
3 -0.495221 -9.440140  4.896250
3  0.916286 -9.407550  4.846590
3 -4.074550 -7.364350  4.839480
3 -4.428120 -6.711650  6.038690
3 -3.008760 -8.318480  4.856660
3 -2.428140 -8.654140  6.084460
3  2.916880 -8.649010  6.038350
3  3.536720 -8.419020  4.790530
3  4.683860 -7.598410  4.736640
3  5.084830 -6.972430  5.923650
3 -5.381710 -4.822560  4.844170
3 -5.139530 -5.505390  6.017010
3  5.746210 -5.746180  5.912180
3  5.872630 -5.120960  4.687720
3 -5.962480 -3.585690  4.839880
3 -6.239720 -2.923950  6.043660
1 -0.431874 -3.347000  3.707200
1  0.833020 -2.771790  3.907710
3  6.451250 -3.820410  4.694620
3  6.661970 -3.162850  5.924520
3 -6.233440 -0.804467  4.830750
3 -6.377760 -1.517560  6.031850
1 -1.496620 -1.092360  3.791110
1 -0.189540 -0.531085  3.934340
1  0.940800 -1.338140  4.022180
3  7.015080 -1.094160  4.725650
3  7.022120 -1.835880  5.944340
3 -1.122710 -9.223970  6.127330
3 -0.460387 -9.337420  7.375320
3  1.650680 -9.246210  6.069840
3  0.980627 -9.353860  7.358780
3 -3.995390 -7.183120  7.288980
3 -2.954260 -8.183620  7.347520
3  3.467010 -8.234080  7.260940
3  4.604410 -7.420520  7.194630
3 -5.403450 -4.837110  7.244240
3  6.130500 -5.144290  7.080930
3 -6.007370 -3.575050  7.231000
3  6.505380 -3.810080  7.103970
3 -6.664560 -0.736617  7.191920
3  7.158050 -1.144880  7.150240
2 -1.580300 -0.361086  7.709130
2 -0.177282 -0.387305  7.878950
2 -0.340110 -0.182362 -5.263470
3 -7.521050  0.394706 -7.101970
2 -2.128860  0.123601 -6.868350
2 -0.144223  1.673700 -6.641150
2  2.349570  1.490530 -6.868580
2  3.399600  0.471956 -6.756460
3  7.297480  0.294264 -7.300390
3 -6.351060  2.906530 -7.184970
3 -5.573850  4.024480 -7.173750
3  6.851100  3.035190 -7.257700
3 -3.559710  5.942240 -7.257260
3  6.353450  4.333180 -7.249970
3 -2.405270  6.733680 -7.235770
3  0.013665  8.105150 -7.220850
3  1.325830  8.507770 -7.182570
3  3.966310  7.808540 -7.242540
3  4.847330  6.711490 -7.233220
3 -7.260130  1.125020 -5.917680
3 -7.253490  0.440454 -4.723130
2 -1.065900  0.681262 -6.135770
2  1.175640  1.405370 -6.078940
2  1.034140  0.252945 -5.213250
3  7.167930  0.977856 -6.073620
3  7.178660  0.273749 -4.866030
3 -6.764100  2.408520 -5.952800
3 -6.493300  3.187580 -4.791150
3  7.019210  2.363470 -6.040610
3  6.776320  3.065530 -4.858880
3 -5.623950  4.305420 -4.798180
3 -5.142530  4.747600 -6.014560
3 -4.163240  5.722200 -6.043950
3 -3.745050  6.371100 -4.850890
3  6.172570  5.099040 -6.056460
3  5.425790  6.300570 -6.019370
3  6.465420  4.458430 -4.807980
3 -2.582600  7.165510 -4.827770
3 -1.879740  7.189930 -6.046790
3 -0.021619  8.082240 -4.788220
3 -0.649523  7.821490 -6.021950
3  1.350000  8.284350 -4.773450
3  2.014650  8.440450 -5.975100
3  4.135290  7.924810 -4.815540
3  3.438940  8.221070 -6.003090
3  5.141560  6.966920 -4.810920
3 -7.041330  1.197910 -3.567030
3 -6.845350  0.530557 -2.313320
3  7.163030  0.993121 -3.642500
3  7.104800  0.308755 -2.483520
3 -6.860310  2.606450 -3.565980
3 -6.462310  3.306580 -2.420300
3  6.920730  2.379120 -3.677270
3  6.745780  3.088280 -2.443590
3 -5.845280  4.544730 -2.410910
3 -5.315270  5.018270 -3.613410
3 -4.370150  6.048100 -3.597940
3 -3.977590  6.706550 -2.444580
3  6.485430  4.499720 -2.398340
3  6.287190  5.185780 -3.616640
3  5.772690  6.520830 -3.576610
3 -2.838100  7.599550 -2.478130
3 -2.121680  7.776720 -3.652290
3 -0.159485  8.441810 -2.417170
3 -0.796848  8.206400 -3.631380
3  1.248320  8.442890 -2.420580
3  2.042080  8.289550 -3.577310
3  4.047020  7.905680 -2.324880
3  3.428190  8.176150 -3.577270
3  5.205680  7.024800 -2.339220
3 -6.544110  1.237470 -1.152180
1 -1.740380  1.145520 -0.879825
1 -0.409657  1.689990 -0.656156
1 -1.882300  0.095398 -1.805770
1  0.725239  1.228190 -1.348050
1  0.567585  0.147477 -2.265320
1  2.044930  1.109830 -0.758937
3  6.944610  0.989924 -1.275210
3 -6.466060  2.635620 -1.217760
3  6.769830  2.365080 -1.284090
3 -5.408660  5.228460 -1.266730
3 -4.473540  6.247320 -1.250130
3  6.197480  5.120530 -1.138440
3  5.497760  6.340780 -1.141460
3 -4.022840  6.809290 -0.066141
3 -2.247400  7.981620 -1.275250
3 -2.846940  7.571570 -0.077224
3 -0.962556  8.531080 -1.256050
3  1.926710  8.564820 -1.171040
3  3.318910  8.224120 -1.168310
3 -6.435830  0.525091  0.039754
3 -6.330630  1.226160  1.237480
1 -2.397850  1.064770  0.402951
1 -1.499480  1.578060  1.413880
1 -0.275725  1.984590  0.756240
1  0.984790  1.813700  1.364120
1  2.149230  1.361650  0.615068
3  7.029420  0.265760 -0.097133
3  7.080390  0.921507  1.141500
3 -6.116230  3.359100 -0.036059
3 -6.114700  2.625900  1.147200
3  6.708460  3.007370 -0.046302
3  6.812210  2.289490  1.157550
3 -5.831160  4.714900 -0.058590
3 -5.644450  5.435670  1.101760
3 -4.697450  6.465540  1.094980
3  6.176430  4.308940 -0.003309
3  5.583140  4.706010  1.183110
3  4.888880  5.900200  1.213320
3 -2.313300  7.998160  1.109670
3 -0.312554  8.794550 -0.028513
3 -1.037590  8.570510  1.143380
3  1.090960  8.755810 -0.012267
3  1.761490  8.617190  1.211690
3  3.789700  7.691520  0.030137
3  2.979870  7.929510  1.172350
3  4.793280  6.700120  0.039426
3 -6.456150  1.287280  3.697980
3 -6.527790  0.580222  2.502290
1 -1.448850  0.988996  2.691440
1 -0.152499  0.740902  3.266940
1  1.026250  1.152870  2.640270
1  2.199210  0.310997  2.677560
1  2.911590  0.431972  1.420500
3  6.862900  0.918028  3.585220
3  7.106280  0.241611  2.370390
3 -6.307840  2.690240  3.580520
3 -6.161250  3.403270  2.362890
3  6.636520  2.275120  3.608340
3  6.488080  2.880410  2.345230
3 -5.844190  4.799660  2.352110
3 -5.508880  5.397470  3.591070
3 -4.656970  6.524040  3.535280
3  5.755520  4.055070  2.402490
3  5.434690  4.727900  3.643640
3  4.755670  5.922480  3.654580
3 -4.197980  6.994540  2.289490
3 -3.036540  7.853300  2.293290
3 -2.493460  8.313510  3.499020
3 -0.373462  8.863880  2.365890
3 -1.134230  8.776720  3.573060
3  1.036730  8.788580  2.409520
3  1.654020  8.508790  3.652310
3  3.485080  7.415240  2.399450
3  2.948540  7.903300  3.611340
3  4.344120  6.352060  2.406010
3 -6.285580  0.591961  4.849240
3 -6.225350  1.291790  6.064150
3  6.983100  0.277793  4.791700
3 -6.182420  3.382900  4.788750
3  5.721600  4.186020  4.903370
3  6.393550  2.946140  4.814410
3 -5.735360  4.716350  4.768960
3 -5.444830  5.340030  5.934670
3  4.468450  6.605000  4.866610
3 -4.653660  6.480600  5.910070
3 -4.155900  7.011350  4.713930
3 -3.149200  7.968910  4.716590
3 -2.549930  8.367600  5.905000
3 -0.452642  8.823710  4.788890
3 -1.197750  8.714690  5.945940
3  0.928988  8.655080  4.843840
3  3.530670  7.649250  4.854130
3 -6.586260  0.684277  7.239130
2 -3.601380  2.495080  7.851720
2 -3.376260  1.127490  7.682150
2 -1.294300  1.775350  6.546860
2 -2.164580  0.747100  6.980600
2  0.145163  1.684220  6.659410
3  7.041540  0.971805  6.001850
3  7.242660  0.263367  7.226740
3 -6.291990  2.686500  6.016830
3 -6.351590  3.477810  7.199710
2 -2.839080  3.551210  7.219190
2 -1.641940  3.174920  6.598140
2  0.685216  3.011170  6.826290
2 -0.428542  3.950210  6.787590
2  1.732010  3.190300  7.753480
3  5.791940  4.213180  7.305060
3  6.607440  2.288970  6.024450
3  6.327090  2.954200  7.240260
3 -5.979250  4.815110  7.105950
2 -0.427091  5.044680  7.685630
3  4.337210  6.607710  7.357120
3  5.460760  4.818200  6.111720
3  4.764550  6.029590  6.119560
3 -4.324200  7.122860  7.113930
3 -3.244070  8.112060  7.092310
3 -0.511711  8.779590  7.190330
3  1.593590  8.611720  6.087300
3  0.880842  8.740150  7.272900
3  2.933590  8.095990  6.085860
3  3.442390  7.718650  7.377480
2  1.844220  0.782733  8.222400
2 -2.787130  4.655440  8.160750
2  0.725512  0.588458  7.307670