334

3 -2.493620 -6.571740 28.5817
3 -0.040214 -7.570420 28.6282
3  1.368360 -7.943130 28.5913
3  3.939920 -7.261320 28.6414
3  5.182830 -6.464410 28.6544
3 -3.713540 -5.831470 28.5703
3  7.050750 -4.638970 28.6259
3  6.756420 -5.144470 30.0866
3 -5.631720 -3.950050 28.5342
3 -6.665850 -2.958800 28.4915
1 -2.649650 -2.162740 29.3389
1 -1.278830 -2.538010 29.5450
1 -0.373421 -2.518760 28.4308
3  7.613570 -3.326110 28.6170
3  7.971550 -2.783250 30.0142
3 -7.899470 -0.603549 28.4702
1 -4.245280 -0.449527 29.7318
1  0.963221 -2.031930 28.8693
1  0.873593 -1.761620 30.2521
3  8.257490 -0.701852 28.5041
3  8.288380 -1.377560 30.0238
3 -1.947210 -6.840320 30.0495
3 -2.527770 -6.697070 31.5245
3 -0.593330 -7.365470 30.0425
3  0.014885 -7.455330 31.4561
3  2.037390 -7.808850 30.0957
3  1.402990 -7.784900 31.4645
3  3.429620 -7.429240 30.0622
3  4.042450 -7.258320 31.5025
3  5.757050 -6.159820 30.1120
3  5.273020 -6.502440 31.4391
3 -5.201100 -4.382170 29.9875
3 -5.655440 -3.948670 31.3869
3 -4.204770 -5.394630 30.0287
3 -3.707670 -5.820790 31.4907
3  7.120290 -4.577510 31.4775
3 -7.106390 -2.515040 29.9252
3 -6.700370 -2.975280 31.3610
3  7.847350 -3.330360 31.4658
3 -7.759850 -1.218060 29.9971
3 -7.876720 -0.662902 31.4045
1 -3.333440 -1.428640 30.3407
1 -2.621600 -0.966490 31.4839
1 -1.158500 -1.262390 31.5885
1 -0.494141 -2.009730 30.6405
1  1.437870 -0.555325 30.7990
3  8.236640 -0.771119 31.4067
3 -1.915690 -6.894760 32.8870
3 -0.552673 -7.338050 32.8973
3  2.045070 -7.705450 32.9233
3  3.472350 -7.407250 32.9324
3  5.806020 -6.131710 32.9236
3 -5.133760 -4.295210 32.8348
3 -4.129850 -5.389800 32.8574
3  6.843370 -5.133580 32.9128
3 -6.944860 -2.461990 32.8454
3  8.028640 -2.738540 32.8654
3 -7.755000 -1.241310 32.8144
3  8.220730 -1.362370 32.8491
3 -2.464470 -6.617600 34.3317
3 -1.975880 -6.953860 35.8879
3 -0.599618 -7.325580 35.9537
3  0.031350 -7.498400 34.4776
3  1.448030 -7.820970 34.5067
3  2.062800 -7.769640 35.9310
3  3.441310 -7.355570 35.8944
3  4.011590 -7.143870 34.4268
3  5.268340 -6.427720 34.4287
3  5.761390 -5.988270 35.9136
3 -5.212180 -4.354880 35.7990
3 -5.545540 -3.845230 34.3172
3 -3.677480 -5.816660 34.2959
3 -4.178760 -5.373180 35.7986
3  6.822890 -5.013620 35.9033
3  7.143970 -4.537620 34.4408
3 -6.575400 -2.817730 34.3258
3 -6.989270 -2.396710 35.7743
2  0.333545 -3.596980 36.0888
2  1.783790 -3.497510 35.9983
3  7.768540 -3.272950 34.3849
3  8.048560 -2.693990 35.8628
3 -7.944740 -0.680446 34.2914
3 -7.855250 -1.230780 35.7223
2 -0.221343 -2.443420 35.4564
2 -1.337320 -1.701270 35.9498
2  2.147150 -2.285530 35.2689
2  0.892951 -1.605810 34.9472
2  3.303020 -1.551230 35.5696
3  8.300500 -0.703027 34.2707
3  8.409990 -1.312060 35.8164
3 -2.522530 -6.658940 37.2935
3 -0.033087 -7.519370 37.3340
3  1.387890 -7.800140 37.3435
3  3.964590 -7.161640 37.3306
3  5.226220 -6.396840 37.3791
3 -3.693130 -5.824820 37.3034
2  0.554401 -4.373880 38.4328
2  1.936480 -4.349660 38.2960
3  7.249270 -4.531400 37.3379
3 -5.693140 -3.985480 37.2365
3 -6.561230 -2.846220 37.2409
2 -1.402100 -3.316380 37.8506
2 -0.232513 -4.044970 37.3210
2  2.606040 -3.860120 37.0490
2  3.783740 -3.072370 37.4801
3  7.805320 -3.207600 37.3057
3 -8.050040 -0.614317 37.2583
2 -1.928340 -2.149360 37.1770
2 -2.231570 -1.031560 37.9664
2  4.129850 -1.968810 36.7031
2  4.617600 -0.762871 37.3516
3  8.523010 -0.635361 37.1877
3 -1.934700 -6.932520 38.7410
3 -2.545290 -6.644270 40.1539
3 -0.598310 -7.366780 38.7828
3  0.020655 -7.633830 40.2112
3  1.451390 -7.654550 40.2554
3  2.075430 -7.801550 38.8460
3  3.463770 -7.402510 38.7887
3  4.035250 -7.080910 40.2118
3  5.277780 -6.356900 40.1932
3  5.766320 -5.955360 38.7101
3 -5.291870 -4.547740 38.6963
3 -3.633150 -5.785310 40.1278
3 -4.099990 -5.365760 38.7569
2  2.789330 -3.937750 39.3900
3  6.881110 -5.067240 38.6922
3  7.131050 -4.506680 40.1330
3 -5.670310 -4.012840 40.1119
3 -6.541090 -2.883280 40.0831
3 -6.911170 -2.331770 38.6781
2 -1.296570 -3.242090 39.2858
2 -1.686400 -2.139870 40.0623
2 -0.098640 -3.926550 39.6229
2  0.702410 -3.498410 40.6610
2  2.133520 -3.449810 40.5652
2  3.928980 -3.118040 38.9104
2  4.356360 -1.905520 39.5445
3  7.927250 -3.290140 40.0920
3  8.100750 -2.724750 38.6502
3 -8.053090 -0.606929 40.1628
3 -7.796640 -1.167540 38.6646
2 -2.206680 -0.968599 39.3385
2 -1.726590  0.214400 39.9793
2  4.589390 -0.748430 38.7528
2  4.341260  0.427741 39.5167
3  8.426790 -1.326770 38.6448
3  8.348260 -0.645010 40.0524
3 -1.939410 -6.940150 41.6120
3 -0.562053 -7.396400 41.6341
3  2.097610 -7.575920 41.7124
3  3.520290 -7.248680 41.6772
3  5.776300 -5.996550 41.6003
3 -5.236100 -4.479080 41.5838
3 -4.125790 -5.361530 41.5803
3  6.759800 -4.956090 41.5626
3 -6.910590 -2.451060 41.6177
2  0.290588 -2.320230 41.4747
2  1.479760 -1.554270 41.7419
2  2.596090 -2.266730 41.2823
3  8.160470 -2.672900 41.5699
3 -7.638570 -1.212540 41.6134
2 -0.855305 -1.641250 41.0891
2 -0.934218 -0.167886 41.0902
2  1.447310 -0.168056 41.6876
2  2.567370  0.627025 41.2570
2  3.717910 -1.520010 40.7916
2  3.733610 -0.002996 40.7807
3  8.469290 -1.301540 41.4867
1  2.397490 -0.002033 28.6267
1  0.538979  4.133280 28.4975
3 -8.093450  0.806074 28.4646
1 -4.531060  1.976210 29.2674
1  2.335720  0.281708 29.9926
1  2.170390  1.642710 30.5200
3  7.806400  0.683145 28.4848
3  7.622800  1.234540 29.9658
3 -7.755930  3.405040 28.4853
1 -3.038740  3.929750 29.0322
1 -3.850200  3.118170 29.8360
1  1.025970  3.728280 29.8186
1  2.087590  2.750460 29.6032
3  6.500080  2.978160 28.4706
3  6.835820  2.444380 29.9492
3 -7.282410  4.758880 28.5179
3 -6.057550  6.386590 29.9785
1 -1.798380  4.409330 29.5136
3  3.594780  5.868360 28.4861
3  4.046280  5.472080 29.9566
3  5.620570  4.056610 28.5177
3 -5.534780  6.746060 28.4994
3 -4.200120  7.321300 28.5323
3 -3.628760  7.373440 29.9791
3 -1.607390  7.816990 28.4482
3 -2.192840  7.757980 29.9586
3 -0.140611  7.577690 28.4381
3  0.479162  7.441050 29.9007
3  2.333700  6.587200 28.4799
3  1.788760  6.866310 29.9376
3 -8.020470  1.412010 29.8756
3 -8.159270  0.729395 31.3737
1 -4.533230  0.879111 30.1994
1 -3.766030  1.251550 31.4049
1 -2.842100  0.385472 31.9806
1 -1.539740  0.860302 32.4533
1 -0.505508 -0.126800 32.1943
1  0.807523  0.176440 31.7908
1  1.149650  1.584810 31.5920
3  7.868670  0.624135 31.4218
3 -7.889130  2.832670 29.9087
3 -7.816510  3.377350 31.4315
1 -3.348240  2.651810 31.1460
1 -2.145650  3.124390 31.5986
1 -1.392760  4.024900 30.7733
1 -1.223700  2.202820 32.2850
1  0.078674  3.680740 30.8932
1  0.164045  2.553470 31.8081
3  6.506800  2.946020 31.3397
3 -7.015900  5.297250 29.9864
3 -7.263660  4.699470 31.4275
3  3.583490  5.860550 31.4023
3  5.103490  4.517340 29.9546
3  5.628610  4.089400 31.3604
3 -5.425460  6.573900 31.4127
3 -4.153980  7.194880 31.4071
3 -1.571920  7.710460 31.3563
3 -0.127087  7.573430 31.4414
3  2.362400  6.660990 31.3300
3 -8.249260  1.418930 32.8277
3  7.495410  1.171320 32.8137
3 -8.133140  2.847850 32.8183
3  6.885990  2.511330 32.7776
3 -6.888650  5.112400 32.8263
3 -5.899230  6.192920 32.8389
3  4.041060  5.527040 32.8145
3  5.130290  4.552280 32.8013
3 -3.557940  7.350230 32.8177
3 -2.144120  7.577200 32.8094
3  0.486366  7.524410 32.8534
3  1.828250  7.035340 32.8180
3 -8.312480  1.444710 35.8008
3 -8.182840  0.760661 34.2634
2 -1.338140 -0.252378 35.9518
2 -0.283486  0.432294 35.4759
2  0.141612  1.655960 36.0731
2  0.830735 -0.188549 34.8752
2  2.047700  0.615562 35.1320
2  1.627650  1.761500 35.9624
2  3.238360 -0.073118 35.5522
3  7.645050  1.282250 35.7008
3  7.668690  0.629717 34.3054
3 -8.219090  2.862710 35.8310
3 -8.010840  3.404730 34.3498
3  6.954530  2.506440 35.7261
3  5.635060  4.128380 34.2550
3  6.569490  3.016940 34.2894
3 -7.279710  4.638010 34.3441
3 -7.028440  5.159920 35.7825
3 -5.966240  6.144700 35.7576
3  3.634880  5.925930 34.2379
3  4.172200  5.504630 35.6733
3  5.208910  4.575010 35.5968
3 -5.436730  6.438450 34.2844
3 -4.176490  7.144380 34.3320
3 -3.519000  7.215830 35.6854
3 -2.123880  7.560860 35.6946
3 -1.558510  7.607450 34.2441
3 -0.128571  7.542930 34.2261
3  0.544156  7.545130 35.7143
3  1.926480  7.023840 35.7162
3  2.460200  6.765640 34.2219
3 -8.266300  0.807196 37.2785
2 -1.972450  0.171697 37.2113
2 -1.590270  1.366780 37.8516
2  4.048790  0.364889 36.6931
2  3.578450  1.444180 37.4242
3  8.045340  0.754595 37.1416
3 -8.009420  3.397500 37.2582
2 -0.471923  2.057780 37.2645
2  2.391810  2.135630 37.0477
3  6.668600  2.991280 37.1522
3 -7.312370  4.651190 37.2501
3  3.699770  5.888890 37.2411
3  5.735140  4.082620 37.1407
3 -5.457050  6.534770 37.1831
3 -4.138440  7.127900 37.1604
3 -1.505660  7.645290 37.1340
3 -0.069977  7.601620 37.1239
3  2.453480  6.604310 37.2503
3 -8.326110  0.776408 40.1952
3 -8.321200  1.366520 38.7203
2 -1.362600  1.353060 39.2743
2 -0.127104  2.117030 39.5698
2  2.625180  2.271560 39.3274
2  3.799720  1.521380 38.8175
3  7.766920  1.346440 38.6280
3  8.019980  0.768811 40.0839
3 -8.059730  2.805550 38.6823
3 -7.845390  3.377620 40.0859
2  0.404880  2.598350 38.2689
2  1.784300  2.694070 38.2004
3  7.005810  2.576530 38.5854
3  5.759440  4.186840 40.0649
3  6.701140  3.121850 40.0369
3 -6.921730  5.155500 38.6265
3 -7.253490  4.670110 40.1101
3  4.160150  5.456550 38.6393
3  3.725200  5.916280 40.0622
3  5.312510  4.566150 38.6133
3 -5.903250  6.216810 38.6209
3 -5.359820  6.551160 40.0975
3 -4.039350  7.138450 40.0288
3 -3.474500  7.322360 38.5924
3 -2.090200  7.801790 38.5719
3 -1.404980  7.836890 40.0776
3 -0.000256  7.648690 40.0688
3  0.511801  7.492140 38.6251
3  1.833450  6.869220 38.6409
3  2.456260  6.629080 40.0912
3 -8.363320  1.352830 41.6909
2  0.642299  1.727220 40.6704
2  0.249100  0.519655 41.4097
2  2.088300  1.760860 40.5267
3  7.779040  1.317450 41.5198
3 -7.942300  2.770710 41.6783
3  7.180650  2.648220 41.5169
3 -6.819070  5.124210 41.5572
3  4.285420  5.565220 41.5542
3  5.401490  4.673570 41.4987
3 -5.757480  6.088670 41.5195
3 -3.467430  7.398070 41.5775
3 -2.027330  7.681060 41.6078
3  0.611926  7.460260 41.5689
3  1.915870  6.811250 41.4858