302

3 -1.840160 -6.963580 15.5194
3 -2.343170 -6.702740 16.8949
3 -0.599917 -7.656220 15.5076
3  0.008593 -7.803620 16.9620
3  1.437950 -7.966680 16.9656
3  2.099120 -7.949650 15.4573
3  3.504110 -7.730030 15.5564
3  4.094830 -7.536150 17.0566
3  5.939920 -6.437700 15.5111
3  5.306300 -6.784330 17.0711
3 -5.208990 -4.609820 15.4669
3 -5.691720 -4.177740 16.9367
3 -4.159150 -5.607670 15.4299
3 -3.620640 -5.922770 16.9593
3  6.926100 -5.389670 15.4728
3  7.156360 -4.829860 16.8983
3 -6.614220 -3.062810 16.9384
3 -6.911550 -2.455780 15.3874
2 -1.187030 -2.348250 17.0795
2 -0.014624 -3.062800 16.6746
2  0.542372 -4.082060 17.4712
2  0.774716 -2.212460 15.8187
2  2.795550 -3.304560 16.8459
2  2.156140 -2.291320 16.0072
3  8.032740 -2.951020 15.3811
3  7.902340 -3.568300 16.9069
3 -7.748650 -0.653748 16.8691
3 -7.500810 -1.195200 15.3956
2 -1.121630 -1.039810 16.5407
2  0.120372 -0.909460 15.7282
2  2.970240 -1.100670 16.0159
2  4.063390 -1.300680 16.9569
3  8.222660 -1.531170 15.4120
3  8.143900 -0.853777 16.9244
3 -1.879960 -7.023260 18.3393
3 -0.573801 -7.677360 18.3697
3  2.064890 -8.029770 18.4289
3  3.457230 -7.825230 18.4767
3  5.777590 -6.379620 18.4508
3 -5.192120 -4.525140 18.4394
3 -4.104000 -5.534720 18.4006
2 -0.049240 -4.305210 18.7823
2  2.267260 -4.420000 19.0217
3  6.750500 -5.328850 18.3987
3 -6.872390 -2.464220 18.3800
2 -1.141690 -3.509470 19.2154
2 -1.750330 -2.554490 18.3294
2  1.985960 -4.200040 17.5935
2  3.957650 -2.698240 17.5049
2  3.334600 -3.770780 19.6259
2  4.164200 -2.841760 18.8410
3  7.977510 -2.941820 18.3997
3 -7.604580 -1.227020 18.3434
2 -1.537190  0.037768 17.3289
2 -2.216260 -1.422680 19.1292
2 -2.154890 -0.115438 18.6463
2  4.675270 -0.494312 19.2649
3  8.181230 -1.495240 18.3716
3 -2.412630 -6.756340 19.8361
3 -1.856830 -6.947890 21.3302
3 -0.564147 -7.545800 21.3315
3  0.078348 -7.776180 19.9164
3  2.052270 -8.003080 21.3978
3  1.463830 -8.017910 19.9254
3  3.409030 -7.734330 21.4269
3  4.077760 -7.579380 19.9325
3  5.352610 -6.771410 19.8919
3  5.739500 -6.253810 21.3431
3 -5.123830 -4.448610 21.2955
3 -5.626270 -4.104980 19.8838
3 -3.625150 -5.897500 19.7651
3 -4.125020 -5.454500 21.2791
2  1.004580 -4.471450 19.7306
2  0.860650 -3.881120 20.9990
3  6.719900 -5.202770 21.3059
3  7.072820 -4.802070 19.8634
3 -6.483950 -2.964440 19.8531
3 -6.931820 -2.467650 21.2989
2 -1.971880 -1.738850 20.5606
2 -1.362680 -3.073130 20.6412
2 -0.329956 -3.212130 21.4956
2  3.137400 -3.221790 20.9030
2  4.011820 -2.075210 21.0680
3  7.860150 -3.557260 19.8745
3  7.954180 -2.895710 21.3049
3 -7.869930 -0.612071 19.8821
3 -7.609420 -1.263970 21.2532
2 -1.655580 -0.708580 21.4540
2  4.524240 -1.778160 19.7403
3  7.988890 -1.428120 21.2100
3  8.004760 -0.843249 19.8238
3 -2.403680 -6.587900 22.8446
3  0.015457 -7.787420 22.8410
3  1.452010 -7.955900 22.8590
3  4.016910 -7.387550 22.8311
3  5.234630 -6.606400 22.7707
3 -5.569940 -3.997490 22.6858
3 -3.589150 -5.754040 22.8148
3  7.137900 -4.764770 22.7144
3 -6.578230 -2.935380 22.6968
2  0.123519 -2.215280 22.3752
2  1.539120 -2.264880 22.5273
2  2.009400 -3.283660 21.6579
3  7.800860 -3.459270 22.7156
3 -7.874680 -0.624996 22.7097
2 -0.534999 -0.923648 22.3677
2  0.279600  0.329837 22.3631
2  2.256300 -1.075510 22.5578
2  1.654940  0.213871 22.4889
2  3.576000 -1.000280 21.8870
3  8.069560 -0.811606 22.6515
3 -1.914560 -6.894080 24.2813
3 -2.429520 -6.520020 25.7014
3 -0.578670 -7.476180 24.2857
3 -0.050207 -7.726910 25.7356
3  1.420950 -7.873890 25.7509
3  2.033170 -7.979310 24.2808
3  3.495730 -7.576940 24.2781
3  3.974270 -7.423600 25.7419
3  5.170180 -6.581670 25.7476
3  5.732540 -6.192570 24.2595
3 -5.149940 -4.342910 24.2513
3 -5.628730 -3.974480 25.5856
3 -3.654310 -5.770550 25.7287
3 -4.080750 -5.304280 24.2911
3  6.800330 -5.266150 24.2282
3  7.005660 -4.705120 25.7752
3 -6.946200 -2.457800 24.1786
3 -6.684890 -2.995690 25.5633
3  7.687650 -3.421410 25.7143
3  7.895320 -2.846150 24.2194
3 -7.964040 -0.653184 25.6006
3 -7.723120 -1.222180 24.1577
1 -0.936299 -0.257369 25.5977
1 -2.291710 -0.543642 26.0214
3  8.133510 -1.387200 24.1669
3  8.115090 -0.771588 25.6206
3 -1.915540 -6.886920 27.1490
3 -0.618869 -7.490460 27.2388
3  1.987320 -7.913220 27.1880
3  3.412150 -7.679990 27.1976
3  5.612240 -6.170330 27.2302
3 -5.240550 -4.418280 27.1086
3 -4.180900 -5.413170 27.1306
3  6.690600 -5.196180 27.1715
3 -6.975540 -2.462620 27.0934
1 -0.846867 -1.947410 27.2304
3  7.884140 -2.768080 27.1472
3 -7.656740 -1.229200 27.0928
1 -3.196700  0.485312 26.2139
1 -4.197520  0.367695 27.3189
1 -2.251150 -1.642660 26.9936
1 -0.044811 -1.175250 26.3200
1  1.186010 -0.703626 26.7476
1  1.772700 -1.239490 28.0174
3  8.165140 -1.331050 27.0789
1 -3.122810 -1.721000 28.0604
1 -4.087300 -0.669917 28.2865
3  3.996840  5.288010 15.4760
3  5.170150  4.468070 15.4547
3 -8.180020  1.411170 15.3260
3 -8.061600  0.775810 16.8511
2  0.888772  0.269564 15.8126
2  0.402240  1.350130 16.7117
2  2.316270  0.180477 15.9978
2  2.728910  1.326080 16.7597
3  7.681780  1.165740 15.4335
3  7.930140  0.592622 16.9296
3 -8.050950  2.833060 15.3253
3 -7.983960  3.502780 16.8543
3  6.974870  2.443500 15.4253
3  5.701770  4.067360 16.9177
3  6.562740  2.941710 16.8851
3 -6.018940  6.351670 15.3956
3 -7.361820  4.791370 16.8154
3 -7.050510  5.325900 15.3668
3  3.447020  5.708260 16.9040
3 -5.521780  6.710850 16.8171
3 -3.639550  7.620940 15.3750
3 -4.246290  7.411920 16.8147
3 -2.207860  7.796750 15.3814
3 -1.572290  7.674030 16.8311
3 -0.149857  7.513390 16.8486
3  0.449088  7.447320 15.3790
3  1.793410  6.802980 15.3904
3  2.319970  6.542910 16.9235
3 -8.182960  1.416620 18.2792
2 -0.805951  1.222890 17.3994
2 -0.932437  1.851590 18.7143
2  1.519780  1.999740 17.2600
2  4.391680 -0.257069 17.8614
2  3.671250  0.997335 17.7856
2  3.576420  1.484720 19.0804
3  7.618830  1.121940 18.3696
3 -8.020480  2.841880 18.3251
2  1.413660  2.523810 18.5834
3  6.867880  2.351990 18.3377
3 -7.002590  5.233800 18.3122
3 -6.053880  6.315440 18.3354
3  3.994250  5.389010 18.3622
3  5.156210  4.464830 18.3397
3 -3.645460  7.502010 18.3043
3 -2.212660  7.713250 18.2397
3  0.418926  7.225880 18.3562
3  1.804200  6.890770 18.2998
3 -8.256660  1.407950 21.2862
3 -8.115840  0.782819 19.8112
2 -1.758200  0.964350 19.4718
2 -1.511850  0.681633 20.8728
2  0.194365  2.352250 19.3337
2  0.535010  2.049950 20.6605
2  2.494870  2.260440 19.5293
2  1.950280  2.049540 20.8409
2  4.199430  0.611737 20.0336
2  3.712410  0.371858 21.3556
3  7.666450  1.200970 21.2885
3  7.800940  0.579297 19.7889
3 -8.125120  2.876580 21.2610
3 -7.938500  3.449780 19.7125
3  6.916730  2.453470 21.2688
3  5.627790  4.011040 19.7954
3  6.550120  2.917350 19.7816
3 -7.347820  4.743330 19.7369
3 -6.986090  5.262690 21.2097
3 -6.092560  6.369370 21.1374
3  3.966750  5.332340 21.3316
3  3.440000  5.625220 19.8470
3  5.246210  4.563140 21.3041
3 -5.583930  6.699390 19.7912
3 -4.217630  7.286500 19.8310
3 -3.646220  7.457240 21.2324
3 -1.595060  7.632790 19.7433
3 -2.213870  7.684340 21.2347
3 -0.180432  7.352750 19.7835
3  0.384406  7.222610 21.2352
3  2.322090  6.558930 19.8145
3  1.754020  6.820480 21.2226
3 -8.187820  0.760858 22.7007
2 -0.347925  1.286430 21.4832
2  2.529910  1.087810 21.7202
3  7.822900  0.632139 22.6835
3 -7.897270  3.395930 22.6389
3  6.570690  3.006710 22.8082
3 -7.277680  4.714370 22.7003
3  3.521030  5.725730 22.7374
3  5.630700  4.071540 22.7845
3 -5.660040  6.806790 22.6302
3 -4.290150  7.316830 22.6633
3 -1.605050  7.615330 22.7292
3 -0.148617  7.402880 22.7387
3  2.359050  6.619070 22.6778
3 -8.266600  1.367820 24.1908
3 -8.200160  0.762580 25.5932
1 -2.855670  1.880140 26.0286
1 -1.570520  2.209710 25.5667
1 -0.585880  1.089360 25.3669
1  0.679612  1.591660 25.9215
1  1.550180  0.701655 26.5803
3  7.626410  1.202870 24.1786
3  7.917650  0.667983 25.6154
3 -7.976280  2.774890 24.1483
3 -7.821280  3.370410 25.5213
1 -0.879308  3.301420 26.2000
1  0.498579  2.942460 26.3816
3  6.874840  2.426500 24.1611
3  6.452970  2.863220 25.6055
3 -7.059310  5.302890 24.1172
3 -7.404240  4.754200 25.5793
3 -6.123600  6.404460 24.1807
3  3.981740  5.395730 24.1364
3  3.538730  5.834260 25.5919
3  5.565470  4.066190 25.5793
3  5.204230  4.575960 24.1448
3 -5.505290  6.647870 25.6050
3 -4.248150  7.360760 25.5773
3 -3.650940  7.483360 24.1357
3 -2.227350  7.643350 24.1232
3 -1.593800  7.656820 25.5691
3  0.431092  7.316040 24.1348
3 -0.164316  7.544620 25.5343
3  1.799390  6.862720 24.1498
3  2.324850  6.569940 25.5682
3 -8.213710  1.374830 27.0695
1 -3.493720  2.633330 27.0902
1 -4.307810  1.688590 27.8799
1  2.269760  1.123940 27.7467
3  7.636140  1.258650 27.0715
3 -8.109730  2.797620 27.0354
1 -2.946860  3.803210 27.5789
1 -1.572500  4.032670 27.1938
1  1.275040  3.351110 27.4968
1  2.180690  2.500310 28.1627
3  6.787510  2.415730 27.0624
3 -7.038300  5.319500 26.9896
3 -6.008690  6.352520 27.0018
1 -0.861632  4.403850 28.3662
3  4.059800  5.497770 27.0532
3  5.144800  4.515110 27.0226
3 -3.634990  7.492640 27.0566
3 -2.207360  7.710160 27.1001
3  0.441035  7.339270 27.0157
3  1.771870  6.857970 27.0315