304

3 -1.881070 -6.810030 56.1636
3 -0.526501 -7.318960 56.1669
3  2.125510 -7.630000 56.0680
3  3.535910 -7.327010 56.0303
3  5.897800 -6.090680 56.1270
3 -5.276400 -4.575720 56.0773
3 -4.194210 -5.471350 56.1496
2  1.143690 -4.321410 56.9706
3  6.850360 -4.948500 56.1505
3 -7.053960 -2.635260 56.0889
2 -0.753498 -3.169400 56.1050
2 -0.187460 -3.945450 57.1534
2  3.320720 -3.795600 56.1264
2  1.918850 -4.094360 55.7253
2  3.974370 -2.732550 55.4916
3  8.221130 -2.684150 56.1447
3 -7.686560 -1.332720 56.1648
2 -1.772670 -2.325500 56.6267
2 -1.914990 -1.114250 55.9367
2  4.782690 -1.874760 56.2992
2  4.532970 -0.557333 55.7111
3  8.359770 -1.238950 56.1243
3 -2.433780 -6.579180 57.5575
3 -1.868100 -6.888870 59.0560
3 -0.514498 -7.382240 58.9966
3  0.059612 -7.516000 57.5809
3  1.530390 -7.666850 57.6198
3  2.133700 -7.598930 59.0543
3  3.583720 -7.276860 59.0341
3  4.132360 -7.067370 57.6214
3  5.433260 -6.440590 57.5577
3 -5.273800 -4.625020 58.9915
3 -3.703250 -5.873340 57.5509
3 -4.096020 -5.486030 58.9855
2  2.029610 -4.247000 58.0924
3  5.922150 -6.055680 58.9522
3  6.871230 -4.992100 58.9508
3  7.188570 -4.439750 57.5636
3 -5.686890 -4.211820 57.5395
3 -6.764260 -3.283510 57.5582
3 -7.114110 -2.743800 59.0680
2 -0.802671 -3.525850 58.3926
2 -1.755570 -2.499560 58.0474
2  0.049941 -3.389970 59.4763
2  1.472440 -3.819730 59.3190
2  3.317230 -3.888200 57.6074
2  4.068530 -2.965950 58.3905
2  4.821970 -1.988950 57.6999
3  7.999820 -3.220450 57.5590
3  8.306240 -2.640240 58.9706
3 -7.858190 -0.761981 57.6030
3 -7.712820 -1.450550 59.0555
2 -1.730570 -1.361530 58.8295
2  4.803280 -0.757768 58.5307
3  8.372840 -0.599031 57.6393
3  8.355770 -1.217060 59.0284
3 -2.362670 -6.571200 60.5020
3  0.085096 -7.551790 60.4860
3  1.563730 -7.671030 60.5119
3  4.163360 -7.063220 60.4514
3  5.469830 -6.473720 60.4524
3 -3.611110 -5.892210 60.4788
3  7.282360 -4.526630 60.3458
3 -5.796190 -4.308560 60.4420
3 -6.756940 -3.247370 60.5076
2  0.033766 -2.208900 60.2913
2  1.415510 -1.854730 60.7311
2  2.271550 -2.842640 60.1417
2  3.558210 -2.469880 59.6008
3  8.043460 -3.281080 60.3760
3 -7.824480 -0.825874 60.5303
2 -0.861076 -1.176280 59.9605
2 -0.430603  0.159030 60.0305
2  1.874590 -0.539207 60.8151
2  3.135940 -0.146132 60.2758
2  3.994940 -1.089750 59.6815
3  8.371300 -0.644879 60.4560
3 -1.870450 -6.938520 61.9712
3 -2.432740 -6.578370 63.3294
3 -0.507990 -7.384620 61.9337
3  0.106962 -7.523910 63.4882
3  2.136970 -7.515640 61.9561
3  1.504880 -7.580070 63.4528
3  3.536100 -7.216390 61.9547
3  4.096710 -7.082030 63.4035
3  5.459480 -6.598500 63.3863
3 -5.230290 -4.702400 61.9116
3 -4.202670 -5.630680 61.8745
3 -3.680760 -5.923100 63.3741
3  6.067250 -6.202820 61.8965
3  6.898430 -5.006020 61.8484
3  7.274380 -4.486230 63.3926
3 -7.021600 -2.752390 61.9633
3  8.214780 -2.754280 61.9694
3  8.041360 -3.255080 63.3798
3 -7.663270 -1.474360 61.9755
3 -7.864650 -0.830582 63.3855
3  8.379840 -1.309390 61.9200
3  8.421330 -0.653898 63.4006
3 -1.856270 -6.839950 64.8535
3 -0.528193 -7.389050 64.8337
3  2.130960 -7.542520 64.8620
3  3.574690 -7.258490 64.8252
3 -5.265370 -4.636310 64.8171
3 -4.149080 -5.519710 64.8545
3  5.935590 -6.110520 64.8649
3  6.869340 -5.002990 64.8368
3 -5.711220 -4.257900 63.3820
3 -6.788150 -3.336540 63.3923
3 -7.174740 -2.738420 64.8927
3  8.174260 -2.677550 64.8479
3 -7.696510 -1.390720 64.8636
1 -3.733780 -0.765580 65.2720
1 -2.908250 -1.908100 65.3359
1 -1.711850 -1.955900 64.6094
1 -1.405320 -0.866842 63.6810
1  0.050881 -0.698898 63.8176
1  0.544205 -1.693750 64.7359
3  8.400980 -1.266230 64.8843
3 -2.385780 -6.575990 66.2769
3  0.126347 -7.517850 66.3276
3  1.544420 -7.541240 66.2865
3  4.166120 -7.058280 66.2392
3  5.508150 -6.467730 66.2681
3 -3.689200 -5.879390 66.3114
3  7.314880 -4.518950 66.3665
3 -5.809430 -4.268310 66.3226
3 -6.915060 -3.325410 66.2996
1 -0.514279 -2.499110 65.1716
1 -0.491363 -2.922840 66.5222
3  7.935710 -3.257120 66.3355
3  8.175920 -2.709880 67.8511
3 -7.835500 -0.810765 66.3721
1 -3.883430 -1.573100 67.4682
1 -2.928290 -2.387380 66.7467
1  1.638170 -1.370820 65.5431
3  8.251790 -0.721961 66.3945
3 -1.842390 -6.853540 67.7328
3 -0.475985 -7.339160 67.7804
3  2.189140 -7.532670 67.7739
3  3.668330 -7.350770 67.7976
3 -5.340090 -4.623580 67.8252
3 -4.200980 -5.546230 67.8088
3  5.926750 -6.059530 67.7669
3  6.890510 -4.943310 67.7953
3 -7.178120 -2.737270 67.8521
1 -1.730510 -2.863540 67.2616
3 -7.703070 -1.430830 67.8371
1  0.658301 -2.623670 67.3704
1  1.751130 -1.836410 66.9407
1  2.289870 -0.769445 67.7444
3  8.290300 -1.263100 67.8680
3 -8.034390  1.289810 56.1161
2 -1.973040  0.045218 56.8346
2 -1.231240  1.117640 56.1789
2  3.635180  1.724520 56.1777
2  4.543780  0.606287 56.4777
3  7.862200  1.356020 56.1633
3 -7.782630  2.686350 56.1475
2  0.876457  2.491300 56.4143
2  1.368370  2.045690 55.1756
3  7.263740  2.650300 56.1674
3 -6.728960  5.121040 56.2302
3 -5.765230  6.205140 56.2722
3  4.451630  5.610350 56.1781
3  5.623030  4.770730 56.1854
3 -3.404240  7.414780 56.1980
3 -1.968800  7.604210 56.2165
3  0.743642  7.379820 56.1925
3  2.108330  6.805580 56.1847
3 -8.123790  0.649310 57.6180
3 -8.058980  1.228930 59.0516
2 -1.043480  0.900399 58.9968
2 -1.820650 -0.052619 58.2299
2 -0.365193  1.979320 58.3931
2  1.002940  2.364790 58.7933
2  3.149370  2.226400 57.4806
2  3.763040  1.492670 58.5223
2  4.520910  0.458757 57.9747
3  7.794760  1.359210 59.0541
3  7.971140  0.801182 57.6019
3 -7.866830  2.642750 59.0176
3 -7.674660  3.281980 57.6148
2 -0.496292  2.174670 56.8877
2  1.774950  2.546560 57.5825
3  7.080640  2.569460 59.0261
3  6.850680  3.167550 57.6725
3 -7.110460  4.604910 57.6708
3 -6.738300  5.113460 59.0999
3  3.941030  5.933900 57.6473
3  4.427640  5.596580 59.1510
3  5.956680  4.281590 57.6187
3  5.595380  4.772830 59.1278
3 -5.697440  6.113270 59.1398
3 -5.260640  6.587800 57.7469
3 -3.984870  7.319160 57.6879
3 -3.417420  7.460240 59.1027
3 -1.383100  7.674480 57.6421
3 -2.002230  7.676990 59.0964
3  0.057926  7.416160 57.7066
3  0.665369  7.324880 59.0751
3  2.044320  6.773120 59.0758
3  2.614320  6.505050 57.6240
3 -8.012200  0.647072 60.5835
2  0.903984  0.532495 60.5314
2  1.629490  1.617280 59.8419
2  2.970220  1.120370 59.6189
3  7.987510  0.765585 60.5058
3 -7.780300  3.324870 60.5304
3  6.695130  3.048620 60.5129
3 -7.085500  4.590110 60.5451
3  3.887820  5.899960 60.5558
3  5.956500  4.316910 60.5402
3 -5.136270  6.505650 60.6354
3 -3.885040  7.195170 60.6227
3 -1.359890  7.738060 60.5059
3  0.089424  7.560130 60.5243
3  2.586650  6.496780 60.5176
3 -8.081540  1.240750 61.9768
3 -7.996060  0.642706 63.4020
1 -1.666040  1.583240 63.5076
3  7.801620  1.288030 61.9743
3  8.104750  0.734634 63.4311
3 -7.942250  2.726810 61.9911
3  6.772940  2.986200 63.4056
3  7.118910  2.568200 62.0483
3 -6.653010  5.028620 62.0099
3 -7.057800  4.580860 63.4427
3 -5.645450  6.036810 62.0837
3  4.366230  5.544330 62.0635
3  3.906930  6.044530 63.4758
3  6.017430  4.284920 63.4427
3  5.564850  4.732360 62.0162
3 -3.394100  7.510510 62.1113
3 -1.997560  7.822040 62.0846
3 -1.347460  7.792590 63.4741
3  0.683130  7.344800 61.9767
3  0.084301  7.504190 63.4603
3  1.974230  6.781050 61.9606
3 -8.066340  1.268700 64.9452
1 -3.722680  1.680320 64.8040
1 -3.421200  0.313804 64.4337
1 -2.252960  0.256312 63.6299
1 -0.277951  1.756710 63.6645
1  0.634017  0.606195 63.7786
1  1.722440  0.938102 64.6144
3  7.815210  1.303480 64.8657
3 -7.732670  3.312490 63.4557
3 -7.926560  2.735500 64.9777
1 -4.208190  1.905540 66.1381
1 -2.564850  2.454480 64.2928
1 -1.954420  3.336680 65.1847
1 -0.523517  3.655700 65.2345
1  0.325351  2.808450 64.4324
1  1.523420  2.325820 65.0414
3  7.127440  2.562530 64.8528
3 -6.661710  5.028390 64.9666
3 -5.616530  6.015260 64.9735
3  4.413910  5.658100 64.9216
3  5.492210  4.693580 64.9303
3 -5.208960  6.433750 63.5299
3 -3.947780  7.078300 63.5392
3 -3.350790  7.350930 64.9446
3 -1.965030  7.777360 64.9111
3  0.694395  7.344450 64.9517
3  2.653750  6.711770 63.4574
3  2.040010  6.947830 64.8724
3 -7.998400  0.634144 66.3862
1 -4.355420 -0.537365 66.5468
1 -4.490220  0.816727 67.0314
1  2.514380  0.370010 66.8733
1  2.309420  1.684350 67.2997
1  2.184340 -0.023164 65.5011
3  7.965220  0.712423 66.3529
3 -7.651750  3.285140 66.4182
1 -3.622380  2.949180 66.9497
1 -3.678190  2.560090 68.4012
1 -2.534370  3.695700 66.4930
1  1.823740  2.676050 66.3960
1  0.990678  3.491000 67.1894
3  6.748500  3.066730 66.3846
3 -7.046580  4.605470 66.4366
1 -1.450380  4.026750 67.3467
1 -0.219901  4.008370 66.6004
3  3.921160  6.027210 66.3159
3  5.895590  4.286750 66.4120
3 -5.112440  6.354960 66.3855
3 -3.902730  7.148660 66.4475
3 -1.336670  7.780190 66.3583
3  0.096753  7.523430 66.3488
3  2.698970  6.734370 66.3397
3 -7.932380  1.239220 67.8367
3  7.787960  1.349030 67.7613
3 -7.818860  2.675900 67.8307
1 -4.179110  1.194230 68.3766
3  7.136740  2.582050 67.7560
3 -6.744920  5.106260 67.8593
3 -5.624550  6.007960 67.8667
3  4.394070  5.608200 67.8531
3  5.421410  4.659520 67.8404
3 -3.283890  7.237770 67.8678
3 -1.931990  7.671870 67.8618
3  0.805992  7.390110 67.7804
3  2.110800  6.970250 67.7906