297

3 -2.355700 -6.729820  95.4499
3 -1.861770 -7.158880  96.8713
3  0.139660 -7.607670  95.4266
3 -0.478337 -7.619270  96.8529
3  1.554360 -7.568300  95.4756
3  2.160750 -7.684200  96.8759
3  4.167340 -7.237510  95.5145
3  3.534260 -7.395070  96.9049
3  5.446840 -6.607170  95.4881
3 -5.104290 -4.680890  96.9696
3 -3.474820 -5.894790  95.4832
3 -3.885500 -5.496870  96.9960
3  5.977330 -6.265270  96.9207
3  6.956030 -5.213160  96.9635
3  7.331390 -4.750490  95.5667
3 -6.515040 -3.178930  95.4635
3 -5.562670 -4.268490  95.5238
3 -6.831930 -2.700430  96.8950
3  7.904290 -3.465660  95.5858
3  8.041950 -2.907620  97.0017
3 -7.630470 -0.823011  95.4493
3 -7.466260 -1.395520  96.8741
1 -2.152650 -1.014530  95.7468
1 -3.163690  0.026027  95.8437
1 -0.810199 -0.634740  95.9141
3  8.127210 -0.743991  95.5495
3  8.117300 -1.453080  97.0033
3 -2.339680 -6.829270  98.3586
3  0.127818 -7.736710  98.3075
3  1.562520 -7.784780  98.2673
3  4.205910 -7.297640  98.3171
3  5.489920 -6.648010  98.3090
3 -3.522580 -6.016910  98.4284
3  7.202590 -4.691360  98.4656
3 -5.550980 -4.329950  98.3345
3 -6.503910 -3.186350  98.4154
3  7.846770 -3.430310  98.5194
3 -7.660920 -0.817400  98.3854
3  8.079690 -0.821099  98.4112
3 -1.789150 -7.156440  99.7694
3 -0.418173 -7.708640  99.7329
3  0.204666 -7.895610 101.2700
3  2.228060 -7.865020  99.7330
3  1.626160 -8.043550 101.2270
3  3.634260 -7.458770  99.7619
3 -5.098320 -4.719160  99.8534
3 -4.026660 -5.702880  99.8669
3  5.984160 -6.366380  99.7923
3  6.957160 -5.299670  99.7954
3 -6.819750 -2.692840  99.8448
2 -0.866367 -2.021240 101.6320
3  8.039140 -2.895240  99.9234
3 -7.464840 -1.446270  99.8525
2 -2.972490 -0.538111 100.4650
2 -0.582582 -1.197410 100.3860
2 -1.669260 -0.427351  99.8871
2  0.801815 -0.646505 100.5220
2  1.250490 -1.076570 101.8170
3  8.143860 -1.432460  99.9172
3 -2.311180 -6.899100 101.3040
3 -1.799510 -7.219660 102.7400
3 -0.362422 -7.728270 102.7520
3  2.252840 -8.043630 102.6450
3  3.621290 -7.576510 102.6560
3  4.252780 -7.317540 101.2610
3  5.563860 -6.780130 101.2460
3 -5.055910 -4.735900 102.7600
3 -5.606960 -4.440630 101.3170
3 -3.447160 -5.940020 101.2620
3 -4.024270 -5.692560 102.7260
3  6.049050 -6.495310 102.7210
3  7.037320 -5.406410 102.7700
3  7.198230 -4.780250 101.3800
3 -6.580300 -3.286880 101.3270
3 -6.825640 -2.697210 102.7340
2 -2.168420 -2.147040 102.2030
2 -2.369880 -2.227560 103.5960
2  0.312636 -2.029340 102.4010
2  0.156342 -2.073100 103.7970
3  7.736800 -3.445960 101.4280
3  8.002370 -2.908480 102.9450
3 -7.742260 -0.877756 101.2200
3 -7.476850 -1.460520 102.7170
2 -3.287520 -1.339390 101.5850
2 -4.015950 -0.830557 102.6810
2  2.048420 -0.265341 102.6210
3  8.263230 -1.480900 102.9270
3  8.142120 -0.848318 101.4030
3 -2.298520 -6.858860 104.2440
3  0.173622 -7.837070 104.2750
3  1.647610 -7.970110 104.2430
3  4.136430 -7.331250 104.2160
3  5.471410 -6.762470 104.2360
3 -5.529320 -4.369240 104.1570
3 -3.503870 -6.065100 104.2300
3  7.205300 -4.859750 104.2390
3 -6.511880 -3.272650 104.1790
2 -1.162520 -2.069490 104.4260
3  7.831490 -3.531600 104.3080
3 -7.618060 -0.881559 104.1250
2 -3.504950 -1.405650 103.8910
2 -3.421760 -0.559212 105.0490
2 -1.089830 -1.265920 105.5830
2  1.074590 -1.274020 104.6620
2  0.219280 -0.720894 105.7400
2  1.939020 -0.319964 104.0590
3  8.131900 -0.835556 104.3150
3 -1.797380 -7.158100 105.7110
3 -2.283200 -6.868230 107.1810
3 -0.404535 -7.620870 105.7340
3  0.161887 -7.914850 107.1740
3  1.611440 -8.017440 107.1550
3  2.214090 -7.837690 105.6980
3  3.607180 -7.580140 105.6770
3  4.211920 -7.371350 107.1570
3  5.491290 -6.815300 107.1770
3 -5.147720 -4.803800 105.5920
3 -5.650920 -4.415960 107.0850
3 -3.453880 -6.024620 107.1220
3 -4.038960 -5.754590 105.6080
3  5.896580 -6.424240 105.7320
3  6.849430 -5.312080 105.6820
3  7.152280 -4.805290 107.1840
3 -6.497320 -3.279280 107.1010
3 -6.871980 -2.773290 105.6200
3  7.806410 -3.524560 107.1570
3  7.930750 -2.931260 105.8400
3 -7.612530 -0.902052 107.0700
3 -7.601720 -1.543350 105.5980
2 -2.244180 -0.533889 105.8900
3  8.053860 -1.485000 105.8190
3  8.098490 -0.845585 107.2470
3  2.223090 -8.000220 108.5620
3  3.594110 -7.608860 108.5490
3 -5.210510 -4.927390 108.5680
3 -4.072880 -5.814590 108.5930
3 -6.864200 -2.836260 108.5620
3 -7.533470 -1.521620 108.5790
3 -7.942580  0.583968  95.4494
3 -7.908500  1.265680  96.9665
1 -2.752070  1.356620  96.1546
1 -0.425244  0.674325  96.4602
1 -1.356490  1.733330  96.4564
1  0.879566  0.960130  95.7683
3  7.884900  0.656939  95.5471
3  7.674170  1.245680  96.9816
3 -7.593280  3.281800  95.5675
3 -7.760940  2.698410  96.9769
1 -2.335610  3.529850  95.3722
1 -3.347150  2.451610  95.4386
1  0.031611  3.273950  95.3305
1 -1.135460  3.097280  95.9863
3  6.604350  2.996290  95.5380
3  6.888560  2.459610  96.9802
3 -7.038690  4.597420  95.4997
3  3.864190  5.899690  95.5443
3  4.338450  5.598120  97.0031
3  5.805830  4.174810  95.6001
3  5.486980  4.727100  96.9910
3 -5.204500  6.421610  95.4401
3 -3.953380  7.227320  95.4368
3 -3.395800  7.380780  96.9606
3 -1.323150  7.568310  95.4326
3 -1.957420  7.526240  96.9366
3  0.089419  7.418910  95.4220
3  0.707409  7.327950  96.9255
3  2.594800  6.599070  95.5468
3  2.078970  6.894610  96.9315
3 -7.867860  0.557571  98.3894
3  7.781220  0.578974  98.4230
3 -7.588850  3.275560  98.4719
3  6.632550  3.008960  98.4440
3 -6.787140  5.141780  96.9942
3 -5.710050  6.120110  96.9934
3 -7.091690  4.635210  98.4705
3  3.854500  5.973740  98.4767
3  5.771650  4.173130  98.4752
3 -5.262240  6.465380  98.4157
3 -3.959780  7.181410  98.4450
3 -1.309780  7.557440  98.3456
3  0.128356  7.636000  98.3915
3  2.609240  6.640020  98.4321
3 -7.945810  1.192950  99.7942
2 -3.574010  0.865067 100.4690
2 -1.430150  0.957259  99.5515
2 -2.590630  1.793380  99.8417
2 -0.159757  1.484080  99.7292
2  1.010830  0.779209 100.2090
2  1.773580  1.639720 101.0190
3  7.606700  1.150210  99.9371
3 -7.732850  2.634600  99.8448
2 -1.165750  3.672410 100.4490
2 -2.468640  3.124060 100.2950
2 -0.058183  2.843710 100.2150
2  1.141250  2.934500 100.9350
3  6.881290  2.439600  99.9526
3 -6.719690  5.019450  99.8852
3 -5.755570  6.105670  99.8963
3  4.380780  5.584530  99.9941
3  5.433880  4.639820 100.0030
3 -3.376960  7.338380  99.8725
3 -1.956000  7.567320  99.8192
3  0.742870  7.491890  99.8353
3  2.083440  6.990140  99.8739
3 -8.044440  0.543012 101.2010
3 -7.927900  1.146670 102.6400
2 -4.375810  1.291930 101.5270
2 -4.596970  0.400876 102.6520
2  2.314600  1.102910 102.1990
2  2.339090  1.913620 103.4500
3  7.581460  1.155230 102.8490
3  7.793440  0.552779 101.3730
3 -7.809350  2.595740 102.6900
3 -7.687730  3.236610 101.3250
2 -4.326910  2.677600 102.0250
2 -3.289200  3.531620 101.4770
2 -0.041683  4.467340 102.5010
2  1.140640  3.716930 102.1690
2  1.851390  3.250780 103.3660
3  6.786420  2.382040 102.8820
3  5.782180  4.126400 101.4470
3  6.572650  3.010550 101.4840
3 -7.047040  4.520240 101.3180
3 -6.679830  5.036300 102.7810
3 -5.702740  6.082220 102.7930
2 -1.172580  4.471090 101.6890
2 -2.479730  4.340110 102.2870
3  3.792660  5.929230 101.4350
3  4.331260  5.628760 102.8640
3  5.363550  4.658760 102.8650
3 -5.166920  6.361990 101.3580
3 -3.966590  7.221160 101.2930
3 -3.334540  7.314400 102.7580
3 -1.916210  7.485070 102.7100
3 -1.319840  7.705490 101.3230
3  0.070547  7.579320 101.3050
3  0.713250  7.505210 102.8400
3  2.028810  6.942230 102.8000
3  2.607860  6.713290 101.3750
3 -7.872820  0.543188 104.1460
2 -4.624200  1.203330 103.8790
2 -4.085970  0.755769 105.0710
2  1.261200  1.539330 105.5820
2  2.079390  1.040760 104.5400
3  7.782970  0.569693 104.2990
3 -7.510220  3.206420 104.2100
2 -4.427350  2.534730 103.5020
2 -3.617610  3.411130 104.2570
2 -2.584840  4.198840 103.6490
2 -1.416320  4.309070 104.4760
2 -3.028300  3.001510 105.5560
2 -0.115078  4.462560 103.9500
2  0.714749  2.836330 105.5450
2  1.027810  3.677510 104.4920
3  6.597460  2.963130 104.2890
3  5.665740  4.075060 104.2990
3 -6.843420  4.463800 104.2040
3  3.865440  6.016780 104.2720
3 -5.167440  6.548300 104.2450
3 -3.885330  7.206750 104.2420
3 -1.370100  7.630460 104.3140
3  0.082893  7.657120 104.3000
3  2.673260  6.813250 104.2370
3 -7.873380  0.502024 107.1110
3 -7.976760  1.138040 105.5580
2 -3.240950  1.669990 105.9280
2 -2.095680  0.888148 106.3740
2 -0.811002  1.416200 106.4160
2  0.307678  0.599372 106.0740
3  7.589130  1.158390 105.7780
3  7.787000  0.565366 107.2450
3 -7.779850  2.567700 105.5970
3 -7.621310  3.172570 106.9490
2 -1.668500  3.579180 105.6150
2 -0.585222  2.795970 106.1590
3  6.903550  2.399830 105.7730
3  6.501620  2.866520 107.1870
3  5.691450  4.063840 107.1830
3 -6.948820  4.426060 106.9930
3 -6.545780  4.991000 105.6040
3 -5.668280  6.110030 105.6540
3  4.273570  5.611210 105.7430
3  3.783590  5.991000 107.2290
3  5.307560  4.587820 105.7570
3 -5.183460  6.425890 107.1180
3 -3.954820  7.183620 107.1280
3 -3.353690  7.402920 105.7460
3 -1.938130  7.610410 105.6950
3 -1.374610  7.761070 107.1890
3  0.050741  7.676070 107.1700
3  0.691572  7.603680 105.7640
3  2.055950  7.043600 105.8060
3  2.580530  6.779700 107.2020
3 -7.964990  1.143930 108.4550
3 -7.828180  2.567130 108.4880
3 -6.653400  4.965860 108.5020
3 -5.640700  5.995230 108.5470