317

2  0.598852 -3.920970 113.482
3 -1.864480 -8.312330 114.234
3 -5.339910 -6.243200 114.208
3 -3.210760 -7.757060 114.253
3  0.788367 -8.290730 114.268
3  2.157710 -7.774820 114.262
3  4.262320 -6.218830 114.223
3 -6.197570 -5.060630 114.249
2 -0.727017 -4.362840 113.831
2 -1.002990 -4.783430 115.130
2  1.620740 -3.887290 114.542
2  1.338980 -4.379640 115.840
3  5.219960 -5.131000 114.284
3 -6.928590 -2.587820 114.263
2 -2.910560 -3.653110 114.421
2 -2.310020 -4.357070 115.559
2  2.434670 -2.726840 114.349
2  3.016610 -2.071620 115.482
3  6.347230 -2.840570 114.309
3 -6.869810 -1.154120 114.220
2 -3.619870 -2.473790 114.725
2 -3.520000 -1.257790 113.990
2  2.454620  0.121201 114.416
2  2.987270 -0.584877 115.514
3  6.728010 -1.392500 114.294
3 -1.247630 -8.238340 115.791
3 -1.880310 -8.116180 117.373
3 -4.903650 -6.614430 115.818
3 -5.309190 -6.203140 117.426
3 -3.790180 -7.534700 115.748
3 -3.301920 -7.755420 117.361
3  0.191550 -8.217250 115.840
3  0.722201 -8.106190 117.400
3  2.156290 -7.779540 117.416
3  2.597730 -7.499650 115.809
3  3.791870 -6.615760 115.836
3  4.255920 -6.217450 117.437
3 -6.502190 -4.535090 115.835
3 -6.203440 -5.066150 117.433
2 -0.006484 -4.745000 116.172
2 -0.311992 -4.393860 117.546
2  0.900093 -3.770640 118.055
2  1.925410 -3.714950 116.978
3  5.459400 -4.619870 115.880
3  5.261300 -5.158400 117.451
3 -6.900120 -3.187010 115.828
3 -6.972420 -2.567970 117.360
2 -2.634470 -3.987880 116.907
2 -3.408070 -2.818330 117.177
2  2.692120 -2.586360 116.794
2  2.461540 -1.406400 117.639
3  6.172270 -3.339320 115.868
3  6.405200 -2.769160 117.419
3 -7.021010 -0.554919 115.771
3 -7.044990 -1.133080 117.338
2 -3.789430 -2.063580 116.082
2  2.743220 -0.168558 116.912
3  6.973210 -0.845482 115.821
3  6.854070 -1.367550 117.437
3 -1.326430 -8.310750 118.927
3  0.107812 -8.298950 118.952
3 -4.933750 -6.591070 118.949
3 -3.807010 -7.444920 118.982
3  2.681530 -7.544800 119.023
3  3.809440 -6.640370 118.976
3 -6.455860 -4.502690 118.991
2 -1.592670 -4.049750 117.930
3  5.606220 -4.695710 119.048
3 -6.919480 -3.110250 118.969
2 -1.754940 -2.951410 118.793
2 -0.662847 -2.249770 119.259
2  1.472400 -1.454060 118.603
2  0.737209 -2.664030 118.904
3  6.322530 -3.377690 119.020
3 -7.038260 -0.512873 118.948
2 -2.881310 -2.149990 118.332
2 -2.932370 -0.722484 118.384
2 -1.766360 -0.040224 118.846
2 -0.699292 -0.815140 119.285
2  0.636626 -0.330040 118.894
3  6.884800 -0.732154 118.979
3 -1.911950 -8.147620 120.548
3 -5.382570 -6.195320 120.545
3 -3.289540 -7.712320 120.540
3  0.696479 -8.197310 120.539
3  2.154000 -7.804560 120.556
3  4.209850 -6.140300 120.557
3 -6.282970 -5.046810 120.526
3  5.113650 -5.090820 120.565
3 -7.030120 -2.532420 120.564
3  6.376670 -2.757730 120.573
3 -7.092760 -1.090780 120.567
3  6.795290 -1.367210 120.574
3 -1.307510 -8.267030 122.131
3  0.136169 -8.308440 122.146
3  0.661309 -8.341550 123.740
3 -4.996480 -6.601620 122.099
3 -3.833990 -7.473830 122.057
3 -3.310840 -7.680960 123.661
3  2.645230 -7.532840 122.105
3  3.800380 -6.620340 122.126
3 -6.716070 -4.504950 122.114
3  5.465820 -4.563170 122.130
3 -7.027600 -3.092300 122.139
3  6.116520 -3.236810 122.102
3 -7.087530 -0.497017 122.161
1 -0.679548  0.139100 122.242
1 -1.657800 -0.214154 123.265
1  1.801750 -0.155165 122.275
1  0.534879 -0.657303 122.433
3  6.855840 -0.821573 122.207
3  6.738530 -1.346040 123.725
3 -1.954890 -8.158320 123.679
3 -1.369530 -8.315560 125.265
3  0.100660 -8.374410 125.297
3 -5.098810 -6.691320 125.280
3 -5.523750 -6.261910 123.680
3 -3.835700 -7.467220 125.268
3  2.077980 -7.851230 123.658
3  2.589100 -7.481100 125.217
3  3.773770 -6.651150 125.203
3  4.228830 -6.199150 123.705
3 -6.384950 -5.039020 123.666
3 -6.620190 -4.529310 125.273
3  5.104210 -5.034510 123.717
3  5.442850 -4.608650 125.285
3 -7.058350 -3.112510 125.282
3 -7.126800 -2.504960 123.705
3  6.065130 -3.268640 125.303
3  6.409780 -2.776230 123.718
3 -7.155790 -1.086870 123.708
3 -7.120440 -0.561542 125.321
1 -1.078100 -1.347750 123.987
1  0.264396 -1.587650 123.564
1  1.341000 -2.028270 124.394
1  2.605650 -1.361660 124.264
1  2.815330 -0.408715 123.265
3  6.929700 -0.773044 125.263
3 -5.466520 -6.210510 126.870
3 -3.268410 -7.503720 126.859
3 -1.898360 -8.105200 126.879
3  0.680632 -8.193870 126.812
3  2.075020 -7.810600 126.812
3  4.200630 -6.305460 126.794
3 -6.365090 -5.030980 126.847
3  4.988060 -5.033500 126.786
3 -7.162440 -2.594130 126.851
3  6.242390 -2.711480 126.851
3 -7.216370 -1.159590 126.881
1 -2.217580 -0.506054 126.010
1 -1.326730 -1.527110 125.390
1 -0.218623 -1.745210 126.292
1  2.180360 -1.475390 126.563
1  1.045300 -2.092090 125.851
1  3.106420 -1.032820 125.563
3  6.729870 -1.340130 126.833
3 -6.733410  1.499750 114.257
2 -2.851040  1.010950 114.700
2 -3.685930 -0.112189 114.870
2 -1.859900  1.088480 113.630
2 -0.694455  1.756750 114.118
2  0.575568  1.384660 113.703
2  1.640120  1.305240 114.697
3  7.165670  1.255290 114.334
3 -6.169260  2.823240 114.255
3  7.258470  2.687440 114.346
3 -4.949630  5.168710 114.247
3  6.597990  5.266420 114.257
3 -4.056560  6.284850 114.255
3 -1.887690  7.710390 114.242
3 -0.492544  8.272230 114.262
3  3.465270  7.895880 114.249
3  5.607080  6.400170 114.298
3  2.106040  8.508450 114.287
3 -6.818210  0.891294 115.822
3 -6.798980  1.451730 117.313
2 -3.864620 -0.625089 116.173
2 -2.647290  1.320760 117.192
2 -2.346560  1.774580 115.834
2  0.018759  2.066960 116.403
2  1.393540  1.619530 116.031
2  1.929400  0.932113 117.174
3  7.160090  0.624737 115.830
3  7.191650  1.296150 117.394
3 -6.203300  2.777770 117.389
3 -5.959740  3.323590 115.839
2 -0.990565  2.212620 115.445
3  7.221820  3.317970 115.901
3  7.207680  2.762180 117.381
3 -5.347720  4.631530 115.850
3 -4.918210  5.156250 117.397
3  6.814570  4.743200 115.853
3  6.570490  5.220490 117.436
3 -4.043620  6.301470 117.385
3 -3.596220  6.668450 115.828
3 -2.344640  7.449460 115.857
3 -1.866860  7.779120 117.356
3  3.950170  7.592310 115.835
3  3.440460  7.813540 117.436
3  5.200510  6.761140 115.880
3  5.662340  6.388800 117.472
3  0.086729  8.582530 115.854
3 -0.484456  8.358570 117.459
3  1.527850  8.555680 115.884
3  2.119820  8.429430 117.393
3 -6.890200  0.977416 118.942
2 -3.437580  0.110655 117.291
2 -1.549320  1.205420 118.165
2 -0.257998  1.547350 117.683
2  0.875701  0.876183 118.201
3  7.216790  0.692376 118.993
3 -6.086840  3.435740 118.977
3  7.066410  3.240450 118.969
3 -5.286270  4.716310 118.986
3  6.809840  4.705840 119.072
3 -3.647490  6.733410 118.945
3 -2.429090  7.482360 118.953
3  3.873390  7.470320 119.031
3  5.164390  6.704460 119.068
3  0.058335  8.480370 118.986
3  1.493110  8.565150 118.972
3 -6.680340  1.514470 120.518
1  0.762914  2.128750 121.808
3  7.351610  1.202740 120.597
3 -6.074340  2.830010 120.488
3  7.210880  2.660420 120.596
3 -4.961330  5.140990 120.540
3  6.492670  5.205430 120.665
3 -4.080380  6.365180 120.588
3 -1.902860  7.734690 120.551
3 -0.544750  8.269640 120.554
3  3.395420  7.763020 120.599
3  5.606950  6.362950 120.661
3  2.041210  8.382400 120.559
3 -6.832530  0.938558 122.112
1 -2.400420  2.113010 123.471
1 -0.507003  1.525790 121.987
1  1.897720  1.267680 121.926
1  3.095930  1.771020 122.586
3  7.285910  0.616378 122.203
3 -5.927390  3.270800 122.102
1 -1.431040  2.514140 122.542
1 -0.609290  3.690500 122.735
1  0.715318  3.497620 122.172
1  1.831270  3.979890 122.902
1  2.934340  3.074130 123.155
3  6.975560  3.255740 122.168
3 -5.341040  4.618900 122.107
1 -0.803877  4.404040 123.908
1  1.665140  4.783020 124.150
3  6.700000  4.638140 122.178
3 -3.663290  6.744890 122.169
3 -2.465330  7.504880 122.143
3  3.872870  7.454330 122.171
3  5.184480  6.797380 122.154
3  0.034986  8.476070 122.128
3  1.438830  8.444820 122.096
3 -7.004610  0.967023 125.264
3 -6.781660  1.472720 123.670
1 -2.532820  0.714701 123.806
1 -2.773740  0.560941 125.233
1  4.116970  1.001480 124.692
1  3.638850  0.686467 123.408
3  7.360190  1.237480 123.703
3  7.362700  0.596511 125.285
3 -6.215750  2.832080 123.669
3 -5.921410  3.352210 125.281
1 -2.840870  1.903720 125.802
1 -2.596900  2.851500 124.728
1  4.125570  2.368400 125.179
1  3.460310  3.328850 124.448
3  7.124690  2.623650 123.731
3  6.997870  3.223330 125.340
3 -4.866740  5.059020 123.682
3 -5.149430  4.595160 125.269
1 -1.764400  3.982270 124.892
1 -1.255100  4.265560 126.211
1  0.368502  4.863540 124.604
1  0.106811  4.846670 125.988
1  2.728770  4.363030 125.073
3  6.492480  5.212960 123.755
3  6.668590  4.658830 125.337
3 -4.060430  6.196750 123.750
3 -3.670630  6.690600 125.335
3 -2.416260  7.512340 125.296
3 -1.935470  7.822390 123.725
3  3.355190  7.751490 123.678
3  3.844450  7.559360 125.196
3  5.606070  6.353850 123.745
3  5.068940  6.685810 125.251
3 -0.532904  8.314480 123.708
3 -0.022008  8.427160 125.281
3  1.421770  8.456150 125.269
3  2.026970  8.333390 123.683
3 -6.866590  1.500340 126.888
1 -1.691670 -0.209146 127.312
1 -1.760520  1.135050 127.799
1  3.851870  0.111407 125.752
1  3.665130  0.906779 126.926
3  7.314610  1.205920 126.829
3 -6.304990  2.902560 126.853
1 -2.328850  2.186170 127.038
1 -1.520310  3.394760 127.237
1  3.050200  3.279900 127.316
1  3.882840  2.310450 126.605
3  7.170730  2.652410 126.855
3 -5.025630  5.113310 126.837
1  1.086800  4.500950 126.925
1  0.843591  3.596030 128.018
1  2.448690  4.341400 126.441
3  6.292470  5.157390 126.931
3 -4.113070  6.286390 126.874
3 -1.916640  7.748840 126.871
3  3.392900  7.819050 126.769
3  5.445510  6.341250 126.885
3 -0.546163  8.231990 126.864
3  2.019980  8.343840 126.860