326

3 -1.776580 -7.112480 108.607
3 -0.498269 -7.744300 108.624
3  5.980830 -6.512640 108.621
3  6.815550 -5.337010 108.637
1 -0.066058 -2.194660 109.135
1  0.763514 -3.285500 109.492
1  2.177020 -3.152380 109.399
3  7.998800 -2.883040 108.706
1 -0.257162  0.111556 109.505
1  0.510181 -0.944203 108.879
1  1.919660 -0.799671 108.822
1  2.793030 -1.939100 109.043
1  3.976950 -1.564500 109.789
3  8.126860 -1.459780 108.714
3 -2.321430 -6.889260 110.027
3 -1.752680 -7.179650 111.551
3  0.124643 -8.026740 110.061
3 -0.492973 -7.872540 111.542
3  1.574830 -8.191920 110.043
3  2.185630 -8.063480 111.483
3  4.145600 -7.507840 109.999
3  3.586520 -7.720660 111.522
3  5.411350 -6.886590 110.076
3 -5.147160 -4.819640 111.556
3 -5.648630 -4.411900 110.079
3 -3.519970 -6.123220 110.026
3 -4.030370 -5.709400 111.568
1  0.408379 -4.130170 110.591
1  1.678160 -4.637780 111.131
3  5.807650 -6.355060 111.612
3  6.682360 -5.219600 111.593
3  7.048050 -4.750120 110.108
3 -6.600630 -3.351690 110.046
3 -6.805020 -2.709280 111.597
1 -1.619620 -2.789530 111.015
1 -1.229590 -1.920790 110.009
1 -0.780697 -3.963300 111.276
1  2.818410 -3.998130 110.389
1  4.026100 -3.705610 111.102
3  7.801230 -3.516140 110.132
3  8.081900 -3.000230 111.587
3 -7.698920 -0.930839 110.012
3 -7.513090 -1.420790 111.502
1 -1.355600 -0.499430 110.185
1 -1.812870  0.055483 111.364
1  4.576420 -2.383430 110.785
3  8.088610 -0.879446 110.135
3  8.200940 -1.579890 111.578
3 -2.339890 -6.940520 113.000
3  0.143129 -8.076970 113.032
3  1.545980 -8.203620 112.991
3  4.125370 -7.495140 113.037
3  5.296940 -6.701570 113.044
3 -5.542870 -4.314870 113.048
3 -3.595560 -6.159840 113.017
1 -0.613393 -4.091920 112.720
1  0.589298 -4.516070 113.333
1  1.780960 -4.876140 112.536
3  7.076840 -4.793340 113.072
3 -6.443710 -3.180690 113.077
1 -1.979910 -2.272660 112.303
1 -1.358320 -3.091230 113.356
1  2.907820 -4.393740 113.280
1  3.938850 -3.767230 112.590
3  7.924700 -3.618260 113.095
3 -7.813880 -0.856879 112.934
1 -2.081540 -0.904564 112.510
1 -1.581210 -0.251020 113.737
1  4.958960 -1.784020 112.031
1  4.640240 -2.596410 113.172
3  8.111640 -0.897850 113.043
3 -1.844950 -7.337270 114.487
3 -2.367110 -6.915100 115.926
3 -0.471629 -7.875600 114.549
3  0.107622 -7.952090 115.981
3  2.159290 -8.177510 114.464
3  1.478110 -8.176970 115.950
3  3.525920 -7.665540 114.458
3  4.095060 -7.520930 115.888
3  5.236400 -6.653580 115.916
3 -5.195310 -4.843220 114.533
3 -5.650050 -4.346170 115.934
3 -4.065190 -5.729600 114.494
3 -3.572330 -6.127170 115.921
3  5.809680 -6.360090 114.456
3  6.714370 -5.247490 114.485
3  7.124850 -4.842490 116.029
3 -6.835660 -2.654720 114.434
3 -6.415720 -3.116510 115.909
1 -0.871170 -2.441800 114.471
1  0.310196 -2.889510 115.226
1  1.007760 -3.926600 114.583
1  2.480920 -3.803530 114.533
1  3.107710 -2.657480 115.073
3  7.963400 -3.015050 114.578
3  7.831730 -3.616590 116.005
3 -7.542510 -1.446510 114.470
3 -7.727960 -0.762362 115.925
1 -0.987842 -1.027580 114.687
1  0.137250 -0.574412 115.402
1  0.927827 -1.697720 115.771
1  2.303260 -1.585000 115.713
1  4.198630 -2.053360 114.387
3  8.047790 -1.579110 114.533
3 -1.853360 -7.138520 117.436
3 -0.495303 -7.728350 117.430
3  2.123120 -8.201270 117.445
3  3.516260 -7.817670 117.468
3  5.679860 -6.298850 117.416
3 -5.245440 -4.773550 117.322
3 -4.050570 -5.655740 117.367
3  6.794690 -5.365770 117.448
3 -6.889560 -2.700060 117.382
3  7.885690 -2.998790 117.432
3 -7.536920 -1.370540 117.346
3  7.920840 -0.924636 115.898
3  8.002960 -1.529550 117.415
3 -2.380480 -6.789470 118.832
3  0.079073 -8.012100 118.875
3  1.524410 -8.065470 118.880
3  4.103910 -7.570620 118.893
3  5.327870 -6.822850 118.861
3 -5.622720 -4.267440 118.807
3 -3.547690 -5.998410 118.816
3  7.167250 -4.851240 118.896
3 -6.571270 -3.211440 118.807
2 -3.055840 -1.572990 119.641
2 -1.669120 -1.908940 119.718
3  7.762610 -3.574930 118.910
3 -7.714200 -0.779466 118.749
2 -4.010370  0.522967 118.904
2 -3.215290 -0.626851 118.598
2 -1.904470 -0.425157 117.987
2 -0.955729 -1.266210 118.639
2  0.373102 -0.779208 118.890
3  7.886690 -0.916746 118.759
3 -2.471500 -6.864320 121.768
3 -1.825680 -7.039090 120.328
3 -0.535179 -7.739900 120.290
3  0.081143 -7.901740 121.760
3  1.498220 -8.076510 121.744
3  2.090080 -7.975440 120.342
3  3.505600 -7.710430 120.334
3  4.127150 -7.493120 121.782
3  5.366920 -6.828460 121.748
3 -5.281980 -4.755880 120.315
3 -5.757960 -4.363940 121.692
3 -3.587810 -5.960030 121.810
3 -4.123320 -5.609860 120.332
3  5.863610 -6.517900 120.338
3  6.863890 -5.457640 120.342
3  7.249420 -4.927790 121.781
3 -6.582660 -3.168360 121.639
3 -6.872140 -2.680470 120.245
2 -3.875330 -1.610110 120.860
2 -1.070990 -2.314820 120.894
3  7.674000 -3.529800 121.800
3  7.827030 -2.948740 120.254
3 -7.524300 -1.389870 120.195
3 -7.836220 -0.789000 121.695
2 -4.689570  0.618051 120.157
2 -4.651890 -0.402324 121.135
2  0.306289 -1.921880 121.148
2  1.025420 -1.203670 120.156
2  1.818260 -0.071144 120.556
3  7.901080 -1.557620 120.259
3  8.047930 -0.893000 121.673
1  0.406934  1.251820 109.989
1  1.858160  1.340360 109.919
1  2.601110  0.353365 109.316
3  7.577540  1.139950 108.689
3  6.810730  2.371340 108.669
3  4.309530  5.627600 108.652
3  5.343600  4.598170 108.674
3 -3.395350  7.430100 108.613
3 -1.997250  7.612680 108.616
3  0.707727  7.433800 108.607
3  2.017930  6.931200 108.628
3 -7.939500  0.482567 110.010
3 -7.989950  1.123180 111.454
1 -1.066640  1.178470 111.918
1 -0.025901  1.753660 111.271
1  3.554370  1.442610 111.733
1  3.916930 -0.063227 109.915
1  4.355450  0.471715 111.108
3  7.696300  0.513287 110.172
3  7.653100  1.112520 111.635
3 -7.836330  2.546680 111.420
3 -7.640610  3.136130 109.981
1  1.178740  2.228980 111.963
1  2.371630  1.892370 111.149
3  6.599760  2.978930 110.139
3  6.950980  2.410180 111.648
3  5.856020  4.195260 110.110
3 -7.069950  4.506870 110.020
3 -6.785660  5.007510 111.406
3 -5.715400  6.000460 111.469
3  3.791480  5.956850 110.154
3  4.291980  5.563170 111.580
3  5.456080  4.698000 111.581
3 -5.185140  6.360400 110.006
3 -3.964240  7.124260 109.982
3 -3.380140  7.383840 111.528
3 -1.374570  7.698720 110.077
3 -1.959940  7.663200 111.585
3  0.083031  7.508460 110.109
3  0.603987  7.294890 111.573
3  2.441390  6.522630 110.127
3  1.887910  6.693550 111.548
3 -8.023560  0.584314 112.926
1 -0.964529  1.004860 113.338
1  0.176140  1.466250 114.043
1  2.476640  1.624200 113.865
1  3.664000  1.333490 113.174
1  4.871250 -0.407603 112.166
1  4.500480  0.223676 113.488
3  7.787320  0.484495 113.053
3 -7.807230  3.270370 112.883
1  1.264830  2.100110 113.351
3  5.813230  4.203160 113.045
3  6.650340  2.991790 113.010
3 -7.101940  4.566380 112.901
3  3.774970  5.798330 113.108
3 -5.266230  6.358120 112.931
3 -4.021080  7.109280 112.977
3 -1.383640  7.677080 113.044
3  0.069824  7.487330 113.001
3  2.501340  6.406540 113.093
3 -8.018160  1.225480 114.317
3 -8.085570  0.614698 115.874
1  0.724101  0.657388 115.086
1  2.163350  0.776432 115.007
1  2.930300 -0.325635 115.271
1  4.132110 -0.581333 114.571
3  7.530460  1.088110 114.472
3  7.659550  0.493951 115.880
3 -8.057780  2.678130 114.300
3  6.987050  2.397430 114.461
3 -6.803600  5.041170 114.333
3 -5.743360  6.067300 114.364
3  4.288560  5.476960 114.501
3  5.383030  4.526760 114.515
3 -5.301800  6.491220 115.775
3 -3.373920  7.373630 114.486
3 -1.986260  7.703500 114.473
3  0.614581  7.246980 114.471
3  1.933160  6.707850 114.538
3 -8.092640  1.263170 117.321
2 -1.564990  0.958590 117.809
3  7.494100  1.057730 117.406
3 -8.057670  2.676850 117.270
3 -7.900670  3.246450 115.819
3  5.891180  4.174610 116.038
3  6.722940  2.947160 115.936
3  6.939960  2.371640 117.378
3 -7.196000  4.529590 115.829
3 -6.791360  4.999980 117.216
3 -5.865860  6.145930 117.255
3  3.801370  5.820390 115.990
3  4.245820  5.424920 117.376
3  5.393310  4.552730 117.463
3 -4.032790  7.172900 115.827
3 -3.415700  7.387900 117.341
3 -2.016480  7.810670 117.343
3 -1.393380  7.723400 115.886
3  0.014681  7.542440 115.892
3  0.641240  7.385280 117.359
3  1.995810  6.808330 117.405
3  2.541950  6.541060 116.026
3 -8.041220  0.625699 118.743
2 -3.684920  1.927070 118.517
2 -4.117680  2.777820 119.606
2 -2.409220  2.114200 117.979
2 -0.168649  1.427790 118.000
2  0.831633  0.565132 118.510
2  1.759910  0.957024 119.588
3  7.667130  0.467672 118.767
3 -7.911260  3.313200 118.747
2 -3.289820  3.821180 120.027
2 -2.025920  4.072470 119.411
2 -1.635060  3.268420 118.369
2 -0.251900  2.799830 118.326
2  0.743951  3.208740 119.357
2  1.699630  2.338400 119.978
3  5.810410  4.086010 118.859
3  6.646330  2.931590 118.806
3 -7.223770  4.554100 118.782
3  3.692550  5.752550 118.853
3 -5.362130  6.562070 118.774
3 -4.079020  7.157520 118.799
3 -1.465480  7.838470 118.851
3 -0.043683  7.538710 118.814
3  2.503970  6.508420 118.831
3 -8.022410  1.224150 120.169
3 -7.989970  0.667311 121.680
2 -4.767880  1.965870 120.594
2 -4.683680  2.305920 121.963
2  1.894970  0.326955 121.940
3  7.508900  1.072210 120.203
3  7.726680  0.549781 121.625
3 -8.031000  2.651840 120.197
3 -7.959560  3.338340 121.709
2 -3.176030  4.138770 121.411
2  0.226304  4.104970 120.400
2  0.820621  3.744800 121.663
2  1.663350  2.624250 121.431
3  6.827540  2.360340 120.234
3  6.614580  2.977380 121.800
3  5.763970  4.133940 121.761
3 -7.209030  4.621130 121.719
3 -6.871240  5.075710 120.204
3 -5.936620  6.212800 120.182
2 -1.104020  4.475250 120.446
2 -1.824360  4.540620 121.718
3  3.688760  5.762500 121.657
3  4.204310  5.430830 120.270
3  5.419960  4.585500 120.241
3 -5.406490  6.488950 121.711
3 -4.176440  7.190760 121.705
3 -3.559370  7.471150 120.284
3 -1.475150  7.798650 121.731
3 -2.158490  7.849170 120.340
3  0.522605  7.271820 120.262
3 -0.050902  7.477030 121.745
3  2.489100  6.536740 121.652
3  1.876410  6.756100 120.202