279

3 -0.459961 -8.524930  92.1243
3 -1.873820 -8.209600  92.1165
3  0.179203 -8.530460  93.4638
3  1.561000 -8.413040  93.4380
3  2.291660 -8.348020  92.1925
3 -4.236720 -6.931010  92.1333
3 -3.790530 -7.430250  93.4610
3 -2.509190 -8.020320  93.4876
3  3.689250 -7.963020  92.1832
3  4.229270 -7.532360  93.4468
3  5.317460 -6.591370  93.4283
3  5.646860 -6.110290  92.1080
3 -5.222930 -5.853650  92.1237
3 -5.386530 -5.200930  93.4333
3  6.329210 -4.847990  92.0812
3  6.612980 -4.317720  93.4277
3 -6.347480 -3.405020  92.1025
3 -6.060460 -3.962960  93.3942
3  7.149690 -2.355980  92.0812
3  7.019160 -2.975890  93.4506
3 -6.833660 -2.054000  92.1186
3 -6.965550 -1.452820  93.4120
3  7.358520 -0.957787  92.0406
3  7.259380 -0.328859  93.4124
3 -0.423204 -8.383950  94.7676
3  2.229740 -8.229440  94.7553
3 -4.184920 -6.881690  94.8642
3 -1.835090 -8.082620  94.8071
3  3.599490 -7.818390  94.7863
3  5.740370 -6.124900  94.7582
3 -4.996790 -5.684250  94.8079
3  6.414370 -4.894660  94.7700
3 -6.330000 -3.430870  94.7568
3  7.210830 -2.343520  94.7142
3 -6.728830 -2.081220  94.7792
2 -2.521140 -1.019870  95.2320
2 -1.406770 -1.079310  94.3640
2 -0.156421 -1.545870  94.8152
2  0.919751 -0.751173  94.2291
2  2.058760 -0.412217  95.0048
3  7.271300 -0.933469  94.7407
3 -0.429838 -8.564020  97.4760
3  0.199129 -8.629050  96.0890
3  1.621270 -8.419580  96.0524
3  2.263780 -8.355520  97.4160
3 -4.055300 -6.784820  97.5444
3 -3.637330 -7.211620  96.2105
3 -2.372980 -7.894000  96.1691
3 -1.768520 -8.118880  97.5231
3  3.612160 -7.847120  97.4291
3  4.190040 -7.554190  96.0912
3  5.222120 -6.559750  96.0602
3  5.638390 -6.100980  97.3934
3 -5.470730 -5.281670  96.1465
3 -5.105310 -5.785170  97.5412
3  6.798750 -4.364840  96.0531
3  6.544580 -5.014020  97.3967
3 -6.082360 -4.001180  96.1370
3 -6.338360 -3.441760  97.5110
3  7.225560 -2.999240  96.0801
3  7.332550 -2.334510  97.3906
3 -6.876500 -1.456000  96.1511
3 -6.666450 -2.056640  97.4996
2 -2.408390 -1.494670  96.6081
2 -3.189680 -0.622302  97.4654
2 -1.159140 -1.982970  97.0886
2 -0.044253 -1.981370  96.1563
2  1.097080 -1.633350  96.8952
2  2.121260 -0.841249  96.3547
3  7.199380 -0.309418  96.1326
3  7.363410 -0.923095  97.4238
3  0.217754 -8.571570  98.8077
3  1.609490 -8.334420  98.7808
3  2.252600 -8.221270 100.0620
3 -3.528670 -7.106820  98.8532
3 -2.350140 -7.858040  98.8981
3  4.212740 -7.508290  98.7157
3  5.274900 -6.571090  98.7268
3 -5.417980 -5.179130  98.8781
3  6.773810 -4.279930  98.7096
3  6.424530 -4.849710 100.0500
3 -6.100670 -3.997010  98.8672
3  7.266900 -2.972160  98.7296
3  7.325280 -2.349550 100.0420
3 -6.812070 -1.392030  98.8090
2 -2.814350 -0.322212  98.7494
2 -0.721844 -1.568700  98.3679
2 -1.559300 -0.847541  99.2770
2  0.734577 -1.435150  98.2675
2  1.301020 -0.450857  99.0260
3  7.208870 -0.248717  98.8188
3  7.302160 -0.940697 100.1100
3 -0.392478 -8.546350 100.2440
3 -1.798690 -8.174760 100.2500
3  0.301136 -8.490770 101.5360
3  1.730020 -8.384640 101.4860
3 -3.964700 -6.651520 100.2230
3 -2.331610 -7.843080 101.5950
3 -3.526090 -7.025110 101.6020
3  3.564510 -7.647580 100.0540
3  5.630220 -6.019590 100.0800
3  4.141650 -7.420410 101.4060
3  5.228070 -6.498660 101.4740
3 -4.971850 -5.609580 100.1540
3 -5.396350 -5.170610 101.5180
3  6.809320 -4.307620 101.3790
3 -6.337880 -3.353100 100.2550
3 -6.218620 -3.942280 101.5550
3  7.188310 -2.939830 101.4140
3 -6.676280 -2.001700 100.1940
3 -6.891870 -1.382480 101.4660
3  7.328830 -0.216234 101.3870
3 -0.296922 -8.387640 102.8870
3 -1.675910 -8.052090 102.9290
3  2.349300 -8.342660 102.8800
3 -3.979790 -6.661210 102.9090
3  3.654400 -7.681550 102.8400
3  5.756250 -6.069160 102.7520
3 -4.940880 -5.666770 102.9000
3  6.552250 -4.924790 102.7580
3 -6.483230 -3.407380 102.8950
3  7.233330 -2.282530 102.6940
3 -6.860180 -1.996420 102.8130
3  7.227680 -0.853482 102.7170
3 -7.326040  0.599658  92.1493
3 -7.148570 -0.060496  93.4685
2 -1.998380  1.189020  93.5498
2 -1.162720  0.039406  93.5309
2  0.265403  0.260173  93.4423
2  0.837602  1.582200  93.3769
3  6.714510  1.581710  92.0823
3  6.905430  1.071550  93.4187
3 -7.157760  2.018390  92.0992
3 -7.010990  2.662920  93.4641
2 -0.044280  2.705950  93.4534
2 -1.451350  2.510800  93.4658
3  5.951140  3.589020  93.3665
3  6.313530  2.995760  92.0764
3 -6.703600  4.027890  93.4781
3 -6.441090  4.691130  92.1838
3 -5.743200  5.919510  92.1614
3  4.967340  5.393120  92.0026
3  5.403610  4.870050  93.3367
3 -5.397070  6.464940  93.4342
3 -4.222970  7.296280  93.3892
3 -3.638720  7.641720  92.1177
3 -2.285980  8.016230  92.1239
3  1.761050  7.957970  92.0275
3  2.269580  7.526850  93.3710
3  3.393570  6.769050  93.3834
3  3.950060  6.407410  92.0611
3 -1.702850  8.169430  93.4093
3 -0.294206  8.303850  93.3940
3  0.317008  8.262310  92.0649
3 -7.170190  0.559332  94.7636
2 -3.204310  1.178050  94.3575
2 -3.451690  0.086436  95.2493
2  2.009610  1.906030  94.1465
2  2.689160  0.919936  94.8720
3  6.561700  1.625820  94.7072
3  6.752180  1.028890  96.1302
3 -7.116360  1.986090  94.7687
2 -2.300030  3.374160  94.2699
2 -3.277180  2.530530  94.8844
2  1.836870  3.286090  94.6062
2  0.546706  3.774200  94.1648
2  2.163170  3.559140  95.8964
3  6.248580  3.003870  94.7406
3 -6.435630  4.651050  94.7764
3 -5.739620  5.897850  94.7327
2 -1.675100  4.473810  94.9890
2 -0.199927  4.615220  94.9604
3  4.971230  5.353820  94.6574
3 -3.673110  7.626910  94.7431
3 -2.357200  8.118790  94.7641
3  1.698140  7.812970  94.6934
3  3.987990  6.391230  94.6781
3  2.263300  7.469060  96.0405
3 -0.302122  8.187360  96.0163
3  0.290975  8.146360  94.6561
3 -7.061340 -0.088559  96.1196
3 -7.111550  0.578468  97.4351
2 -3.823180  0.387939  96.6117
2 -4.018290  1.686490  97.0271
2  3.185200  1.296880  96.2659
2  2.852230  0.151579  97.1375
3  6.618520  1.659770  97.4294
3 -7.034680  2.642130  96.0458
3 -7.099640  2.002520  97.3666
2 -3.719940  2.760910  96.1462
2 -3.088530  3.837980  96.8829
2  2.888060  2.620870  96.7064
2  2.540100  2.840550  98.1136
3  5.971790  3.597680  96.0579
3  6.154350  3.051020  97.3940
3 -6.595210  3.994460  96.0470
3 -6.400260  4.587540  97.3892
3 -5.780370  5.856190  97.3577
2 -2.083160  4.623500  96.3724
2 -0.910607  5.046840  97.1881
2  1.460540  4.452670  96.7812
2  0.256739  4.971730  96.3184
3  5.391620  4.927900  96.0304
3  5.019010  5.408180  97.3725
3 -5.333130  6.353550  96.0406
3 -4.247750  7.249790  96.0492
3 -3.605730  7.427920  97.3378
3  1.694050  7.863880  97.3904
3  3.539020  6.820170  96.0519
3  4.062100  6.455040  97.3751
3 -2.316740  7.994260  97.3419
3 -1.761260  8.305890  96.0604
3  0.339148  8.105690  97.3312
3 -7.026570  0.017820  98.7777
3 -7.049570  0.641064 100.1130
2 -2.959660  1.054620  99.1680
2 -1.807230  1.374110  99.9929
2 -0.940367  0.217135 100.0250
2  1.052430  1.765200  99.8266
2  0.467438  0.395828  99.8146
2  2.257010  1.715250  98.9730
2  2.437890  0.362865  98.5092
3  6.875010  1.122200  98.7915
3  6.696130  1.779580 100.1180
3 -6.908770  2.640790  98.7307
3 -6.990370  2.058550 100.0790
2 -3.524870  1.998800  98.3277
2 -2.959940  3.336710  98.2678
2 -1.815050  3.667370  98.9836
2 -1.206140  2.662370  99.8274
2  0.477956  4.009350  98.9680
2  1.582690  3.971990  98.1209
2  0.189340  2.833060  99.8174
3  6.034530  3.686380  98.7290
3  6.296570  3.102620 100.0460
3 -6.659200  4.057390  98.7047
3 -6.544520  4.687340 100.0400
3 -5.759820  5.874810 100.0780
2 -0.823828  4.527360  98.4811
3  5.399210  4.940490  98.7111
3  5.089670  5.472540 100.0490
3 -5.336100  6.319970  98.7022
3 -4.168090  7.118820  98.6402
3 -3.628850  7.387430 100.0100
3  1.780550  7.916900 100.0680
3  2.374790  7.725080  98.6967
3  3.579340  6.932930  98.7161
3  4.193960  6.557330 100.0910
3 -1.659720  8.091850  98.7086
3 -0.269248  8.309750  98.7002
3  0.394209  8.241700 100.0950
3 -7.006760  0.016512 101.4510
3  6.948700  1.141220 101.3840
3 -7.062210  2.698680 101.3900
3  5.958170  3.674960 101.3630
3 -6.815430  4.073570 101.3780
3  5.422180  4.932630 101.3630
3 -5.311830  6.306750 101.3740
3 -4.217120  7.157340 101.3750
3  2.432680  7.600300 101.3520
3  3.690120  6.908750 101.3830
3 -2.292630  7.817980 100.0500
3 -1.695190  8.032420 101.3810
3 -0.282996  8.169690 101.3810
3 -7.020730  0.718028 102.7210
3  6.734830  1.784980 102.7370
3 -7.125550  2.149110 102.7020
3  6.271280  3.104580 102.6850
3 -6.623720  4.747930 102.6750
3 -5.779200  5.901860 102.6980
3  5.088540  5.430930 102.7100
3 -3.682380  7.507330 102.7040
3 -2.340080  7.956490 102.6950
3  1.778580  7.785500 102.6500
3  2.408460  7.528030 103.9860
3  4.187380  6.505410 102.7090
3 -1.724970  8.090330 104.0040
3 -0.285238  8.076800 103.9890
3  0.352309  8.021760 102.6500