217

3 -3.078260 -7.883190 85.8793
3 -1.730910 -8.441900 85.8211
3  0.878238 -8.364380 85.7747
3  2.253630 -7.679980 85.8330
3  4.379680 -6.197090 85.8300
3 -6.019380 -5.123120 85.9185
3 -5.088020 -6.259510 85.8841
3  5.229990 -4.957940 85.8922
3  5.472480 -4.404270 87.4671
3 -6.901390 -2.674010 85.8734
3  6.259130 -3.182750 87.4313
3  6.506580 -2.680500 85.8276
3 -7.171720 -1.241840 85.9038
3  7.011730 -1.326660 85.8199
3 -4.760280 -6.772390 87.4607
3 -3.672080 -7.727800 87.4663
3 -3.129900 -8.080270 88.9906
3 -1.152710 -8.500980 87.4056
3 -1.730180 -8.393480 88.9893
3  0.290995 -8.466430 87.3878
3  0.868917 -8.313520 88.9932
3  2.211550 -7.678800 89.0022
3  2.597980 -7.276610 87.4408
3  3.823800 -6.438840 87.4412
3 -6.310680 -4.609300 87.4892
3 -6.073080 -5.156190 89.0454
3 -5.109900 -6.286360 89.0070
3  4.306980 -6.072240 89.0499
3  5.176180 -4.913400 89.0036
3 -6.826440 -3.231270 87.4743
3 -6.905280 -2.606440 89.0853
3  6.502810 -2.698610 89.0365
3 -7.119930 -0.605290 87.4947
3 -7.056000 -1.191790 89.0675
3  7.037300 -1.382190 88.9911
3  7.187380 -0.788591 87.4079
3 -4.719080 -6.744710 90.6066
3 -3.725730 -7.819980 90.5766
3 -1.180990 -8.525960 90.5561
3  0.310092 -8.393550 90.5713
3  3.810070 -6.441470 90.6519
3  2.639600 -7.287510 90.5934
3 -6.216540 -4.544400 90.6411
3  5.521740 -4.473170 90.5868
3 -6.817890 -3.203120 90.6440
3  6.306180 -3.221580 90.6288
3 -7.081250 -0.551962 90.6525
3  7.229810 -0.814009 90.5845
3 -3.175420 -8.093720 92.1757
3 -1.802430 -8.555600 92.1607
3  0.880185 -8.288450 92.1596
3  2.197240 -7.689120 92.1841
3  4.256050 -6.081770 92.2207
3 -5.980640 -5.076840 92.1887
3 -5.142010 -6.250240 92.1817
3  5.163050 -4.953870 92.2013
3 -6.808480 -2.602310 92.1728
3  6.489650 -2.664080 92.2081
3 -7.046170 -1.138240 92.2414
3  7.079990 -1.360910 92.2133
3  0.259553 -8.468070 93.7678
3 -4.786620 -6.739130 93.7575
3 -5.096130 -6.234520 95.3228
3 -3.706790 -7.784510 93.7884
3 -3.139700 -7.955620 95.3420
3 -1.793740 -8.473170 95.3591
3 -1.181460 -8.573920 93.7509
3  0.799036 -8.236240 95.3145
3  2.121500 -7.612440 95.3751
3  2.647230 -7.388820 93.7990
3  3.846820 -6.582140 93.8032
3  4.334950 -6.182650 95.3384
3 -6.333380 -4.590530 93.7771
3 -5.951100 -5.072990 95.3324
3  5.205150 -5.023630 95.3782
3  5.565860 -4.528900 93.7976
3 -6.752580 -3.211630 93.7452
3 -6.943420 -2.604160 95.3401
3  6.271660 -3.250390 93.7980
3  6.378920 -2.699500 95.4134
3 -6.982470 -1.178730 95.3215
3 -7.012180 -0.570916 93.6995
3  7.026950 -1.376130 95.3851
3  7.159220 -0.807455 93.7851
3 -4.764770 -6.712260 96.9017
3 -3.622180 -7.668420 96.9497
3 -1.283370 -8.573200 96.9501
3  0.188929 -8.344970 96.9259
3  2.592510 -7.247970 96.9310
3  3.895110 -6.619940 96.9285
3 -6.257770 -4.538770 96.9199
3  5.620200 -4.593580 96.9253
3 -6.718960 -3.143940 96.9016
3  6.065600 -3.208690 96.9367
3 -7.120660 -0.553375 96.8603
3  7.153730 -0.780007 96.9690
3 -3.161320 -8.094180 98.5492
3 -1.804310 -8.522820 98.5031
3  0.796163 -8.213250 98.5056
3  2.102670 -7.585400 98.5247
3  4.340370 -6.198890 98.5290
3 -5.849530 -5.024280 98.4659
3 -5.081370 -6.290770 98.4622
3  5.251380 -5.072760 98.5235
3 -6.920880 -2.613340 98.4655
3  6.474190 -2.751900 98.5684
3 -7.033300 -1.152300 98.4653
3  6.952460 -1.380890 98.5262
3  3.885160  7.458690 84.3647
3 -6.849320  1.432000 85.8896
3  7.403260  1.247310 85.8914
3 -6.417630  2.865740 85.8649
3  7.328090  2.679540 85.9263
3 -5.067900  5.121290 85.9004
3  6.581090  5.218900 85.8746
3 -4.178140  6.228580 85.9209
3 -2.082830  7.777460 85.9215
3  3.418980  7.729420 85.8735
3  5.598490  6.311070 85.8698
3 -0.628134  8.003170 85.9125
3  2.050850  8.097970 85.9052
3 -6.945160  0.843848 87.4800
3 -6.874160  1.492320 89.0578
3  7.426020  1.219930 88.9907
3  7.396100  0.648595 87.3932
3 -6.544560  2.904430 89.0497
3 -6.189990  3.350270 87.4784
3  7.474660  2.706810 89.0148
3  7.249220  3.299380 87.4876
3 -5.301710  4.526540 87.5000
3 -5.120030  5.036070 89.1073
3  6.420230  5.110220 89.0335
3  6.765040  4.686640 87.4960
3 -4.254090  6.251410 89.0713
3 -2.644560  7.463920 87.5010
3 -3.859350  6.683580 87.4901
3 -2.102300  7.701440 89.0615
3  3.990170  7.557720 87.4460
3  5.592000  6.336580 89.0619
3  5.244120  6.766340 87.4711
3 -0.655338  8.056230 89.0116
3 -0.020045  8.232300 87.4556
3  2.041130  8.150440 89.0248
3  1.479420  8.202730 87.4467
3  3.473960  7.898220 89.0126
3 -7.047140  0.894717 90.6474
3  7.391760  0.635301 90.5822
3 -6.285620  3.391580 90.6004
3  7.231850  3.277710 90.5729
3 -5.409450  4.554510 90.5658
3  6.790190  4.639470 90.5707
3 -2.557080  7.378260 90.6152
3 -3.787190  6.671850 90.6577
3  4.050680  7.702670 90.5984
3  5.150260  6.697670 90.6182
3 -0.044112  8.208040 90.5915
3  1.409540  8.332870 90.5907
3 -6.840680  1.456100 92.1823
3  7.408390  1.234550 92.1487
3 -6.525710  2.857290 92.1438
3  7.387240  2.667980 92.1500
3 -5.004970  5.058260 92.1535
3  6.484780  5.171740 92.1558
3 -4.216970  6.296010 92.2149
3 -1.931270  7.505440 92.1748
3  5.575430  6.338790 92.2317
3 -0.561595  7.952950 92.1862
3  2.066210  8.403300 92.1778
3  3.443850  7.944340 92.1721
3 -6.953960  0.873832 93.7601
3 -6.853130  1.509140 95.3268
3  7.406590  1.207640 95.3543
3  7.489160  0.634996 93.7608
3 -6.522090  2.944120 95.3436
3 -6.231100  3.425850 93.7371
3  7.475120  2.695880 95.3299
3  7.319780  3.259600 93.7479
3 -5.451560  4.637970 93.7136
3 -5.133100  5.101310 95.3231
3  6.473160  5.133520 95.2885
3  6.888640  4.639460 93.7344
3 -4.221760  6.239570 95.2883
3 -3.769200  6.655790 93.7217
3 -2.456700  7.311390 93.7491
3 -1.974090  7.620530 95.3618
3  3.971620  7.603140 93.7450
3  5.588220  6.308160 95.2821
3  5.141150  6.688870 93.7216
3 -0.574971  8.222330 95.3148
3 -0.015526  8.258430 93.7407
3  1.434420  8.341160 93.7247
3  2.008740  8.242550 95.2907
3  3.394150  7.789550 95.2474
3 -6.935220  0.899681 96.8764
3  7.470700  0.661577 96.9647
3 -6.262560  3.464320 96.9441
3  7.144700  3.206300 96.9229
3 -5.470100  4.718520 96.9007
3  6.734410  4.646490 96.8609
3 -3.690420  6.582040 96.8658
3 -2.420450  7.316630 96.8572
3  3.975410  7.621110 96.8408
3  5.091670  6.688630 96.8484
3  0.022228  8.383100 96.9292
3  1.470900  8.387560 96.8504
3 -6.692250  1.461040 98.4631
3  7.387380  1.267990 98.5786
3 -6.411240  2.918410 98.5301
3  7.377680  2.702380 98.5515
3 -5.200140  5.330320 98.4707
3  6.443360  5.152140 98.4638
3 -4.216570  6.380650 98.4539
3 -1.900310  7.679890 98.4199
3  5.545110  6.305650 98.4619
3 -0.544181  8.092530 98.5000
3  2.054160  8.246050 98.4433
3  3.458930  7.938140 98.4206