289

3 -2.442050 -6.504920 43.0390
3 -1.872310 -6.839450 44.5480
3  0.043706 -7.431700 43.1092
3 -0.516184 -7.305880 44.5561
3  1.473810 -7.624500 43.1134
3  2.042980 -7.545280 44.5522
3  4.040580 -7.023470 43.1125
3  3.487520 -7.294260 44.5682
3  5.310090 -6.364170 43.1262
3 -5.266240 -4.597660 44.4898
3 -3.584970 -5.695470 43.0112
3 -4.088210 -5.450360 44.5811
3  5.777200 -5.960970 44.5377
3  6.894970 -5.043760 44.4920
3  7.165030 -4.510270 43.0100
3 -5.734770 -4.102030 42.9924
3 -6.646970 -3.012730 42.9997
3 -7.096110 -2.561230 44.5526
3  7.836450 -3.218960 42.9679
3  8.074630 -2.691480 44.5373
3 -7.952360 -0.680744 43.1213
3 -7.711880 -1.285530 44.6072
3  8.348340 -0.721367 43.0669
3  8.468820 -1.268990 44.5449
3 -2.392300 -6.447460 46.0193
3  0.036965 -7.535160 46.0165
3  1.480600 -7.586430 46.0037
3  4.032370 -7.115750 45.9642
3  5.253870 -6.382930 45.9629
3 -3.658220 -5.784130 46.0166
3  7.207540 -4.531210 45.9911
3 -5.694440 -4.060800 45.9923
3 -6.670020 -3.047190 45.9781
3  7.863880 -3.275530 45.9782
3 -7.924600 -0.747120 46.0261
1 -3.455930 -1.186220 46.1952
1 -2.780310 -0.579490 45.0278
1 -1.460710 -1.249730 44.9154
1 -1.318380 -2.151910 46.0279
1 -0.340222 -0.444217 44.5630
1  0.933149 -0.559359 45.1968
3  8.485510 -0.615660 45.9106
3 -1.848330 -6.680240 47.4373
3 -0.469943 -7.184600 47.4320
3  2.108640 -7.643340 47.4786
3  3.494170 -7.385220 47.4818
3  5.804920 -6.074030 47.4479
3 -5.202960 -4.506250 47.3912
3 -4.154020 -5.467870 47.3901
3  6.808900 -5.041970 47.4544
3 -7.077540 -2.582510 47.4257
3  8.147470 -2.686220 47.4497
3 -7.849620 -1.369080 47.4532
1 -4.327460 -0.450834 47.0053
1 -4.291870 -0.617781 48.4440
1 -2.487150 -2.063630 46.7964
1 -2.472540 -2.311850 48.1452
1 -0.072025 -2.249890 46.6850
1  1.081250 -1.473190 46.3061
1  1.889020 -1.278830 47.4965
3  8.392510 -1.294360 47.4522
3 -2.347130 -6.524990 48.9278
3 -1.798950 -6.780240 50.3722
3  0.094346 -7.469940 48.8968
3 -0.474054 -7.331100 50.3931
3  1.504700 -7.707580 48.9227
3  2.108880 -7.680760 50.3078
3  3.496020 -7.278050 50.3350
3  4.115600 -7.074600 48.8938
3  5.426880 -6.483590 48.8257
3 -3.529690 -5.688900 48.9088
3 -5.283310 -4.555010 50.3184
3 -4.181380 -5.480910 50.3441
3  5.877260 -6.086470 50.2625
3  7.214070 -4.569890 48.8536
3  6.915900 -5.100910 50.2555
3 -5.755450 -4.184080 48.8438
3 -6.741290 -3.100400 48.8465
3 -7.068150 -2.557250 50.3715
3  7.930140 -3.295110 48.8687
3  8.018220 -2.729300 50.3454
3 -7.989220 -0.705995 48.9130
3 -7.737540 -1.262060 50.3691
1 -3.357790 -1.522440 48.9788
1 -2.688880 -1.286000 50.2279
1 -1.181740 -2.524940 48.8331
1 -1.312790 -1.858260 50.1001
1  0.012834 -2.528080 48.1049
1  1.173750 -1.827470 48.6336
1  1.070520 -1.135320 49.8685
3  8.389270 -0.633324 48.8456
3  8.255990 -1.284320 50.4008
3 -2.376220 -6.550180 51.8146
3  0.093958 -7.414050 51.8600
3  1.486570 -7.669480 51.8733
3  4.086320 -7.084000 51.7451
3  5.395870 -6.386390 51.6550
3 -3.652700 -5.857740 51.8403
3  7.286240 -4.634990 51.7287
3 -5.633880 -4.127560 51.8133
3 -6.635010 -3.051850 51.8203
3  7.928080 -3.312480 51.6964
3 -7.913920 -0.755896 51.8421
1 -0.230765 -1.120820 50.5244
3  8.278860 -0.657404 51.7691
3 -2.403050 -6.517780 54.7158
3 -1.868810 -6.828470 53.2964
3 -0.499208 -7.320090 53.2821
3  0.061770 -7.531400 54.6790
3  1.468330 -7.667500 54.6474
3  2.128370 -7.617950 53.3189
3  3.526470 -7.298460 53.2886
3  4.098710 -7.051820 54.6271
3  5.329590 -6.368850 54.6622
3 -5.280160 -4.619060 53.2789
3 -3.621260 -5.768240 54.7190
3 -4.125640 -5.522270 53.2854
3  5.908310 -6.060320 53.1580
3  6.853600 -5.029070 53.1844
3  7.251170 -4.512400 54.6636
3 -5.811390 -4.274590 54.6691
3 -7.003390 -2.602870 53.2017
3 -6.704300 -3.142420 54.6426
2 -0.078620 -2.927500 54.9051
2  1.307990 -3.341260 54.7212
3  8.006290 -3.272450 54.6210
3  8.189100 -2.716330 53.1732
3 -7.951710 -0.746160 54.7896
3 -7.775640 -1.344000 53.2244
2 -1.137320 -0.714615 54.8034
2 -0.196324 -1.634340 54.2574
2  1.059430 -1.227420 53.7735
2  2.061120 -2.294980 53.9826
2  3.352710 -1.951530 54.3890
2  3.758120 -0.579710 54.4880
3  8.318880 -0.657330 54.6807
3  8.336570 -1.229940 53.1957
3 -8.251890  0.739962 43.1262
3 -8.228780  1.355060 44.5596
1 -1.865380  1.566310 44.4751
1 -0.580782  0.954469 44.3969
3  8.152470  0.731656 43.0683
3  7.837300  1.325930 44.4653
3 -7.769710  3.348860 43.1080
3 -7.960160  2.793610 44.5517
3  5.910780  4.254090 42.9971
3  6.829740  3.104750 42.9506
3  7.170380  2.576120 44.4383
3 -7.081730  4.630040 43.1652
3 -6.686440  5.111650 44.6185
3  3.795190  5.904680 42.9961
3  4.326070  5.501860 44.4515
3  5.492220  4.663590 44.4409
3 -5.707530  6.182620 44.5450
3 -5.204840  6.409070 43.0375
3 -3.993440  7.134370 43.0119
3 -3.393430  7.425210 44.5542
3 -1.418490  7.745780 43.1407
3 -2.012110  7.823420 44.5945
3  0.041685  7.570520 43.0820
3  0.693151  7.303590 44.5342
3  2.534910  6.560290 43.0224
3  2.031360  6.885000 44.4964
3 -8.171340  0.696095 46.0304
1 -4.445570  0.974523 46.7299
1 -3.875820  1.581870 45.6459
1 -3.020010  0.771811 44.7356
1  0.589920  1.712070 44.8705
1  1.519140  0.749645 45.4127
3  8.255100  0.793401 45.9012
3 -7.685300  3.315450 45.9828
1 -3.288530  2.918190 45.8124
1 -3.315180  3.610930 47.0020
1 -2.002860  2.891820 45.0686
1 -0.820647  3.501060 45.6333
1  0.489673  2.923780 45.5077
1  1.255360  3.271410 46.6665
3  6.842330  3.086210 45.9166
3 -7.090340  4.652390 46.0441
1 -0.932272  4.296420 46.8205
3  3.821880  5.929670 45.9146
3  5.933780  4.225040 45.9166
3 -5.206060  6.511690 46.0319
3 -3.983760  7.175770 46.0821
3 -1.346110  7.841620 45.9924
3  0.093618  7.596130 45.9127
3  2.612490  6.619310 45.9129
3 -8.131770  1.332000 47.4556
1 -4.523840  1.645850 47.9759
1  2.223900  1.033390 46.6078
1  2.400060  0.042964 47.6911
3  7.938600  1.296250 47.4512
3 -7.800300  2.698520 47.4491
1 -3.997580  2.964120 48.0982
1 -3.236510  3.247130 49.3023
1  2.132970  2.310990 47.2452
3  7.216180  2.607020 47.4283
3 -6.732640  5.164060 47.4606
3 -5.779270  6.239100 47.5375
1 -2.148640  4.261370 47.4910
1 -2.083300  4.033610 48.9158
1  0.385731  4.095060 47.5096
1  0.439426  3.948370 48.9234
3  4.346740  5.581950 47.3820
3  5.461350  4.642610 47.3632
3 -3.369230  7.482550 47.4408
3 -1.935370  7.768140 47.4073
3  0.694207  7.402170 47.3951
3  2.038690  6.855630 47.4060
3 -8.127770  0.702181 48.9180
3 -8.141970  1.298560 50.3650
1 -4.467550  0.702042 49.0446
1 -3.746280  1.019190 50.2141
1 -2.828270  0.065950 50.7945
1  1.720770  0.106534 50.0854
1  2.377220  0.723868 48.9614
3  8.085130  0.745063 48.8459
3  7.861440  1.297670 50.2856
3 -7.705430  3.285080 48.8807
3 -7.879710  2.747780 50.3651
1 -3.144690  2.326650 50.3868
1 -1.811410  2.178100 51.0301
1 -0.715444  2.980790 50.6867
1  1.316890  2.915720 49.5524
1  0.546645  2.280390 50.5728
1  2.179850  2.130470 48.7710
3  6.027960  4.267210 48.8562
3  7.238150  2.599780 50.2444
3  6.902950  3.083880 48.8730
3 -7.063800  4.595780 48.8716
3 -6.781270  5.112620 50.4084
1 -0.869641  3.948160 49.5933
3  3.844600  5.924250 48.9409
3  4.353730  5.512220 50.3355
3  5.531110  4.689570 50.3052
3 -5.800950  6.223300 50.4245
3 -5.272660  6.593730 48.8964
3 -3.937420  7.197050 48.8943
3 -3.423140  7.468020 50.3461
3 -2.006210  7.741850 50.3366
3 -1.353730  7.725240 48.8711
3  0.055042  7.548970 48.9377
3  0.653395  7.399610 50.3165
3  2.550940  6.577280 48.9120
3  1.952100  6.816580 50.2637
3 -8.151580  0.682198 51.8127
1 -0.428790  0.181016 51.1448
1 -1.688950  0.743409 51.3137
1  0.767682  0.956438 50.8016
3  8.028860  0.723199 51.7461
3 -7.730890  3.349260 51.7963
3  6.807660  3.069370 51.7330
3 -7.077640  4.610850 51.8024
3  3.903120  5.897790 51.7377
3  5.929060  4.213930 51.7208
3 -5.298750  6.616330 51.7933
3 -3.971570  7.260550 51.7720
3 -1.381000  7.749960 51.7593
3  0.065455  7.508320 51.7542
3  2.613470  6.614880 51.7828
3 -8.081000  1.335030 53.3054
3 -8.099630  0.679262 54.7956
2  0.578915  1.051410 54.4927
2  1.458130  0.126345 53.8734
2  2.801910  0.376467 54.2907
3  7.861270  1.353680 53.2458
3  7.954880  0.751143 54.7151
3 -7.881740  2.753280 53.3099
3 -7.666500  3.325630 54.7872
3  7.237060  2.598070 53.2627
3  6.991680  3.196460 54.6833
3 -5.740700  6.161610 53.3381
3 -7.045840  4.621550 54.7961
3 -6.686470  5.055440 53.3779
3  4.369150  5.544390 53.2073
3  3.859440  5.911870 54.6690
3  6.033030  4.260280 54.7105
3  5.557410  4.665540 53.2656
3 -5.237490  6.513940 54.7512
3 -4.023910  7.247220 54.7911
3 -3.481670  7.516580 53.3309
3 -2.024210  7.789570 53.3255
3 -1.402120  7.743220 54.7809
3  0.701493  7.487360 53.3055
3  0.074409  7.534450 54.7759
3  2.022490  6.894760 53.3340
3  2.558700  6.495310 54.7236
2 -0.714695  0.666000 54.9381
2  2.778660  1.579130 55.0481