298

3 -0.364067 -8.364380  6.72873
3  1.700180 -8.324110  8.04918
3  0.292203 -8.471720  8.08466
3  2.331890 -8.238480  6.73935
3 -3.869340 -6.245120  6.70297
3 -2.260230 -7.477510  8.02968
3 -3.412490 -6.605670  8.00097
3 -1.682520 -7.776890  6.72027
3  3.693620 -7.789280  6.75947
3  4.277770 -7.390000  8.04713
3  5.384340 -6.437870  8.02204
3 -4.871730 -5.206270  6.72068
3 -5.488930 -4.870610  7.98775
3  5.745520 -5.950970  6.76474
3  6.493940 -4.719750  6.73836
3 -6.447540 -3.063270  6.67656
3 -6.211270 -3.659270  7.99163
3  7.293670 -2.162160  6.75680
3 -6.923610 -1.734450  6.72726
3 -7.097440 -1.143210  8.04905
1 -1.257610 -1.143370  8.21319
1 -0.738915 -0.242166  7.24290
1  1.560100 -0.543089  8.00120
3  7.574740 -0.730984  6.77574
3 -0.391628 -8.248490  9.39715
3  2.284500 -8.030790  9.37746
3 -3.968320 -6.278220  9.39402
3 -1.702680 -7.729470  9.35333
3  3.621200 -7.507340  9.38850
3 -5.068700 -5.357590  9.37156
3  5.745990 -5.871040  9.38718
3  6.805790 -4.149430  8.09486
3  6.542570 -4.717550  9.40515
3 -6.602080 -3.126760  9.35724
3  7.292160 -2.754950  8.14037
3  7.387230 -2.128510  9.49944
3 -7.067850 -1.752170  9.38726
1 -2.914730 -0.868169 10.01510
1 -2.581430 -0.695607  8.64816
1 -0.370894 -1.783770  9.08462
1 -0.720039 -1.942590 10.46230
1  1.068310 -1.471120  8.95124
1  1.538390 -1.309110 10.29760
3  7.380420 -0.119172  8.16503
3  7.354280 -0.739380  9.47621
3 -0.417730 -8.239940 12.04410
3  0.263712 -8.287340 10.72630
3  1.697970 -8.201090 10.73620
3  2.268250 -8.006880 12.09510
3 -2.353410 -7.513110 10.66500
3 -4.103010 -6.364140 12.04170
3 -3.550880 -6.707860 10.69950
3 -1.758560 -7.743070 11.98400
3  3.505740 -7.287650 12.11420
3  4.082230 -7.070590 10.76450
3  5.256380 -6.297270 10.76410
3 -5.628740 -4.945520 10.67170
3 -5.151660 -5.419190 12.04180
3  5.645830 -5.845320 12.08290
3  6.423330 -4.678580 12.10000
3  6.821590 -4.168770 10.76650
3 -6.661660 -3.133590 11.97660
3 -6.384850 -3.740600 10.63950
3  7.247860 -2.765900 10.81880
3  7.398300 -2.108630 12.18410
3 -7.254670 -1.161340 10.70400
3 -7.227810 -1.787150 12.02470
1 -2.006230 -1.550640 10.95460
1 -1.956530 -0.725139 12.18850
1  0.484657 -1.664480 11.24260
1  0.412051 -1.035590 12.54740
1  2.564530 -0.429660 10.64950
3  7.352490 -0.062557 10.81560
3  7.384480 -0.690782 12.15870
3  0.235235 -8.415640 13.36310
3  1.652650 -8.294650 13.37170
3 -3.555130 -6.711730 13.33960
3 -2.364880 -7.484250 13.34370
3  3.972830 -6.959840 13.45110
3  5.262490 -6.293820 13.43940
3 -5.567960 -4.842550 13.38610
3  6.739940 -4.133070 13.43870
3 -6.430740 -3.680750 13.37850
3  7.174880 -2.781890 13.47330
3 -7.280260 -1.176980 13.40340
1 -0.842713 -0.537348 12.99460
1  1.457250 -0.052857 12.87490
3  7.261630 -0.055958 13.48530
3 -0.482414 -8.326760 14.66460
3  0.176802 -8.370260 16.01360
3  1.533580 -8.087880 16.02550
3  2.190670 -8.036150 14.72470
3 -4.052480 -6.314210 14.68430
3 -3.591630 -6.785750 16.00830
3 -2.396070 -7.611570 15.99600
3 -1.818510 -7.869600 14.67630
3  3.498250 -7.365020 14.77460
3  4.109520 -7.161240 16.12420
3  5.235840 -6.297670 16.17320
3 -5.107740 -5.320110 14.69470
3 -5.505440 -4.900630 16.01680
3  5.720760 -5.911970 14.80210
3  6.499770 -4.678980 14.77440
3  6.658780 -4.131300 16.17400
3 -6.661620 -3.164730 14.71920
3 -6.445960 -3.795240 16.06370
2  1.362540 -2.526200 16.12720
3  7.276090 -2.143020 14.79090
3  7.114080 -2.778390 16.12410
3 -7.075200 -1.796710 14.77580
3 -7.188360 -1.195750 16.13020
2 -0.235776 -0.794577 16.08890
2  1.148810 -1.077680 15.81310
2  2.076580 -0.102874 16.22120
3  7.277340 -0.752997 14.79290
3  7.308340 -0.091768 16.12270
3 -0.529086 -8.335600 17.39240
3  2.182320 -7.962650 17.37140
3 -4.028260 -6.410740 17.32630
3 -1.856790 -7.899870 17.33840
3  3.530780 -7.456700 17.45190
3 -5.114930 -5.462690 17.30760
2 -0.069863 -4.177110 17.37000
2  1.135830 -4.530080 18.12080
2  2.425540 -4.015460 17.76940
3  5.691120 -5.855420 17.56010
3  6.408510 -4.667240 17.55780
3 -6.707860 -3.240350 17.39190
2 -2.067920 -2.061740 17.23240
2 -2.115620 -3.083870 18.24600
2  0.053497 -3.108640 16.45430
2 -0.902462 -2.045740 16.41090
2  2.547160 -3.000100 16.68600
2  3.523580 -1.944490 17.18650
3  7.234970 -2.153450 17.52290
3 -7.087980 -1.840730 17.41650
2 -2.519970 -0.783612 17.74320
2  3.159910 -0.581909 17.02750
3  7.273040 -0.738424 17.46350
3 -7.310060  0.897104  6.65489
3 -7.282160  0.254293  8.00445
1 -2.812330  0.568628  7.91978
1 -1.630330  0.854743  7.05729
1  0.594495  0.076560  7.12148
1  1.027900  1.425510  6.99222
1  2.306920  1.622950  7.69711
1  2.598140  0.404649  8.34413
3  7.208200  1.296840  8.14314
3 -7.031650  2.309690  6.64125
3 -6.920030  2.940650  8.01724
1 -1.304010  2.182240  6.80095
1 -1.912030  3.285170  7.56410
1  0.144338  2.465650  6.81402
1  0.379025  3.760070  7.40922
3  7.083520  1.955960  6.77069
3  6.655460  3.315550  6.71568
3  6.411280  3.930930  8.09365
3 -6.147920  4.773210  6.80075
3 -5.510870  6.056850  6.77015
1 -0.923149  4.212870  7.91289
3  5.233510  5.601920  6.77567
3 -3.395730  7.770510  6.71271
3 -2.091390  8.315590  6.72352
3  2.063300  8.092200  6.72541
3  2.557720  7.837570  8.06230
3  3.799940  7.120720  8.07269
3  4.384150  6.758050  6.79340
3  0.686682  8.488650  6.74857
3 -7.332840  0.916045  9.37758
1 -3.474200  1.626310  8.63025
1 -3.815910  1.450470 10.02310
1  3.134360  0.475974  9.69153
3 -7.170340  2.359940  9.37326
1 -2.978160  3.000270  8.43543
1 -3.028020  3.669820  9.64770
1  1.556040  3.972640  8.11391
1  3.011630  2.938600  9.60118
1  2.532010  2.910570  8.25577
3  7.044270  1.996510  9.40917
3  6.688930  3.374150  9.45733
3 -6.527120  4.288130  8.07238
3 -6.162370  4.793380  9.40357
3 -5.503240  6.027020  9.40416
1 -2.074790  4.643530  9.99453
1 -1.006730  4.941560  9.09964
1  1.437930  4.639060  9.38962
1  0.193379  5.121000  9.84489
3  5.739780  5.163990  8.14868
3  5.229310  5.643080  9.41424
3 -5.106690  6.594880  8.09435
3 -3.908650  7.430520  8.07027
3 -3.383540  7.746830  9.40524
3  1.976500  8.122060  9.44074
3  4.297520  6.699900  9.39228
3 -2.073450  8.240460  9.46385
3 -1.439480  8.469540  8.06905
3  0.006435  8.537400  8.05983
3  0.579095  8.475890  9.43071
3 -7.315780  0.849249 12.09440
3 -7.412690  0.219704 10.71770
1 -3.491330  0.275573 10.69200
1 -2.919230  0.361938 12.00890
1  3.369930  1.756210 10.33880
1  2.977360  1.602850 11.72050
1  2.495290  0.244496 11.89110
3  7.165390  1.368280 10.79650
3 -6.921610  2.894040 10.77930
3 -6.923940  2.236330 12.09550
1 -3.609060  2.801670 10.62520
1 -3.113410  2.878170 11.95810
1  1.992440  3.853060 11.70780
1  2.324110  4.027080 10.31680
3  6.976070  1.964690 12.20010
3  6.425300  3.959070 10.79060
3  6.623350  3.354060 12.17930
3 -6.378000  4.196280 10.77090
3 -6.104410  4.774370 12.11010
3 -5.438570  6.031930 12.13930
1 -1.606310  4.775310 11.35380
1 -0.132198  5.018720 11.27850
1  0.730883  4.345450 12.18850
3  5.633930  5.184510 10.77720
3  5.204300  5.619700 12.16330
3 -5.120430  6.546930 10.75290
3 -3.954500  7.410410 10.73100
3 -3.445850  7.767700 12.10590
3  1.944320  7.966740 12.13100
3  2.536940  7.773670 10.77660
3  3.801290  7.108720 10.78940
3  4.231640  6.689050 12.13940
3 -2.131860  8.284570 12.10710
3 -1.462450  8.372750 10.80980
3 -0.076098  8.544650 10.80820
3  0.564203  8.439770 12.11960
3 -7.416960  0.258465 13.44640
1 -2.809420  1.636920 12.66330
1 -1.567890  1.803450 13.39510
1 -0.624089  0.775139 13.54160
1  0.775530  1.047590 13.46590
3  7.136360  1.338420 13.56210
3 -6.826680  2.848250 13.44270
1 -2.033640  3.805050 12.26080
1 -1.121100  3.113580 13.11750
1  1.246860  2.369610 13.35600
1  0.262205  3.427150 13.17660
1  2.341720  2.597180 12.42440
3  6.331510  3.937680 13.50220
3 -6.461490  4.210280 13.46690
3  5.491340  5.039920 13.45870
3 -4.951100  6.433610 13.46760
3 -3.971220  7.435950 13.45620
3  2.528050  7.759220 13.47220
3  3.711540  7.003590 13.47450
3 -1.443390  8.335640 13.49410
3 -0.021661  8.463440 13.46630
3 -7.322510  0.893785 14.79200
3 -7.343870  0.247526 16.11800
3  6.959210  1.944810 14.84310
3  7.038940  1.293630 16.16740
3 -7.075520  2.275450 14.82770
3 -6.966230  2.909880 16.16470
3  6.214240  3.798670 16.21250
3  6.536860  3.269130 14.89360
3 -6.540420  4.244580 16.10120
3 -6.163430  4.773440 14.78390
3 -5.353550  5.959770 14.77730
3  5.061470  5.508640 14.84010
3  5.508300  4.974600 16.15880
3 -5.074970  6.477550 16.13920
3 -3.992150  7.399770 16.17270
3 -3.403260  7.740100 14.81440
3  1.894570  7.971010 14.85700
3  2.484510  7.721580 16.18800
3  3.663230  7.005140 16.15460
3  4.130640  6.591190 14.80710
3 -2.080630  8.282250 14.79810
3 -1.511030  8.335690 16.18470
3 -0.109480  8.429730 16.14000
3  0.561341  8.395180 14.79830
3 -7.270070  0.850432 17.48510
2 -1.876800  0.444063 17.41660
2 -0.742688  0.405892 16.54510
2  0.191335  1.445200 16.94100
2 -0.240777  1.969170 18.19510
2  1.619900  1.168590 16.81530
2  3.497910  0.381277 17.99140
2  2.537170  1.427570 17.91540
3  6.941660  1.914890 17.52160
3 -7.114880  2.305900 17.47690
3  6.480940  3.292360 17.51420
3 -6.351150  4.823030 17.47120
3 -5.628670  6.061250 17.49370
3  5.187530  5.551090 17.49340
3 -3.466850  7.691390 17.51410
3  1.945600  8.032800 17.51470
3  4.197570  6.643970 17.52490
3 -2.139010  8.260500 17.55020
3  0.544875  8.352120 17.52790