298

2  0.931097 -1.578700 55.2153
3  0.212005 -8.698360 56.2102
3  1.603130 -8.633290 56.1878
3 -3.646540 -7.280600 56.2224
3 -2.494220 -8.157560 56.1874
3  4.090350 -7.548600 56.1497
3  5.149330 -6.553610 56.1510
3 -5.374790 -5.179520 56.1930
2 -0.786349 -4.781310 57.0523
2  2.003820 -4.602670 56.5823
3  6.708310 -4.351940 56.1203
3 -6.086590 -3.961560 56.2087
2 -2.023850 -2.780260 56.8596
2 -0.247272 -4.025840 55.9305
2 -1.111230 -2.850260 55.8373
2  1.111640 -3.969210 55.6855
2  1.709350 -2.730240 55.2251
2  3.154430 -3.760380 56.6919
2  3.010620 -2.586190 55.8596
3  7.032100 -2.968360 56.1559
3 -7.159150 -1.457330 56.1888
2 -0.457916 -1.616870 55.5255
2 -0.841695 -0.372981 55.9996
2 -1.915190 -0.292160 56.9652
2  1.485920 -0.195963 55.5012
2  3.476580 -1.361480 56.3005
3  7.222700 -0.290044 56.2105
3 -0.461754 -8.669600 57.4989
3 -1.892740 -8.448900 57.4996
3  0.168102 -8.744950 58.8874
3  1.599490 -8.669990 58.8847
3  2.259670 -8.502630 57.5275
3 -4.066380 -6.747390 57.5210
3 -3.622590 -7.234440 58.8630
3 -2.488940 -8.140470 58.9018
3  3.577280 -7.924100 57.4820
3  4.194440 -7.630290 58.8145
3  5.231880 -6.675430 58.8079
3  5.614740 -6.110960 57.5052
3 -5.017860 -5.692010 57.5280
3 -5.397000 -5.198770 58.8645
2  0.118752 -5.453420 57.8797
2 -0.060139 -5.405040 59.3171
2  1.561770 -5.321280 57.6789
2  2.198720 -5.206130 58.9723
2  3.306500 -4.367790 59.1070
3  6.509860 -5.025040 57.5164
3  6.825820 -4.449620 58.8661
3 -6.263710 -3.353080 57.5144
3 -5.994720 -3.892090 58.8362
2 -1.916500 -3.980560 57.6232
2 -2.104850 -3.925190 59.0065
2  3.764370 -3.668860 57.9325
2  4.207150 -2.390760 58.3915
3  7.219260 -2.368730 57.5568
3  7.134350 -3.034640 58.8610
3 -6.880830 -2.065200 57.4918
3 -7.036320 -1.454780 58.8598
3 -7.406170 -0.090081 58.8696
2 -2.698190 -1.517570 58.7993
2 -2.568210 -1.557080 57.3872
2  4.063410 -1.290610 57.5734
3  7.259180 -0.988390 57.5895
3  7.178570 -0.342326 58.8604
3 -0.439298 -8.642100 60.1856
3 -1.836730 -8.239830 60.1874
3  2.276120 -8.508510 60.2039
3 -4.126340 -6.823910 60.1940
3  3.586890 -8.078070 60.1571
3  5.707490 -6.304180 60.2052
3 -5.033090 -5.707610 60.2030
2 -1.158100 -4.626990 59.8433
2  1.229520 -5.253180 59.9806
2  1.391580 -4.509670 61.1452
3  6.533090 -5.031560 60.1826
3 -6.454320 -3.414800 60.1577
3 -6.899380 -2.082710 60.1880
2 -2.422230 -2.653640 59.6070
2 -1.793280 -2.646240 60.9052
2 -1.028050 -3.850180 61.0663
2  2.539470 -3.601200 61.2463
2  3.534210 -3.557940 60.2761
2  4.187110 -2.352700 59.8279
3  7.235500 -2.376330 60.2386
2 -2.260990 -0.237636 59.3104
2 -1.552910 -0.194793 60.5045
2  3.799700 -1.127440 60.5170
3  7.219870 -0.973491 60.2762
3 -0.405991 -8.543860 62.8672
3  0.258875 -8.642890 61.5662
3  1.621750 -8.563780 61.5735
3  2.319310 -8.547770 62.8729
3 -4.069600 -6.784280 62.8648
3 -3.588070 -7.227750 61.5548
3 -2.346080 -7.878090 61.5619
3 -1.757490 -8.110840 62.8750
3  3.683950 -8.118620 62.8604
3  4.216210 -7.762000 61.5039
3  5.325420 -6.850240 61.5104
3 -5.467590 -5.201980 61.4963
3 -5.129800 -5.762590 62.8664
3 -6.207150 -4.004000 61.4570
3  5.635630 -6.273440 62.8337
3  6.346450 -5.051190 62.7872
3  6.718080 -4.462460 61.4630
3 -6.454450 -3.461990 62.8151
3 -6.862770 -2.087040 62.8273
2  0.262378 -3.769900 61.5898
2  0.671184 -2.464250 62.0993
2  2.083740 -2.384010 61.8196
3  7.008320 -3.054230 61.5738
3  7.050420 -2.382000 62.8509
3 -6.985560 -1.484130 61.5171
3 -7.284820 -0.101048 61.5081
2 -1.354120 -1.386270 61.2854
2 -0.078546 -1.326850 61.8913
2  0.526411 -0.045804 61.6104
2  1.910960  0.013648 61.3164
2  2.697900 -1.173120 61.4892
3  7.189970 -0.286842 61.6175
3  7.094450 -0.952856 62.8938
3  0.180326 -8.573930 64.1940
3  1.614710 -8.588010 64.2131
3 -3.583790 -7.161380 64.1812
3 -2.344650 -7.835980 64.1578
3  4.228400 -7.819030 64.2374
3  5.269320 -6.823690 64.2322
3 -6.220740 -4.061540 64.1691
3 -5.553820 -5.242380 64.1847
3  6.475200 -4.433670 64.1814
3  6.741850 -3.036690 64.1799
3 -6.949290 -1.473660 64.1557
3 -7.212950 -0.052525 64.1905
1 -0.803801 -0.064111 64.9389
3  6.964650 -0.326958 64.2132
3 -0.422721 -8.518820 65.5195
3  0.217640 -8.757810 66.8428
3  1.632960 -8.708730 66.7997
3  2.260530 -8.514520 65.4919
3 -4.068740 -6.682430 65.4744
3 -3.648560 -7.170230 66.7819
3 -2.378190 -7.921400 66.7754
3 -1.792130 -8.159140 65.4988
3  3.624460 -8.137330 65.5141
3  4.148290 -7.696630 66.8423
3  5.156930 -6.741690 66.8346
3  5.641110 -6.306490 65.5442
3 -6.187820 -3.962880 66.8344
3 -5.115760 -5.749500 65.5284
3 -5.467050 -5.187660 66.8536
3  6.256060 -5.013060 65.5129
3  6.434270 -4.407110 66.8543
3 -6.588020 -3.477970 65.4480
3 -6.944980 -2.119100 65.4718
3  6.788270 -2.413510 65.4814
3  6.668210 -2.987240 66.8220
3 -7.150160 -1.483720 66.8261
3 -7.369620 -0.056133 66.8223
1 -2.079220 -0.397640 65.6077
1 -1.781520 -1.459430 66.5641
1 -0.380346 -1.723220 66.5666
1  0.219808 -0.839099 65.6206
1  1.491350 -0.257757 65.7898
1  2.240260 -0.556635 67.0101
3  6.894650 -0.974992 65.5000
3  6.875640 -0.354807 66.8456
3 -7.367220 -0.059873 56.1946
2  0.289397  0.508630 56.0128
2  2.754500 -0.208367 56.1350
3  7.036590  1.148440 56.2394
3 -7.387480  2.613570 56.2161
3  6.319620  3.737890 56.2296
3 -6.785510  3.888960 56.1975
3  5.510790  4.954110 56.1995
3 -5.204490  6.039040 56.1507
3 -4.148970  6.996650 56.1372
3 -1.609070  8.012040 56.1314
3  2.386140  7.501390 56.1599
3  3.570910  6.803990 56.1445
3 -0.208391  8.299220 56.1320
3 -7.483550  0.560442 57.4645
2 -1.684680  0.484768 58.2000
2 -0.623497  1.337480 58.2849
2  1.682350  1.308800 57.8249
2  0.405186  1.201100 57.2178
2  2.795360  0.655642 57.3127
2  3.637850 -0.033697 58.2646
3  6.990860  1.774180 57.5998
3  7.093080  1.093990 58.9169
3 -7.381750  1.939110 57.5150
3 -7.254410  2.506030 58.8665
3 -6.766010  3.866040 58.8335
3  6.300820  3.749230 58.9226
3  6.522190  3.109790 57.6069
3 -6.447250  4.449810 57.5212
3 -5.607730  5.538170 57.5022
3  5.140010  5.472850 57.5473
3  5.553910  4.990910 58.8953
3 -5.225840  6.065400 58.8245
3 -4.128250  6.945390 58.7355
3 -3.567530  7.340470 57.3940
3 -2.266290  7.873670 57.4020
3 -1.692320  8.118170 58.7228
3 -0.259407  8.221060 58.7642
3  1.802030  7.781270 57.4688
3  2.376930  7.625740 58.8188
3  3.614880  6.883340 58.8290
3  4.125880  6.474470 57.5157
3  0.445016  8.232530 57.4534
3 -7.432810  0.506077 60.2095
3 -7.370560  1.931340 60.1763
2 -0.375947  0.676479 60.6747
2  0.085830  1.392040 59.5479
2  1.543800  1.377310 59.2393
2  2.350920  0.817520 60.2215
2  3.469700  0.057575 59.6756
3  6.879360  1.757480 60.2366
3  6.582750  3.159540 60.2082
3 -6.478410  4.411660 60.1378
3 -5.688620  5.584680 60.1455
3  5.141880  5.470130 60.1701
3 -3.646000  7.291810 60.0207
3 -2.308940  7.878750 60.0777
3  1.708340  7.730530 60.1234
3  0.353328  8.178430 60.1283
3  4.135650  6.554850 60.1488
3 -7.376160  0.536598 62.8322
3 -7.290480  1.916630 62.8367
3  7.054120  1.164880 61.5246
3  6.829220  1.761320 62.8919
3 -7.200080  2.528740 61.4440
3 -6.816580  3.859430 61.4557
3  6.362490  3.792050 61.5180
3  6.632600  3.169470 62.8075
3 -6.567550  4.441130 62.7616
3 -5.717270  5.586390 62.7845
3  5.532000  4.982490 61.5127
3  5.053560  5.424970 62.8509
3 -5.258210  6.040430 61.4188
3 -4.193150  6.891560 61.4211
3 -3.644140  7.274440 62.7030
3 -2.312080  7.877480 62.7426
3  1.715740  7.743610 62.7554
3  2.334040  7.587780 61.4668
3  3.581460  6.913830 61.4306
3  4.075900  6.460560 62.8215
3 -1.727440  8.041810 61.3889
3 -0.321393  8.163590 61.4163
3  0.335814  8.169690 62.7304
1 -0.551681  1.339900 64.6501
1  0.710188  1.947870 64.8684
3  6.986650  1.117920 64.1876
3 -7.255470  2.547990 64.2032
3 -6.790550  3.873180 64.1250
1 -1.604240  2.370370 64.8296
3  6.259870  3.768220 64.1518
3  5.518280  4.978230 64.1749
3 -5.250690  6.108230 64.1238
3 -4.090260  6.902790 64.0493
3  3.575310  6.856020 64.1585
3  2.324650  7.483180 64.1595
3 -1.716540  7.941350 64.1349
3 -0.303696  8.257260 64.1197
3 -7.398000  0.537436 65.4770
3 -7.377340  1.941760 65.5145
1 -3.030040  0.636888 65.8282
1 -2.780620  2.005410 65.4596
1 -3.742620  0.616039 67.0632
1  1.718880  1.117360 65.4487
1  2.544540  1.705020 66.4592
3  6.662150  1.753070 65.5038
3  6.790270  1.026620 66.8565
3 -7.342670  2.645090 66.7902
3 -6.897420  3.979920 66.8523
1 -3.255100  2.861480 66.5030
1 -2.674460  4.014590 66.9260
1 -0.883257  3.571810 65.2888
1  0.508191  3.283440 65.3288
1  1.296980  3.838090 66.3189
1  2.364840  3.071090 66.9085
3  6.238850  3.732560 66.8026
3  6.392830  3.126910 65.4721
3 -6.628790  4.529600 65.4732
3 -5.759820  5.674120 65.4693
1 -1.453180  4.385690 66.3000
3  5.105490  5.462220 65.5002
3  5.516190  4.961570 66.8311
3 -5.358410  6.207320 66.8862
3 -4.132310  6.978040 66.8494
3 -3.598430  7.251980 65.4532
3 -2.301890  7.817170 65.4757
3 -1.744760  8.114850 66.8075
3  2.281790  7.526890 66.7971
3  3.526250  6.844210 66.8450
3  4.086780  6.448290 65.5125
3 -0.330877  8.237860 66.7840
3  0.331083  8.197980 65.4432
3  1.710470  7.775190 65.4751