335

3 -1.382550 -8.338270 11.8353
3  0.073480 -8.507510 11.8837
3 -5.116490 -6.619810 11.7482
3 -3.923330 -7.440220 11.8329
3  2.367900 -7.374820 11.8611
3  3.592840 -6.640390 11.8261
3 -6.692120 -4.572460 11.7705
3  5.133030 -4.427670 11.8520
3 -7.104970 -3.170700 11.7735
3  5.693610 -3.182200 11.7971
3 -7.334130 -0.550324 11.7894
3  6.701670 -0.769710 11.7760
3 -1.455280 -8.321970 14.8977
3  0.014515 -8.331870 14.9830
3 -5.568630 -6.252660 13.3298
3 -5.153470 -6.659960 14.9470
3 -3.458330 -7.804750 13.3956
3 -3.960170 -7.517270 14.9421
3 -2.018600 -8.258890 13.4080
3  0.589187 -8.326720 13.4237
3  1.954640 -7.678920 13.4337
3 -6.333990 -4.998010 13.3204
3 -6.601640 -4.496130 14.9001
3  4.094200 -6.181980 13.4104
3  4.908590 -5.030030 13.4259
3 -7.189680 -2.555830 13.3382
3 -7.110470 -3.144180 14.8398
3  6.040390 -2.639360 13.3514
3 -7.392860 -1.122340 13.3511
3 -7.298570 -0.460092 14.9368
2 -1.561070 -1.156390 14.4412
2 -2.542380 -0.166791 14.7636
2 -0.574280 -0.784709 13.4422
2  0.670349 -1.281120 13.8028
2  0.563129 -1.900740 15.0810
2  1.793680 -0.620275 13.3855
2  2.773700 -0.401198 14.4066
3  6.534950 -1.323800 13.3472
3 -2.048450 -8.260290 16.4551
3  0.614366 -8.148370 16.5658
3 -5.562930 -6.241870 16.4821
3 -3.468260 -7.865250 16.5059
3  1.965900 -7.686170 16.5346
3  2.495370 -7.473220 14.9926
3  3.610150 -6.572500 14.9748
3 -6.336720 -4.941240 16.5268
3  4.024510 -6.163270 16.5261
3  4.989110 -5.098490 16.5025
3  5.261550 -4.541070 14.9362
3 -7.200630 -2.519550 16.4202
2 -0.803885 -1.792500 15.5176
3  5.800510 -3.186000 14.9390
3  6.057610 -2.636540 16.5205
3 -7.408610 -1.097360 16.4899
2 -2.846260  0.142542 16.1581
2 -1.058900 -1.399030 16.8378
2  2.754410 -0.980354 15.6674
2  3.179500 -0.190899 16.8105
2  1.570060 -1.729460 16.0629
3  6.638980 -1.325280 16.4976
3  6.731950 -0.726214 14.9241
3 -1.472250 -8.308750 18.0742
3  0.022937 -8.224080 18.1192
3 -5.123710 -6.669200 18.0400
3 -3.941300 -7.497610 18.0532
3  2.607740 -7.485300 18.1033
3  3.752010 -6.582030 18.1255
3 -6.559210 -4.424640 18.0301
3  5.228150 -4.489430 18.0794
3 -7.088190 -3.076240 18.0429
3  5.870650 -3.144850 18.0653
3 -7.182770 -0.587801 17.9969
2 -2.135570 -0.454318 17.1833
2 -1.703500  0.316337 18.3182
2 -0.032468 -1.184100 17.8120
2 -0.416223 -0.203141 18.7718
2  2.296590 -0.459937 17.9194
2  1.320250 -1.383490 17.4892
2  1.984330  0.574886 18.8262
3  6.779330 -0.730369 18.0548
3 -1.980930 -8.213440 19.7026
3 -5.556280 -6.331390 19.5953
3 -3.419870 -7.743550 19.6598
3  0.676276 -8.158280 19.7023
3  2.072830 -7.734530 19.6742
3 -6.395560 -5.062490 19.6015
3  4.165830 -6.186970 19.6649
3  4.989200 -5.013600 19.6712
3 -7.107670 -2.566150 19.6240
3  5.977790 -2.586540 19.6686
3 -7.201920 -1.094070 19.5955
2  0.605780  0.724957 19.1822
3  6.543910 -1.259060 19.6518
3 -1.391390 -8.354870 21.2585
3 -1.932050 -8.125850 22.7706
3  0.055418 -8.248270 21.2440
3 -5.222730 -6.728690 21.2298
3 -5.607530 -6.239800 22.7697
3 -3.962120 -7.442820 21.2451
3 -3.373740 -7.728440 22.8196
3  0.617417 -8.166480 22.8222
3  2.010920 -7.664680 22.8498
3  2.556560 -7.458170 21.2389
3  3.715690 -6.615530 21.2154
3 -6.557550 -4.393080 21.1597
3 -6.269130 -4.927290 22.7628
3  4.103400 -6.175570 22.7640
3  4.834940 -4.956370 22.8252
3  5.315230 -4.450110 21.2650
3 -7.078010 -3.094410 21.2348
3 -7.090300 -2.544470 22.8081
1 -2.495820 -2.705660 22.5684
1 -0.326077 -1.827100 21.9631
1 -1.148580 -2.944300 22.3225
1  1.011500 -2.080970 22.5114
3  5.862440 -3.124960 21.2514
3  6.114580 -2.564540 22.8041
3 -7.189640 -1.056570 22.8120
3 -7.237860 -0.491277 21.2046
1 -2.267330 -0.323199 22.3335
1 -3.071400 -1.406260 22.6284
1 -0.871101 -0.495504 22.0369
1 -0.116441  0.561987 22.6146
1  1.790640 -1.032760 22.9739
1  1.158310  0.300324 23.0851
3  6.654930 -1.249900 22.8041
3  6.897370 -0.755369 21.2406
3 -1.407860 -8.316270 24.3348
3  0.059469 -8.267940 24.3613
3 -5.107120 -6.600550 24.3706
3 -3.967610 -7.532220 24.3888
3  2.478840 -7.409040 24.4076
3  3.705240 -6.597690 24.3596
3 -6.577970 -4.457140 24.3610
1 -0.345686 -3.943950 22.9886
1 -0.843351 -4.606630 24.0880
1  1.058880 -3.413750 23.0489
1  1.777850 -3.623610 24.2214
3  5.159900 -4.395010 24.3594
3 -7.058910 -3.038710 24.4170
1 -3.031180 -3.452080 23.6731
1 -3.945610 -2.621750 24.3661
1  2.549420 -1.214550 24.2530
1  2.499070 -2.479260 24.8094
3  5.962860 -3.145030 24.3520
3 -7.269210 -0.463662 24.4000
1 -4.023370 -1.309040 23.7788
1 -4.051800 -0.144905 24.5723
1  2.429410  0.048058 25.0072
3  6.828100 -0.631286 24.4049
3 -2.024780 -8.176790 25.9249
3 -5.568070 -6.219340 25.9583
3 -3.468120 -7.824100 25.9808
3  0.554473 -8.006870 25.8588
3  1.946880 -7.572850 25.9714
3  4.087670 -6.144450 25.9105
3 -6.289360 -4.932310 25.9432
1 -2.270010 -4.400830 24.4099
1 -2.302630 -4.471970 25.8649
1 -0.097906 -4.808930 25.2698
1  1.222180 -4.360190 25.3417
3  4.991570 -4.977980 25.9302
3 -7.177200 -2.470750 25.9946
1 -3.965120 -2.703830 25.7876
3  6.268270 -2.594010 25.9636
3 -7.389120 -1.007540 25.9812
3  6.644000 -1.174700 25.9478
3 -7.027180  0.928636 11.7724
2 -0.747926  0.403551 12.6897
2  0.390128  1.090990 12.2460
2  1.710450  0.588791 12.5801
3  7.052630  0.695159 11.7391
3 -6.044020  3.369490 11.8180
2  0.081711  2.529360 12.2341
3  6.637430  3.223400 11.7702
3 -5.343390  4.702480 11.7844
3  6.436240  4.609280 11.7803
3 -3.815520  6.829520 11.8547
3 -2.585680  7.594150 11.8335
3  3.957570  7.861210 11.7493
3  5.049050  6.931540 11.7794
3 -0.012648  8.309180 11.7239
3  1.417420  8.418580 11.7339
3 -6.815420  1.478940 13.3547
3 -7.106220  0.937208 14.9321
2 -2.688380  1.024160 13.9874
2 -1.779060  1.365410 13.0057
2  3.345110  0.874246 14.2108
2  2.683680  1.547450 13.1020
3  7.178130  1.258440 13.3624
3 -6.300230  2.824090 13.3454
3 -6.129570  3.447690 14.8806
2 -1.272650  2.682300 12.7574
2 -1.673830  3.746560 13.6169
2  1.053890  3.408030 12.6583
2  2.372900  2.886500 13.1051
2  2.853440  3.623940 14.2622
3  6.788830  2.682940 13.3653
3 -5.096340  5.179290 13.3781
2 -0.632672  4.686220 14.1168
2  0.685234  4.455860 13.6094
3  6.128730  5.188850 13.3712
3 -4.229430  6.371420 13.3583
3 -3.836820  6.781110 14.9523
3 -2.599900  7.644010 15.0061
3 -2.033000  7.934290 13.4234
3 -0.616525  8.222750 13.3311
3  3.452030  8.149160 13.3328
3  5.345020  6.434740 13.3412
3  2.019430  8.447640 13.3178
3 -6.707600  1.419020 16.4999
2 -3.120100  2.096240 14.8869
2 -3.218320  1.557600 16.2288
2  3.764180  1.074960 16.6329
2  3.789650  1.600020 15.3101
3  7.129910  0.670609 14.9719
3  7.246540  1.232230 16.4929
3 -6.419270  2.895070 16.4798
2 -2.526070  3.367440 14.7332
2 -2.101940  4.121700 15.8978
2  3.515590  3.039620 15.3399
2  3.312610  3.365270 16.7391
3  6.960380  2.705740 16.4705
3  6.803890  3.267020 14.9165
3 -5.459910  4.735870 14.8866
3 -5.226100  5.246740 16.5001
3 -4.232120  6.336450 16.4937
2 -0.883626  4.883170 15.5197
2  1.568680  4.833610 15.9314
2  1.813820  4.570370 14.5713
3  6.129190  5.215380 16.4535
3  6.385620  4.675070 14.9451
3 -2.032470  7.882850 16.5271
3 -0.658281  8.210950 16.4952
3  3.378870  8.216320 16.5305
3  3.847970  7.922900 14.9091
3  5.343080  6.472800 16.4749
3  4.846510  6.867530 14.9100
3 -0.082841  8.305040 14.9109
3  1.402520  8.516730 14.8941
3  1.965670  8.435130 16.5133
3 -6.988660  0.872274 18.0532
2 -2.831300  2.292150 17.3635
2 -2.005850  1.641990 18.3893
2  2.560140  1.887200 18.6699
2  3.422670  2.147180 17.5437
3  7.171100  0.699855 18.0653
3 -6.076750  3.316790 18.0864
2 -2.264220  3.685680 17.2147
2 -1.127530  3.834190 18.0876
2  0.030771  4.533790 17.7478
2  1.347700  4.011640 18.1578
2  2.256820  4.201410 17.0186
3  6.894850  3.257840 18.0017
3 -5.467010  4.689260 18.0813
2  0.159550  4.988640 16.4024
3  6.426590  4.621910 18.0062
3 -2.670550  7.658810 18.0804
3 -3.866430  6.828000 18.0751
3 -0.014656  8.222060 18.0870
3  1.376010  8.555850 18.0773
3  3.846940  7.878450 18.1171
3  4.897350  6.888290 18.0690
3 -6.885610  1.428130 19.5849
2 -0.966988  2.583740 18.7988
2  0.273020  2.114250 19.2030
3  7.147730  1.267800 19.6083
3 -6.378090  2.808710 19.6339
2  1.470930  2.882690 18.9206
3  7.118210  2.745320 19.5766
3 -5.087170  5.180510 19.6681
3  6.175390  5.143050 19.6307
3 -4.208880  6.303380 19.6694
3 -2.072130  7.907030 19.6271
3 -0.717193  8.314040 19.6293
3  1.877940  8.552080 19.6877
3  3.352760  8.201630 19.6630
3  5.293680  6.394090 19.6388
3 -7.086500  0.932755 21.2134
3 -6.915340  1.499040 22.7958
1 -2.380680  0.883014 23.1587
1 -1.072630  1.402480 23.2831
3  7.161380  1.388460 22.8216
3  7.139760  0.733979 21.2432
3 -6.330060  2.815110 22.8260
3 -5.969900  3.308670 21.2268
3  7.132350  2.812000 22.7601
3  7.012220  3.347850 21.1550
3 -5.351080  4.636700 21.2315
3 -5.099290  5.182340 22.8079
3  6.324380  5.316500 22.7175
3  6.455300  4.734900 21.1277
3 -4.253610  6.401550 22.8347
3 -3.806550  6.804960 21.2382
3 -2.638910  7.647360 21.2270
3 -2.086800  7.892340 22.8218
3 -0.707138  8.371520 22.7999
3 -0.094376  8.402670 21.2031
3  3.345190  8.224700 22.8179
3  3.858250  7.868150 21.2442
3  5.436940  6.486430 22.7296
3  5.014600  6.973800 21.2097
3  1.368990  8.630630 21.2096
3  1.885000  8.633100 22.8514
3 -7.151640  1.036080 24.4033
1 -3.227370  0.966485 24.2545
1 -2.827160  1.607290 25.4698
1 -0.610892  2.113370 24.4556
1  0.733234  1.802760 24.9555
1  1.581320  0.917764 24.2899
3  7.120270  0.782182 24.3959
3 -5.978420  3.293660 24.4007
1 -1.526040  2.078840 25.5697
3  7.023560  3.393490 24.3143
3 -5.405850  4.607680 24.3625
3  6.457780  4.797180 24.3222
3 -3.734970  6.641260 24.3998
3 -2.594720  7.595490 24.4210
3 -0.102275  8.440650 24.3683
3  3.831410  7.858450 24.3549
3  5.023640  6.890590 24.3247
3  1.329800  8.658780 24.4013
3 -7.002150  1.553940 26.0384
1 -4.125610 -0.260920 26.0115
3  7.099910  1.357620 25.9002
3 -6.242890  2.831340 26.0297
3  7.079370  2.833000 25.9177
3 -5.147100  5.113300 25.9816
3  6.277640  5.389300 25.9286
3 -4.072480  6.196480 25.9838
3 -2.084470  7.968290 26.0056
3 -0.709603  8.317330 25.9602
3  1.893190  8.447580 25.9807
3  3.329740  8.139100 25.9369
3  5.370510  6.542470 25.9281