# Fix print output for fix Step
0 0 0.738322130456871
0.000495000000000006 0.00552143156400007 1.32042838112256
0.000995000000000074 0.0110986351640008 -0.139111452363273
0.00149500000000001 0.0166758387640002 1.52215481112772
0.00199499999999996 0.0222530423639995 -0.0161422231398536
0.00249500000000002 0.0278302459640003 1.76291370358625
0.00299500000000009 0.033407449564001 1.68954529012038
0.0034949999999999 0.0389846531639989 3.02572094958077
0.00399499999999997 0.0445618567639997 4.42035394435106
0.00449500000000004 0.0501390603640004 3.13202910964784
0.00499500000000011 0.0557162639640012 3.73552092314364
0.00549499999999992 0.0612934675639991 2.07162837197584
0.00599499999999999 0.0668706711639999 3.19221561816587
0.00649500000000006 0.0724478747640006 2.29873346406161
0.00699500000000012 0.0780250783640014 3.11134555329958
0.00749499999999994 0.0836022819639993 3.61276987120036
0.00799500000000001 0.0891794855640001 3.49956928041748
0.00849500000000007 0.0947566891640008 4.67007076632618
0.00899500000000001 0.100333892764 4.45647589354107
0.00949499999999995 0.105911096363999 5.1024604980965
0.00999500000000002 0.111488299964 5.17547247278271
0.0104950000000001 0.117065503564001 5.42838127834538
0.0109949999999999 0.122642707163999 5.90746973908787
0.011495 0.128219910764 5.92704257469103
0.011995 0.133797114364 6.20218093635201
0.0124950000000001 0.139374317964001 6.16232627626152
0.0129949999999999 0.144951521563999 6.41969694475016
0.013495 0.150528725164 6.63861383011559
0.0139950000000001 0.156105928764001 6.87646168055931
0.0144950000000001 0.161683132364001 7.40681273125079
0.0149949999999999 0.167260335963999 7.15901903800024
0.015495 0.172837539564 7.36394313325393
0.0159950000000001 0.178414743164001 7.60945078941667
0.016495 0.183991946764 8.16798896343095
0.016995 0.189569150363999 8.49472558019431
0.017495 0.195146353964 8.04557141911423
0.0179950000000001 0.200723557564001 8.70141767067286
0.0184949999999999 0.206300761163999 8.57249279987252
0.018995 0.211877964764 9.18857458838538
0.019495 0.217455168364 8.8014340569565
0.0199950000000001 0.223032371964001 8.83647964002699
0.0204949999999999 0.228609575563999 9.74969173262539
0.020995 0.234186779164 9.75990229674597
0.0214950000000001 0.239763982764001 9.83348944456871
0.0219950000000001 0.245341186364001 10.0986247329198
0.0224949999999999 0.250918389963999 10.2394043493945
0.022995 0.256495593564 10.6503188403181
0.0234950000000001 0.262072797164001 10.7094138222681
0.023995 0.267650000764 10.8650678258802
0.024495 0.273227204363999 10.8378584807236
0.024995 0.278804407964 11.1619325635697
0.0254950000000001 0.284381611564001 11.4230790092999
0.0259949999999999 0.289958815163999 11.4762313241714
0.026495 0.295536018764 11.7648104711295
0.026995 0.301113222364 12.3369048860112
0.0274950000000001 0.306690425964001 12.5215941440433
0.0279949999999999 0.312267629563999 12.5651157863165
0.028495 0.317844833164 12.5077084133542
0.0289950000000001 0.323422036764001 13.1138736721097
0.0294950000000001 0.328999240364001 13.2049327353325
0.0299949999999999 0.334576443963999 13.3385551440097
0.030495 0.340153647564 13.1742605115186
0.0309950000000001 0.345730851164001 13.7423012701128
0.031495 0.351308054764 13.7641293795134
0.031995 0.356885258363999 13.6924378125262
0.032495 0.362462461964 14.1308722972644
0.0329950000000001 0.368039665564001 14.1805292329922
0.0334949999999999 0.373616869163999 14.605870520294
0.033995 0.379194072764 14.694828889838
0.034495 0.384771276364 15.2820129526951
0.0349950000000001 0.390348479964001 15.0806825090198
0.0354949999999999 0.395925683563999 15.4330272383107
0.035995 0.401502887164 15.6648745771524
0.0364950000000001 0.407080090764001 15.7180139339378
0.0369950000000001 0.412657294364001 15.993309392633
0.0374949999999999 0.418234497963999 16.1962562358316
0.037995 0.423811701564 16.3908643232369
0.0384950000000001 0.429388905164001 16.608598568777
0.038995 0.434966108764 16.6074999350355
0.039495 0.440543312363999 16.7784275298153
0.039995 0.446120515964 16.9576691599076
0.0404950000000001 0.451697719564001 17.4175166814747
0.0409949999999999 0.457274923163999 17.4440971229921
0.041495 0.462852126764 17.5134526027219
0.041995 0.468429330364 17.8594867692283
0.0424950000000001 0.474006533964001 17.8940761096967
0.0429949999999999 0.479583737563999 17.9959985946433
0.043495 0.485160941164 18.5873448938574
0.0439950000000001 0.490738144764001 18.7145577665132
0.0444950000000001 0.496315348364001 19.0810675326413
0.0449949999999999 0.501892551963999 18.9921311815006
0.045495 0.507469755564 19.3827023535699
0.0459950000000001 0.513046959164001 19.4032759103129
0.046495 0.518624162764 19.6816713621373
0.046995 0.524201366363999 19.9694709386326
0.047495 0.529778569964 19.8620730693759
0.0479950000000001 0.535355773564001 20.1430885724901
0.048495 0.540932977164 20.1669110037655
0.048995 0.546510180764 20.461922299234
0.049495 0.552087384364 20.6751079758018
0.0499950000000001 0.557664587964001 20.8549451817707
0.0504949999999999 0.563241791563999 20.7949559766785
0.050995 0.568818995164 21.3342578838136
0.0514950000000001 0.574396198764001 21.5495788556749
0.0519950000000001 0.579973402364001 21.5467071254331
0.0524949999999999 0.585550605963999 21.7852831790701
0.052995 0.591127809564 21.8999516920044
0.0534950000000001 0.596705013164001 22.219846407644
0.053995 0.602282216764 22.4033727771981
0.054495 0.607859420363999 22.5848785845012
0.054995 0.613436623964 22.8388648308687
0.0554950000000001 0.619013827564001 23.1393068157039
0.055995 0.624591031164 23.3139863990861
0.056495 0.630168234764 23.3273560238024
0.056995 0.635745438364 23.6734544806337
0.0574950000000001 0.641322641964001 23.7445110627558
0.0579949999999999 0.646899845563999 23.9582095891517
0.058495 0.652477049164 24.1055017799843
0.0589950000000001 0.658054252764001 24.4266751427203
0.0594950000000001 0.663631456364001 24.4837599566
0.0599949999999999 0.669208659963999 24.7015120339988
0.060495 0.674785863564 24.870769577441
0.0609950000000001 0.680363067164001 25.0692639638857
0.061495 0.685940270764 25.1666305543378
0.061995 0.691517474363999 25.2515231702163
0.062495 0.697094677964 25.5633208601189
0.0629950000000001 0.702671881564001 25.742903217217
0.0634949999999999 0.708249085163999 26.2019698877419
0.063995 0.713826288764 26.0896112107786
0.064495 0.719403492364 26.3406790212207
0.0649950000000001 0.724980695964001 26.4015275632729
0.0654949999999999 0.730557899563999 26.4993962250977
0.065995 0.736135103164 26.8289642127491
0.0664950000000001 0.741712306764001 26.8585477578867
0.0669950000000001 0.747289510364001 27.1925239626515
0.0674949999999999 0.752866713963999 27.024798767713
0.067995 0.758443917564 27.5168337964423
0.0684950000000001 0.764021121164001 27.8140430981391
0.068995 0.769598324764 27.9684185673855
0.0694949999999999 0.775175528363999 28.0404889952862
0.069995 0.780752731964 28.1181258820626
0.0704950000000001 0.786329935564001 28.5253208225499
0.0709949999999999 0.791907139163999 28.7681399805374
0.071495 0.797484342764 28.957400087664
0.071995 0.803061546364 28.9673415263244
0.0724950000000001 0.808638749964001 29.1233624699746
0.0729949999999999 0.814215953563999 29.5407444670784
0.073495 0.819793157164 29.7245887386676
0.073995 0.825370360764001 29.676953335397
0.0744950000000001 0.830947564364001 29.7957913319914
0.0749949999999999 0.836524767963999 30.086933813416
0.075495 0.842101971564 30.3395882555775
0.0759950000000001 0.847679175164001 30.4388397379738
0.076495 0.853256378764 30.5064912231281
0.076995 0.858833582363999 30.8397089410268
0.077495 0.864410785964 31.0083057399269
0.0779950000000001 0.869987989564001 31.2821546435548
0.0784949999999999 0.875565193163999 31.3903630296712
0.078995 0.881142396764 31.5048278984337
0.079495 0.886719600364 31.9605990018871
0.0799950000000001 0.892296803964001 32.1725478122296
0.0804949999999999 0.897874007563999 32.1893140937068
0.080995 0.903451211164 32.3860313981823
0.0814950000000001 0.909028414764001 32.3999525032407
0.0819950000000001 0.914605618364001 32.6368946146439
0.0824949999999999 0.920182821963999 32.7434429746167
0.082995 0.925760025564 33.0513021203423
0.0834950000000001 0.931337229164001 33.1777448163121
0.083995 0.936914432764 33.4166615691209
0.0844949999999999 0.942491636363999 33.8759804373576
0.084995 0.948068839964 33.9870111634474
0.0854950000000001 0.953646043564001 34.1893417966278
0.0859949999999999 0.959223247163999 34.0026708441
0.086495 0.964800450764 34.2608158901867
0.086995 0.970377654364 34.5388876066203
0.0874950000000001 0.975954857964001 34.7862528381139
0.0879949999999999 0.981532061563999 35.0625017182833
0.088495 0.987109265164 35.1029734923254
0.088995 0.992686468764001 35.3615187662538
0.0894950000000001 0.998263672364001 35.5692458811351
0.0899949999999999 1.003840875964 35.9536773100572
0.090495 1.009418079564 36.0105264586961
0.0909950000000001 1.014995283164 35.9994454181471
0.0914950000000001 1.020572486764 36.3165680795026
0.091995 1.026149690364 36.4959366946049
0.092495 1.031726893964 36.585828607287
0.0929950000000001 1.037304097564 36.7747058361763
0.0934949999999999 1.042881301164 37.0623749382277
0.093995 1.048458504764 37.423640221773
0.094495 1.054035708364 37.4847258870878
0.0949950000000001 1.059612911964 37.5663901057247
0.0954949999999999 1.065190115564 37.6805323060475
0.095995 1.070767319164 37.9583838604254
0.0964950000000001 1.076344522764 38.2647280411482
0.0969950000000001 1.081921726364 38.4242723056805
0.0974949999999999 1.087498929964 38.7014057124334
0.097995 1.093076133564 38.8889129334273
0.0984950000000001 1.098653337164 38.8759447819284
0.098995 1.104230540764 39.2241665157817
0.0994949999999999 1.109807744364 39.3518869538191
0.099995 1.115384947964 39.7723714087014
0.100495 1.120962151564 39.6811020234915
0.100995 1.126539355164 39.8990715279434
0.101495 1.132116558764 40.2950468242293
0.101995 1.137693762364 40.4482733592945
0.102495 1.143270965964 40.6337715149455
0.102995 1.148848169564 40.5599499584812
0.103495 1.154425373164 40.9762102087039
0.103995 1.160002576764 41.2622812460472
0.104495 1.165579780364 41.273339114496
0.104995 1.171156983964 41.2814794471719
0.105495 1.176734187564 41.4603356618078
0.105995 1.182311391164 42.0178561417957
0.106495 1.187888594764 42.1376956455895
0.106995 1.193465798364 42.1898989488774
0.107495 1.199043001964 42.4597349590512
0.107995 1.204620205564 42.5882758674135
0.108495 1.210197409164 42.7526483427741
0.108995 1.215774612764 42.9824357381818
0.109495 1.221351816364 42.9019105089495
0.109995 1.226929019964 43.4530506926951
0.110495 1.232506223564 43.4467123668328
0.110995 1.238083427164 43.3949592565293
0.111495 1.243660630764 43.821643583897
0.111995 1.249237834364 44.1342905252612
0.112495 1.254815037964 44.4156959583827
0.112995 1.260392241564 44.2416517846234
0.113495 1.265969445164 44.4255958153476
0.113995 1.271546648764 44.7907143321724
0.114495 1.277123852364 44.79424911698
0.114995 1.282701055964 45.1315130107549
0.115495 1.288278259564 45.1279914574153
0.115995 1.293855463164 45.3446622206923
0.116495 1.299432666764 45.3529502314191
0.116995 1.305009870364 45.5971601504945
0.117495 1.310587073964 45.9307088400458
0.117995 1.316164277564 45.8944381448199
0.118495 1.321741481164 46.2388307168683
0.118995 1.327318684764 46.3051093055225
0.119495 1.332895888364 46.6884386710031
0.119995 1.338473091964 46.7259776641098
0.120495 1.344050295564 46.7331525408991
0.120995 1.349627499164 47.136347768066
0.121495 1.355204702764 47.144890851112
0.121995 1.360781906364 47.2595839044234
0.122495 1.366359109964 47.5155188658481
0.122995 1.371936313564 47.6638823754968
0.123495 1.377513517164 47.7123584608198
0.123995 1.383090720764 48.0568524572155
0.124495 1.388667924364 48.2536550840519
0.124995 1.394245127964 48.3277820746933
0.125495 1.399822331564 48.4249128161966
0.125995 1.405399535164 48.7025019753155
0.126495 1.410976738764 48.8212937219819
0.126995 1.416553942364 48.909299491559
0.127495 1.422131145964 49.1087491626388
0.127995 1.427708349564 49.0709336996241
0.128495 1.433285553164 49.4947625677357
0.128995 1.438862756764 49.41297248758
0.129495 1.444439960364 49.4969724038583
0.129995 1.450017163964 49.8939193480386
0.130495 1.455594367564 49.984595151879
0.130995 1.461171571164 50.3277170563684
0.131495 1.466748774764 49.9730004064099
0.131995 1.472325978364 50.400614699663
0.132495 1.477903181964 50.727228306193
0.132995 1.483480385564 50.6202338952162
0.133495 1.489057589164 50.6525362778653
0.133995 1.494634792764 51.0953809966427
0.134495 1.500211996364 51.0348326654474
0.134995 1.505789199964 51.3310075591087
0.135495 1.511366403564 51.4337283127437
0.135995 1.516943607164 51.7215512331086
0.136495 1.522520810764 51.9278684868971
0.136995 1.528098014364 51.8331890859675
0.137495 1.533675217964 51.9661427441495
0.137995 1.539252421564 52.1634354354862
0.138495 1.544829625164 52.4449846043119
0.138995 1.550406828764 52.4647033005428
0.139495 1.555984032364 52.7422206198525
0.139995 1.561561235964 52.7483465776635
0.140495 1.567138439564 53.2028105059371
0.140995 1.572715643164 53.2143206058366
0.141495 1.578292846764 53.177405476686
0.141995 1.583870050364 53.5587248501813
0.142495 1.589447253964 53.6718259457339
0.142995 1.595024457564 53.7560883016819
0.143495 1.600601661164 53.8100963816382
0.143995 1.606178864764 54.0565893864368
0.144495 1.611756068364 54.1272148982919
0.144995 1.617333271964 54.2898046516593
0.145495 1.622910475564 54.2639243897741
0.145995 1.628487679164 54.652882434194
0.146495 1.634064882764 54.8060691994112
0.146995 1.639642086364 55.1459539328701
0.147495 1.645219289964 55.1914222085516
0.147995 1.650796493564 55.2863490410073
0.148495 1.656373697164 55.3549718861925
0.148995 1.661950900764 55.6019533097792
0.149495 1.667528104364 55.6564553999759
0.149995 1.673105307964 55.6940399746353
0.150495 1.678682511564 55.9748938547086
0.150995 1.684259715164 56.0916768666477
0.151495 1.689836918764 56.3497630938159
0.151995 1.695414122364 56.2133697060075
0.152495 1.700991325964 56.542972642154
0.152995 1.706568529564 56.576637040981
0.153495 1.712145733164 56.8227625344585
0.153995 1.717722936764 57.0510138496197
0.154495 1.723300140364 57.0924406176767
0.154995 1.728877343964 57.2406339603987
0.155495 1.734454547564 57.3036764702453
0.155995 1.740031751164 57.4029523946262
0.156495 1.745608954764 57.6120411416071
0.156995 1.751186158364 57.7431272459751
0.157495 1.756763361964 57.9783750499433
0.157995 1.762340565564 57.9589631799273
0.158495 1.767917769164 58.1488521457526
0.158995 1.773494972764 58.2363192607882
0.159495 1.779072176364 58.5677084090559
0.159995 1.784649379964 58.3333809058499
0.160495 1.790226583564 58.4855990273222
0.160995 1.795803787164 58.8105789257931
0.161495 1.801380990764 59.0196971130496
0.161995 1.806958194364 58.9750108590196
0.162495 1.812535397964 58.9772775611495
0.162995 1.818112601564 59.4103723117605
0.163495 1.823689805164 59.3679981688959
0.163995 1.829267008764 59.910313150576
0.164495 1.834844212364 59.6554191623129
0.164995 1.840421415964 59.9229824114822
0.165495 1.845998619564 59.9529330706629
0.165995 1.851575823164 60.141366627606
0.166495 1.857153026764 60.2969446547409
0.166995 1.862730230364 60.2611328416744
0.167495 1.868307433964 60.5509601470282
0.167995 1.873884637564 60.3729328826442
0.168495 1.879461841164 60.8252986335158
0.168995 1.885039044764 60.9035962529333
0.169495 1.890616248364 61.2457854821446
0.169995 1.896193451964 61.0291303193151
0.170495 1.901770655564 61.3042994204195
0.170995 1.907347859164 61.4190152115979
0.171495 1.912925062764 61.6400876971194
0.171995 1.918502266364 61.7096855692422
0.172495 1.924079469964 61.6264248809503
0.172995 1.929656673564 62.0488652848937
0.173495 1.935233877164 62.0568945070207
0.173995 1.940811080764 62.1197740163214
0.174495 1.946388284364 62.1572444117433
0.174995 1.951965487964 62.5799626912727
0.175495 1.957542691564 62.6958691357805
0.175995 1.963119895164 62.5377798112044
0.176495 1.968697098764 62.6823934634952
0.176995 1.974274302364 62.7699754310125
0.177495 1.979851505964 63.2099163781013
0.177995 1.985428709564 63.306346323154
0.178495 1.991005913164 62.9841856937632
0.178995 1.996583116764 63.5467002292669
0.179495 2.002160320364 63.6122874728275
0.179995 2.007737523964 63.7875212977322
0.180495 2.013314727564 63.6191501835121
0.180995 2.018891931164 63.8309262595847
0.181495 2.024469134764 64.0942194985676
0.181995 2.030046338364 64.2338220117398
0.182495 2.035623541964 64.2921556789891
0.182995 2.041200745564 64.4075352154577
0.183495 2.046777949164 64.8362464297491
0.183995 2.052355152764 64.6001059168161
0.184495 2.057932356364 64.8175322631635
0.184995 2.063509559964 64.7494489870718
0.185495 2.069086763564 65.1846206351323
0.185995 2.074663967164 65.1820250454297
0.186495 2.080241170764 65.3356790971037
0.186995 2.085818374364 65.4201502118073
0.187495 2.091395577964 65.4882529412842
0.187995 2.096972781564 65.6306724740978
0.188495 2.102549985164 65.7985361385166
0.188995 2.108127188764 65.9271021309781
0.189495 2.113704392364 65.8423603289556
0.189995 2.119281595964 66.1218106302058
0.190495 2.124858799564 66.3201782635729
0.190995 2.130436003164 66.5727957039055
0.191495 2.136013206764 66.3867487107163
0.191995 2.141590410364 66.6042911512902
0.192495 2.147167613964 66.8290518771827
0.192995 2.152744817564 67.1407713779678
0.193495 2.158322021164 66.9762694371014
0.193995 2.163899224764 67.1264423681476
0.194495 2.169476428364 67.2459324034967
0.194995 2.175053631964 67.4714073824157
0.195495 2.180630835564 67.768486337614
0.195995 2.186208039164 67.4175849950313
0.196495 2.191785242764 67.8556345914898
0.196995 2.197362446364 68.0832811473193
0.197495 2.202939649964 68.0613271313872
0.197995 2.208516853564 67.9538606092054
0.198495 2.214094057164 68.2292950544962
0.198995 2.219671260764 68.7572185075155
0.199495 2.225248464364 68.5687500537013
0.199995 2.230825667964 68.6481423355593
0.200495 2.236402871564 68.5127358984302
0.200995 2.241980075164 69.0181100258556
0.201495 2.247557278764 69.0570525652001
0.201995 2.253134482364 69.1443134676703
0.202495 2.258711685964 69.203392088543
0.202995 2.264288889564 69.1564710320365
0.203495 2.269866093164 69.5283503704118
0.203995 2.275443296764 69.4538100283317
0.204495 2.281020500364 69.6997348108351
0.204995 2.286597703964 69.7801918375139
0.205495 2.292174907564 70.0189182675301
0.205995 2.297752111164 69.9040626418715
0.206495 2.303329314764 70.221247504131
0.206995 2.308906518364 70.5086016559967
0.207495 2.314483721964 70.1908063901461
0.207995 2.320060925564 70.4544580787312
0.208495 2.325638129164 70.7365418672177
0.208995 2.331215332764 70.844163161141
0.209495 2.336792536364 70.9253754980623
0.209995 2.342369739964 70.9691645836943
0.210495 2.347946943564 71.3049030311338
0.210995 2.353524147164 71.3261407153957
0.211495 2.359101350764 71.4398074191056
0.211995 2.364678554364 71.5861673522063
0.212495 2.370255757964 71.7253107892258
0.212995 2.375832961564 71.7442946161051
0.213495 2.381410165164 72.0274355514002
0.213995 2.386987368764 72.1928753248282
0.214495 2.392564572364 72.0526041631434
0.214995 2.398141775964 72.4439217775794
0.215495 2.403718979564 72.2065259050419
0.215995 2.409296183164 72.4982519935821
0.216495 2.414873386764 72.4678802760565
0.216995 2.420450590364 72.7055859908852
0.217495 2.426027793964 72.9250791099916
0.217995 2.431604997564 73.1433795384499
0.218495 2.437182201164 73.1445999497996
0.218995 2.442759404764 73.035015270677
0.219495 2.448336608364 73.2297943731614
0.219995 2.453913811964 73.3914069598023
0.220495 2.459491015564 73.4999313485951
0.220995 2.465068219164 73.4119118412325
0.221495 2.470645422764 73.6966194373656
0.221995 2.476222626364 73.7606846539588
0.222495 2.481799829964 73.9839107951359
0.222995 2.487377033564 73.9147691686315
0.223495 2.492954237164 74.3128291012761
0.223995 2.498531440764 74.2475804839199
0.224495 2.504108644364 74.153757772299
0.224995 2.509685847964 74.5804438853984
0.225495 2.515263051564 74.6864734571342
0.225995 2.520840255164 74.7510503678182
0.226495 2.526417458764 74.6194575594842
0.226995 2.531994662364 75.3276813214504
0.227495 2.537571865964 75.424858293647
0.227995 2.543149069564 75.3408132678937
0.228495 2.548726273164 75.1012935240342
0.228995 2.554303476764 75.4533533159344
0.229495 2.559880680364 75.7719141545862
0.229995 2.565457883964 75.709215788885
0.230495 2.571035087564 75.9348117923779
0.230995 2.576612291164 76.02193014183
0.231495 2.582189494764 76.2184869542867
0.231995 2.587766698364 76.1584553671174
0.232495 2.593343901964 76.3131570701376
0.232995 2.598921105564 76.3859501245275
0.233495 2.604498309164 76.5259168384007
0.233995 2.610075512764 76.6563029007242
0.234495 2.615652716364 76.5315061055477
0.234995 2.621229919964 77.094043722753
0.235495 2.626807123564 77.19424805431
0.235995 2.632384327164 77.235997766359
0.236495 2.637961530764 77.5254334636105
0.236995 2.643538734364 77.5592141998115
0.237495 2.649115937964 77.5260112506511
0.237995 2.654693141564 77.6493375195965
0.238495 2.660270345164 78.067923459028
0.238995 2.665847548764 78.2741915449298
0.239495 2.671424752364 78.3794914388363
0.239995 2.677001955964 78.2245978361421
0.240495 2.682579159564 78.5552089664551
0.240995 2.688156363164 78.7465786576838
0.241495 2.693733566764 78.5199687917048
0.241995 2.699310770364 78.6816856029031
0.242495 2.704887973964 78.9318679109393
0.242995 2.710465177564 79.2617085186367
0.243495 2.716042381164 79.265539430082
0.243995 2.721619584764 78.8763655978212
0.244495 2.727196788364 79.3439401481863
0.244995 2.732773991964 80.0666600190403
0.245495 2.738351195564 79.6249718908693
0.245995 2.743928399164 79.7991367451895
0.246495 2.749505602764 79.7646704775999
0.246995 2.755082806364 80.2654666916422
0.247495 2.760660009964 80.2573410560803
0.247995 2.766237213564 80.0721946034045
0.248495 2.771814417164 80.4484531279257
0.248995 2.777391620764 80.9500704033594
0.249495 2.782968824364 80.9680481058698
0.249995 2.788546027964 80.6558195698955
0.250495 2.794123231564 81.2039059414082
0.250995 2.799700435164 81.2909436516589
0.251495 2.805277638764 81.4065165401971
0.251995 2.810854842364 81.1587920561724
0.252495 2.816432045964 81.8155494542262
0.252995 2.822009249564 81.891874540924
0.253495 2.827586453164 81.7878534210629
0.253995 2.833163656764 81.981664984334
0.254495 2.838740860364 81.9825700285632
0.254995 2.844318063964 81.9155193793194
0.255495 2.849895267564 82.2530203848089
0.255995 2.855472471164 82.5312991308621
0.256495 2.861049674764 82.7604988409859
0.256995 2.866626878364 82.735237216371
0.257495 2.872204081964 82.7904190405972
0.257995 2.877781285564 82.6380026245082
0.258495 2.883358489164 82.8395304582411
0.258995 2.888935692764 83.1946388000118
0.259495 2.894512896364 83.2246662564972
0.259995 2.900090099964 83.7125309164978
0.260495 2.905667303564 83.4936554584963
0.260995 2.911244507164 84.0056180927738
0.261495 2.916821710764 84.0240001548122
0.261995 2.922398914364 83.9587605378061
0.262495 2.927976117964 84.0717946394078
0.262995 2.933553321564 83.9367044702834
0.263495 2.939130525164 83.9449002375886
0.263995 2.944707728764 84.4220283899945
0.264495 2.950284932364 84.5711435219828
0.264995 2.955862135964 84.8796419806242
0.265495 2.961439339564 84.876049322967
0.265995 2.967016543164 84.8267116393475
0.266495 2.972593746764 84.9679839199176
0.266995 2.978170950364 85.1110412156141
0.267495 2.983748153964 85.9217544725136
0.267995 2.989325357564 85.4749721376505
0.268495 2.994902561164 85.7779987811183
0.268995 3.000479764764 85.6240640551248
0.269495 3.006056968364 86.0913808805748
0.269995 3.011634171964 86.5615295296819
0.270495 3.017211375564 86.2604989653745
0.270995 3.022788579164 86.8337681456677
0.271495 3.028365782764 86.2515753215564
0.271995 3.033942986364 86.9923204130161
0.272495 3.039520189964 86.8904357441376
0.272995 3.045097393564 87.3469824461723
0.273495 3.050674597164 87.2373460193623
0.273995 3.056251800764 87.3654445600557
0.274495 3.061829004364 87.6624722980142
0.274995 3.067406207964 87.5421985866991
0.275495 3.072983411564 87.7514311651099
0.275995 3.078560615164 87.2371374914583
0.276495 3.084137818764 88.0240777261178
0.276995 3.089715022364 88.177028877479
0.277495 3.095292225964 88.7660114958932
0.277995 3.100869429564 88.6447161536198
0.278495 3.106446633164 88.574038043354
0.278995 3.112023836764 88.6857041462349
0.279495 3.117601040364 89.0304341245275
0.279995 3.123178243964 89.4964678059601
0.280495 3.128755447564 89.5847783826146
0.280995 3.134332651164 89.8101558501558
0.281495 3.139909854764 89.0389319470553
0.281995 3.145487058364 90.2512258910094
0.282495 3.151064261964 90.4293712737338
0.282995 3.156641465564 90.0612353147793
0.283495 3.162218669164 90.6308874540154
0.283995 3.167795872764 90.708437671325
0.284495 3.173373076364 90.95525245092
0.284995 3.178950279964 91.1981916689355
0.285495 3.184527483564 91.4334003340176
0.285995 3.190104687164 91.1860015811201
0.286495 3.195681890764 91.0060026093763
0.286995 3.201259094364 90.7359940351427
0.287495 3.206836297964 92.1228825987971
0.287995 3.212413501564 92.4547934755112
0.288495 3.217990705164 92.2162691350072
0.288995 3.223567908764 91.6400553445568
0.289495 3.229145112364 92.4008154625519
0.289995 3.234722315964 92.9019891829735
0.290495 3.240299519564 92.5661804692598
0.290995 3.245876723164 92.7207795427035
0.291495 3.251453926764 93.3399381976786
0.291995 3.257031130364 94.1242490581801
0.292495 3.262608333964 93.2424809501766
0.292995 3.268185537564 94.0453069646143
0.293495 3.273762741164 93.9793749453246
0.293995 3.279339944764 94.624430567478
0.294495 3.284917148364 94.9508656921355
0.294995 3.290494351964 94.7196720638873
0.295495 3.296071555564 94.7875777881483
0.295995 3.301648759164 94.9693750182909
0.296495 3.307225962764 95.3044833112921
0.296995 3.312803166364 95.7298768509618
0.297495 3.318380369964 96.2767984370387
0.297995 3.323957573564 96.3518985340434
0.298495 3.329534777164 96.9002128362811
0.298995 3.335111980764 96.6786035724674
0.299495 3.340689184364 96.910524022654
0.299995 3.346266387964 97.2853772057557
0.300495 3.351843591564 96.5605828289034
0.300995 3.357420795164 97.1435105396576
0.301495 3.362997998764 98.0001528500799
0.301995 3.368575202364 97.9367038889647
0.302495 3.374152405964 98.6590451918878
0.302995 3.379729609564 98.5930493183313
0.303495 3.385306813164 99.0855022052977
0.303995 3.390884016764 98.8922613679466
0.304495 3.396461220364 99.2532669881664
0.304995 3.402038423964 100.010332534983
0.305495 3.407615627564 99.5451420533109
0.305995 3.413192831164 99.8318309338164
0.306495 3.418770034764 100.015012206801
0.306995 3.424347238364 100.908588478237
0.307495 3.429924441964 100.559223763813
0.307995 3.435501645564 100.911584781496
0.308495 3.441078849164 101.86897666673
0.308995 3.446656052764 102.110421998958
0.309495 3.452233256364 101.961526526815
0.309995 3.457810459964 102.756333848793
0.310495 3.463387663564 102.561927546058
0.310995 3.468964867164 103.129418882667
0.311495 3.474542070764 102.706134376586
0.311995 3.480119274364 102.746083636486
0.312495 3.485696477964 103.991319020619
0.312995 3.491273681564 103.828436891443
0.313495 3.496850885164 104.646966992793
0.313995 3.502428088764 104.445604175117
0.314495 3.508005292364 105.077726249562
0.314995 3.513582495964 105.530640245588
0.315495 3.519159699564 105.702479981128
0.315995 3.524736903164 105.402169692062
0.316495 3.530314106764 106.879558165295
0.316995 3.535891310364 106.764386209912
0.317495 3.541468513964 107.74020764994
0.317995 3.547045717564 107.681453933034
0.318495 3.552622921164 107.721324989101
0.318995 3.558200124764 108.920643200934
0.319495 3.563777328364 109.043837573654
0.319995 3.569354531964 109.57330598067
0.320495 3.574931735564 108.327233840725
0.320995 3.580508939164 109.391434643808
0.321495 3.586086142764 110.457644011506
0.321995 3.591663346364 110.785000277301
0.322495 3.597240549964 110.634848978656
0.322995 3.602817753564 110.36550700899
0.323495 3.608394957164 112.422776900759
0.323995 3.613972160764 111.757810901285
0.324495 3.619549364364 113.316522173633
0.324995 3.625126567964 112.689549011426
0.325495 3.630703771564 113.401147610127
0.325995 3.636280975164 114.126356512926
0.326495 3.641858178764 114.047668736243
0.326995 3.647435382364 114.832289928665
0.327495 3.653012585964 114.967351825451
0.327995 3.658589789564 115.005505867684
0.328495 3.664166993164 116.400794818219
0.328995 3.669744196764 115.871503518975
0.329495 3.675321400364 116.928046721389
0.329995 3.680898603964 117.296741530453
0.330495 3.686475807564 118.042006570711
0.330995 3.692053011164 117.596473136711
0.331495 3.697630214764 117.249389907349
0.331995 3.703207418364 118.985888362744
0.332495 3.708784621964 119.674208202351
0.332995 3.714361825564 119.671276350874
0.333495 3.719939029164 119.944697166447
0.333995 3.725516232764 120.565971766533
0.334495 3.731093436364 121.084710666836
0.334995 3.736670639964 121.594164443828
0.335495 3.742247843564 122.597933245966
0.335995 3.747825047164 122.444384647919
0.336495 3.753402250764 122.952327889176
0.336995 3.758979454364 123.979437236211
0.337495 3.764556657964 123.929117406211
0.337995 3.770133861564 123.968321973806
0.338495 3.775711065164 124.580822640817
0.338995 3.781288268764 124.668815061561
0.339495 3.786865472364 127.727537793861
0.339995 3.792442675964 124.746055308904
0.340495 3.798019879564 128.616404743003
0.340995 3.803597083164 127.024794395491
0.341495 3.809174286764 127.733272833688
0.341995 3.814751490364 128.604678155242
0.342495 3.820328693964 128.59465542766
0.342995 3.825905897564 130.450089333351
0.343495 3.831483101164 129.880400040092
0.343995 3.837060304764 130.533116143947
0.344495 3.842637508364 131.194833292833
0.344995 3.848214711964 131.412768954838
0.345495 3.853791915564 132.704008636205
0.345995 3.859369119164 131.952904509576
0.346495 3.864946322764 133.160264454647
0.346995 3.870523526364 133.971244717504
0.347495 3.876100729964 134.284610579657
0.347995 3.881677933564 134.800448454689
0.348495 3.887255137164 135.554851238383
0.348995 3.892832340764 136.013506091779
0.349495 3.898409544364 137.275701528062
0.349995 3.903986747964 136.744498691161
0.350495 3.909563951564 137.70859415002
0.350995 3.915141155164 138.752070404152
0.351495 3.920718358764 138.158734045529
0.351995 3.926295562364 139.955927081695
0.352495 3.931872765964 140.265179913716
0.352995 3.937449969564 140.745933432393
0.353495 3.943027173164 140.341256896561
0.353995 3.948604376764 141.185083266585
0.354495 3.954181580364 142.642483726924
0.354995 3.959758783964 142.230602791954
0.355495 3.965335987564 142.780445094512
0.355995 3.970913191164 144.145969238497
0.356495 3.976490394764 144.857847528038
0.356995 3.982067598364 145.477295123465
0.357495 3.987644801964 147.001292316825
0.357995 3.993222005564 146.849269733853
0.358495 3.998799209164 145.730175156945
0.358995 4.004376412764 147.746922870703
0.359495 4.009953616364 149.296806504451
0.359995 4.015530819964 148.949787052742
0.360495 4.021108023564 149.028548197688
0.360995 4.026685227164 149.562034615318
0.361495 4.032262430764 151.164205712167
0.361995 4.037839634364 151.765083742025
0.362495 4.043416837964 151.807351358474
0.362995 4.048994041564 153.334199566355
0.363495 4.054571245164 153.113145076067
0.363995 4.060148448764 154.276218692319
0.364495 4.065725652364 155.663202140953
0.364995 4.071302855964 155.581112186038
0.365495 4.076880059564 155.617021170452
0.365995 4.082457263164 156.959384188927
0.366495 4.088034466764 157.077079021923
0.366995 4.093611670364 158.580209715696
0.367495 4.099188873964 159.288963649479
0.367995 4.104766077564 159.906690037944
0.368495 4.110343281164 159.661129373171
0.368995 4.115920484764 160.976031692588
0.369495 4.121497688364 162.398599665166
0.369995 4.127074891964 162.735895579508
0.370495 4.132652095564 164.756328790953
0.370995 4.138229299164 163.362477365599
0.371495 4.143806502764 164.664546943574
0.371995 4.149383706364 164.984096730049
0.372495 4.154960909964 165.589807216323
0.372995 4.160538113564 167.661973879134
0.373495 4.166115317164 169.011517449508
0.373995 4.171692520764 167.770457786154
0.374495 4.177269724364 169.956515096779
0.374995 4.182846927964 169.84463596186
0.375495 4.188424131564 171.473443384837
0.375995 4.194001335164 171.872418219479
0.376495 4.199578538764 172.514589883323
0.376995 4.205155742364 174.041956271248
0.377495 4.210732945964 173.603719420618
0.377995 4.216310149564 174.406798490465
0.378495 4.221887353164 176.083909488163
0.378995 4.227464556764 176.530185639164
0.379495 4.233041760364 177.697387155191
0.379995 4.238618963964 177.977348687267
0.380495 4.244196167564 178.280884803747
0.380995 4.249773371164 181.270023709005
0.381495 4.255350574764 180.641907605642
0.381995 4.260927778364 183.672471501471
0.382495 4.266504981964 183.175647239347
0.382995 4.272082185564 183.269772095292
0.383495 4.277659389164 184.944730692837
0.383995 4.283236592764 185.24862379035
0.384495 4.288813796364 185.95804285729
0.384995 4.294390999964 187.380977530013
0.385495 4.299968203564 179.6147753941
0.385995 4.305545407164 156.365557372018
0.386495 4.311122610764 115.52315528279
0.386995 4.316699814364 75.2434259633479
0.387495 4.322277017964 55.3541940312989
0.387995 4.327854221564 43.2497549140974
0.388495 4.333431425164 31.1015595974927
0.388995 4.339008628764 21.4983486674477
0.389495 4.344585832364 8.36945721216004
0.389995 4.350163035964 -5.70566089142497
0.390495 4.355740239564 -18.5053313927682
0.390995 4.361317443164 -20.6756083708923
0.391495 4.366894646764 -12.9532663982448
0.391995 4.372471850364 -4.41962238404441
0.392495 4.378049053964 6.81240629086706
0.392995 4.383626257564 12.0176371566462
0.393495 4.389203461164 13.9501996969559
0.393995 4.394780664764 12.192960624592
0.394495 4.400357868364 6.4004399457834
0.394995 4.405935071964 -0.879557490867731
0.395495 4.411512275564 -7.69917765801059
0.395995 4.417089479164 -11.5501737880084
0.396495 4.422666682764 -9.53296463762138
0.396995 4.428243886364 -4.72287953573779
0.397495 4.433821089964 0.318881957626012
0.397995 4.439398293564 4.33307138053733
0.398495 4.444975497164 6.61067843007628
0.398995 4.450552700764 6.39859013533158
0.399495 4.456129904364 4.79184689949659
0.399995 4.461707107964 1.32897012589812
0.400495 4.467284311564 -2.16016124404858
0.400995 4.472861515164 -5.56780237454064
0.401495 4.478438718764 -6.08137923384988
0.401995 4.484015922364 -4.33999250559584
0.402495 4.489593125964 -1.25390471821025
0.402995 4.495170329564 1.59740205188603
0.403495 4.500747533164 4.23892612687593
0.403995 4.506324736764 4.96754564577942
0.404495 4.511901940364 4.81648965907408
0.404995 4.517479143964 2.09179860513779
0.405495 4.523056347564 -0.977038584676865
0.405995 4.528633551164 -3.27056142413132
0.406495 4.534210754764 -4.95040859132603
0.406995 4.539787958364 -4.79505688559107
0.407495 4.545365161964 -2.76979204745912
0.407995 4.550942365564 -0.0981786226800862
0.408495 4.556519569164 2.29601522658897
0.408995 4.562096772764 2.9204053935433
0.409495 4.567673976364 3.725341130174
0.409995 4.573251179964 3.23415246951638
0.410495 4.578828383564 1.22688673568057
0.410995 4.584405587164 -0.707581397435645
0.411495 4.589982790764 -2.96804562132353
0.411995 4.595559994364 -3.21790810462352
0.412495 4.601137197964 -2.62494390640599
0.412995 4.606714401564 -1.25812729689008
0.413495 4.612291605164 0.462901123447491
0.413995 4.617868808764 2.53764000309488
0.414495 4.623446012364 3.18970277285364
0.414995 4.629023215964 2.56769741253289
0.415495 4.634600419564 1.57624231835664
0.415995 4.640177623164 0.472566111368189
0.416495 4.645754826764 -1.57246335670359
0.416995 4.651332030364 -2.78723547717823
0.417495 4.656909233964 -2.75999113539495
0.417995 4.662486437564 -1.68967105662127
0.418495 4.668063641164 -0.177250331251425
0.418995 4.673640844764 1.30431790341947
0.419495 4.679218048364 2.88202804670481
0.419995 4.684795251964 2.12191825342004
0.420495 4.690372455564 1.92193301949136
0.420995 4.695949659164 0.358963117161659
0.421495 4.701526862764 -0.965081997226932
0.421995 4.707104066364 -2.56262900013439
0.422495 4.712681269964 -2.60936800906563
0.422995 4.718258473564 -2.43639134844579
0.423495 4.723835677164 -0.792273882933481
0.423995 4.729412880764 0.292396455509142
0.424495 4.734990084364 2.34751237338736
0.424995 4.740567287964 2.5663280400379
0.425495 4.746144491564 2.36936563601005
0.425995 4.751721695164 1.24671604321696
0.426495 4.757298898764 -0.314296965012562
0.426995 4.762876102364 -1.84852299496147
0.427495 4.768453305964 -3.03231784953137
0.427995 4.774030509564 -3.04403446779365
0.428495 4.779607713164 -1.47005160530548
0.428995 4.785184916764 -0.348506763666996
0.429495 4.790762120364 1.22479829990273
0.429995 4.796339323964 1.96085339311305
0.430495 4.801916527564 2.68236317757776
0.430995 4.807493731164 1.44205071326769
0.431495 4.813070934764 0.310540389427856
0.431995 4.818648138364 -1.0262261863891
0.432495 4.824225341964 -1.95724870045911
0.432995 4.829802545564 -2.49609203098077
0.433495 4.835379749164 -1.85079328379776
0.433995 4.840956952764 -0.665708565249377
0.434495 4.846534156364 0.621743974317494
0.434995 4.852111359964 2.0078890096302
0.435495 4.857688563564 2.42877915549784
0.435995 4.863265767164 2.47726541375253
0.436495 4.868842970764 1.01280681617755
0.436995 4.874420174364 -0.485532785624652
0.437495 4.879997377964 -1.69812685626328
0.437995 4.885574581564 -2.63259581671894
0.438495 4.891151785164 -2.44392394050935
0.438995 4.896728988764 -1.51755495790437
0.439495 4.902306192364 -0.0934088791281742
0.439995 4.907883395964 1.46815036576763
0.440495 4.913460599564 2.23438475903194
0.440995 4.919037803164 2.82375225620802
0.441495 4.924615006764 1.72549790158817
0.441995 4.930192210364 1.19241589427426
0.442495 4.935769413964 -0.324047116607568
0.442995 4.941346617564 -1.33859447280233
0.443495 4.946923821164 -2.04462466131742
0.443995 4.952501024764 -1.49948500489775
0.444495 4.958078228364 -1.20544027311183
0.444995 4.963655431964 0.222089008680752
0.445495 4.969232635564 1.15470007646212
0.445995 4.974809839164 1.91456709537427
0.446495 4.980387042764 1.69622593982039
0.446995 4.985964246364 1.33100857839061
0.447495 4.991541449964 0.281989301629628
0.447995 4.997118653564 -0.938579506858596
0.448495 5.002695857164 -1.52637082887756
0.448995 5.008273060764 -1.9158562192722
0.449495 5.013850264364 -1.45031743066446
0.449995 5.019427467964 -1.01257369768236
0.450495 5.025004671564 0.246124664371923
0.450995 5.030581875164 1.23739393293985
0.451495 5.036159078764 1.24599009173257
0.451995 5.041736282364 1.0895000161023
0.452495 5.047313485964 0.199719751925029
0.452995 5.052890689564 -0.321524580724084
0.453495 5.058467893164 -0.780278548444279
0.453995 5.064045096764 -1.5427852520575
0.454495 5.069622300364 -1.59012454635167
0.454995 5.075199503964 -0.644747675260055
0.455495 5.080776707564 0.0459365773024542
0.455995 5.086353911164 0.890587186046258
0.456495 5.091931114764 1.29235298801174
0.456995 5.097508318364 1.79865522281484
0.457495 5.103085521964 1.07584820547096
0.457995 5.108662725564 -0.0300991349471309
0.458495 5.114239929164 -0.59235870469229
0.458995 5.119817132764 -1.43447138193451
0.459495 5.125394336364 -1.32510481968833
0.459995 5.130971539964 -1.56123869426406
0.460495 5.136548743564 -0.602746605554731
0.460995 5.142125947164 -0.195176105516878
0.461495 5.147703150764 1.07414240267433
0.461995 5.153280354364 1.1005248013317
0.462495 5.158857557964 1.61724594113134
0.462995 5.164434761564 1.11921004755124
0.463495 5.170011965164 0.0198263141009053
0.463995 5.175589168764 -0.0499087196463825
0.464495 5.181166372364 -1.10637693306151
0.464995 5.186743575964 -1.0199175120808
0.465495 5.192320779564 -1.00868930561213
0.465995 5.197897983164 -0.148268358413358
0.466495 5.203475186764 0.628664647289287
0.466995 5.209052390364 0.525367007040849
0.467495 5.214629593964 1.31365107038762
0.467995 5.220206797564 0.815165126936821
0.468495 5.225784001164 0.173581869417884
0.468995 5.231361204764 -0.366191950149565
0.469495 5.236938408364 -1.12361938631218
0.469995 5.242515611964 -0.751797100744943
0.470495 5.248092815564 -0.846423952862235
0.470995 5.253670019164 -0.245073458232205
0.471495 5.259247222764 0.0035707434570879
0.471995 5.264824426364 0.731929035659007
0.472495 5.270401629964 1.36277309728166
0.472995 5.275978833564 0.883503078064886
0.473495 5.281556037164 0.768402629924068
0.473995 5.287133240764 0.0163274517755241
0.474495 5.292710444364 0.0788309050299087
0.474995 5.298287647964 -0.800916414435078
0.475495 5.303864851564 -0.790103493148081
0.475995 5.309442055164 -0.886931558723892
0.476495 5.315019258764 -0.151020197964095
0.476995 5.320596462364 -0.126443866143205
0.477495 5.326173665964 0.251109094509209
0.477995 5.331750869564 0.791666198576731
0.478495 5.337328073164 0.196903931409337
0.478995 5.342905276764 0.947572817994133
0.479495 5.348482480364 0.109186672710323
0.479995 5.354059683964 -0.179152846801826
0.480495 5.359636887564 -0.465027156887439
0.480995 5.365214091164 -0.886894354482237
0.481495 5.370791294764 -0.36334633844027
0.481995 5.376368498364 -0.437711323614544
0.482495 5.381945701964 0.342787519216755
0.482995 5.387522905564 0.817229181244238
0.483495 5.393100109164 0.688305468750745
0.483995 5.398677312764 0.500920359134429
0.484495 5.404254516364 0.200653040982541
0.484995 5.409831719964 -0.0808165083862475
0.485495 5.415408923564 -0.282336441137478
0.485995 5.420986127164 -0.726181359737419
0.486495 5.426563330764 -0.461962136559613
0.486995 5.432140534364 -0.149786557531484
0.487495 5.437717737964 -0.0123478527207462
0.487995 5.443294941564 0.408470105866264
0.488495 5.448872145164 0.377448871806514
0.488995 5.454449348764 0.64829560618812
0.489495 5.460026552364 0.332701790914225
0.489995 5.465603755964 -0.00688032982665055
0.490495 5.471180959564 -0.127643686920079
0.490995 5.476758163164 -0.665554818596205
0.491495 5.482335366764 -0.597322120130394
0.491995 5.487912570364 -0.20504796677826
0.492495 5.493489773964 -0.174877311126385
0.492995 5.499066977564 0.661122162838357
0.493495 5.504644181164 0.436468289400802
0.493995 5.510221384764 0.402595397042053
0.494495 5.515798588364 -0.176781957464538
0.494995 5.521375791964 -0.189624533336946
0.495495 5.526952995564 -0.668527443881071
0.495995 5.532530199164 -0.448380403797736
0.496495 5.538107402764 -0.562835560465685
0.496995 5.543684606364 -0.130783970737147
0.497495 5.549261809964 0.304966389218394
0.497995 5.554839013564 0.64597397088907
0.498495 5.560416217164 0.92084006572702
0.498995 5.565993420764 0.755242223156595
0.499495 5.571570624364 0.564862704439713
0.499995 5.577147827964 0.226477549642806
0.500495 5.582725031564 -0.343831610080387
0.500995 5.588302235164 -0.451165331257162
0.501495 5.593879438764 -0.938109492026795
0.501995 5.599456642364 -0.62398627594339
0.502495 5.605033845964 -0.406519882101824
0.502995 5.610611049564 0.591755864523418
0.503495 5.616188253164 0.784972596316497
0.503995 5.621765456764 0.982111141442876
0.504495 5.627342660364 0.593125349245849
0.504995 5.632919863964 0.570351191562123
0.505495 5.638497067564 -0.169425275135726
0.505995 5.644074271164 -0.316070724499743
0.506495 5.649651474764 -1.05912704687368
0.506995 5.655228678364 -0.657034627044434
0.507495 5.660805881964 -0.395599880885489
0.507995 5.666383085564 0.232055452926126
0.508495 5.671960289164 0.484833295570552
0.508995 5.677537492764 0.704549855151214
0.509495 5.683114696364 0.800567915443844
0.509995 5.688691899964 0.429535263773248
0.510495 5.694269103564 0.288641256269003
0.510995 5.699846307164 -0.552226395575807
0.511495 5.705423510764 -0.326428473350973
0.511995 5.711000714364 -0.817571570669158
0.512495 5.716577917964 -0.374824060867831
0.512995 5.722155121564 -0.336921926467598
0.513495 5.727732325164 -0.0229593066441004
0.513995 5.733309528764 0.268228309782081
0.514495 5.738886732364 0.0779657757227874
0.514995 5.744463935964 0.426747923521521
0.515495 5.750041139564 0.168974310587237
0.515995 5.755618343164 -0.381030229681091
0.516495 5.761195546764 -0.684327941789934
0.516995 5.766772750364 0.0949123384100429
0.517495 5.772349953964 -0.0319643545805888
0.517995 5.777927157564 -0.498380322232994
0.518495 5.783504361164 0.382559149698528
0.518995 5.789081564764 0.345127735730209
0.519495 5.794658768364 0.601895029006594
0.519995 5.800235971964 0.273188307887401
0.520495 5.805813175564 0.202866902106819
0.520995 5.811390379164 -0.209843883313331
0.521495 5.816967582764 -0.512419984502279
0.521995 5.822544786364 -0.521774675144878
0.522495 5.828121989964 -0.385298769350738
0.522995 5.833699193564 -0.0206077153253629
0.523495 5.839276397164 -0.149281962151084
0.523995 5.844853600764 0.484580494459272
0.524495 5.850430804364 0.213173402545021
0.524995 5.856008007964 0.436160903564703
0.525495 5.861585211564 0.298941627381886
0.525995 5.867162415164 -0.263164002541988
0.526495 5.872739618764 -0.0038437516834099
0.526995 5.878316822364 -0.780331925621052
0.527495 5.883894025964 -0.307225177170313
0.527995 5.889471229564 -0.223519746483906
0.528495 5.895048433164 0.524623610339224
0.528995 5.900625636764 0.258214852909979
0.529495 5.906202840364 -0.019455555400062
0.529995 5.911780043964 0.753272977017651
0.530495 5.917357247564 0.099060082837797
0.530995 5.922934451164 0.348997147523184
0.531495 5.928511654764 -0.246475165473213
0.531995 5.934088858364 -0.114724742099776
0.532495 5.939666061964 -0.487552159264899
0.532995 5.945243265564 -0.210575456806885
0.533495 5.950820469164 0.114465967883379
0.533995 5.956397672764 0.261406405211193
0.534495 5.961974876364 0.256715812707108
0.534995 5.967552079964 0.501497025124259
0.535495 5.973129283564 0.636246254173595
0.535995 5.978706487164 -0.111814014680003
0.536495 5.984283690764 -0.350663790012824
0.536995 5.989860894364 -0.224205610996247
0.537495 5.995438097964 -0.461426701147446
0.537995 6.001015301564 -0.775624269126824
0.538495 6.006592505164 -0.263707510039835
0.538995 6.012169708764 0.17475564906953
0.539495 6.017746912364 0.281781283077991
0.539995 6.023324115964 0.4189591347453
0.540495 6.028901319564 0.512004037573056
0.540995 6.034478523164 0.289013235422626
0.541495 6.040055726764 -0.417555099680798
0.541995 6.045632930364 -0.0525101226053691
0.542495 6.051210133964 -0.20601330964927
0.542995 6.056787337564 -0.480815445675849
0.543495 6.062364541164 -0.307021269931513
0.543995 6.067941744764 -0.106944496090829
0.544495 6.073518948364 0.804957281559429
0.544995 6.079096151964 0.257840955074176
0.545495 6.084673355564 0.694413674893291
0.545995 6.090250559164 0.318038446636941
0.546495 6.095827762764 0.21856598843604
0.546995 6.101404966364 -0.739514655722196
0.547495 6.106982169964 -0.539325700255757
0.547995 6.112559373564 -0.11435810069519
0.548495 6.118136577164 -0.186445670781436
0.548995 6.123713780764 0.0172651246338009
0.549495 6.129290984364 0.351235833882969
0.549995 6.134868187964 0.905664150618171
0.550495 6.140445391564 0.310448062122675
0.550995 6.146022595164 0.292386363188252
0.551495 6.151599798764 0.113933059623358
0.551995 6.157177002364 -0.223717474378474
0.552495 6.162754205964 -0.540261300207843
0.552995 6.168331409564 -0.313340849827057
0.553495 6.173908613164 -0.360920572219911
0.553995 6.179485816764 -0.0895479932287829
0.554495 6.185063020364 0.255920745294566
0.554995 6.190640223964 0.639119021902239
0.555495 6.196217427564 0.370456891079369
0.555995 6.201794631164 0.155640402675055
0.556495 6.207371834764 -0.0394393468608638
0.556995 6.212949038364 -0.241572284500979
0.557495 6.218526241964 -0.536568836160023
0.557995 6.224103445564 -0.559587961786297
0.558495 6.229680649164 -0.145537872081762
0.558995 6.235257852764 -0.0271365995265082
0.559495 6.240835056364 0.00787109377490448
0.559995 6.246412259964 0.472320135861276
0.560495 6.251989463564 0.549690191049991
0.560995 6.257566667164 0.0222914654041617
0.561495 6.263143870764 -0.216375976729484
0.561995 6.268721074364 -0.111495591402662
0.562495 6.274298277964 -0.445551023582998
0.562995 6.279875481564 -0.2853102225389
0.563495 6.285452685164 -0.385006321036823
0.563995 6.291029888764 0.108370730157549
0.564495 6.296607092364 0.0910639651914049
0.564995 6.302184295964 0.298483095316282
0.565495 6.307761499564 0.68261284451578
0.565995 6.313338703164 0.00740591989038227
0.566495 6.318915906764 0.367882177063794
0.566995 6.324493110364 -0.326988703357885
0.567495 6.330070313964 -0.383577975324765
0.567995 6.335647517564 -0.35549741744052
0.568495 6.341224721164 -0.180204465109319
0.568995 6.346801924764 0.0625962232978785
0.569495 6.352379128364 -0.417461004164143
0.569995 6.357956331964 0.20994814916257
0.570495 6.363533535564 0.0476005556188377
0.570995 6.369110739164 0.47070999085768
0.571495 6.374687942764 0.00408304023517448
0.571995 6.380265146364 -0.192496043216372
0.572495 6.385842349964 -0.115698393761956
0.572995 6.391419553564 -0.386577325977927
0.573495 6.396996757164 -0.0993183599239681
0.573995 6.402573960764 -0.0991788729729444
0.574495 6.408151164364 0.308653165039623
0.574995 6.413728367964 -0.0250305669529186
0.575495 6.419305571564 0.501208535974351
0.575995 6.424882775164 0.161350433242869
0.576495 6.430459978764 -0.0707489382551863
0.576995 6.436037182364 -0.119496181309074
0.577495 6.441614385964 -0.00883776588802672
0.577995 6.447191589564 -0.151000830004635
0.578495 6.452768793164 -0.345776349360876
0.578995 6.458345996764 0.135217558439908
0.579495 6.463923200364 0.17692988378436
0.579995 6.469500403964 0.143977476782797
0.580495 6.475077607564 0.353399223864488
0.580995 6.480654811164 0.0398229975184381
0.581495 6.486232014764 -0.026485725466554
0.581995 6.491809218364 -0.122774980522672
0.582495 6.497386421964 0.0758399833456472
0.582995 6.502963625564 -0.309499552146962
0.583495 6.508540829164 0.119310845643164
0.583995 6.514118032764 -0.219872010482373
0.584495 6.519695236364 -0.0759735334278315
0.584995 6.525272439964 0.028146458858417
0.585495 6.530849643564 -0.0293244645784972
0.585995 6.536426847164 0.0670281979803191
0.586495 6.542004050764 -0.386045271373443
0.586995 6.547581254364 0.106953257756215
0.587495 6.553158457964 -0.248280058960103
0.587995 6.558735661564 -0.175768124283608
0.588495 6.564312865164 -0.145052975140775
0.588995 6.569890068764 0.33523625666585
0.589495 6.575467272364 -0.0611367149522108
0.589995 6.581044475964 0.0516061177707657
0.590495 6.586621679564 0.178930267654405
0.590995 6.592198883164 0.416128846735775
0.591495 6.597776086764 -0.126242143835225
0.591995 6.603353290364 -0.121332845638971
0.592495 6.608930493964 -0.289088382672389
0.592995 6.614507697564 -0.189031251348736
0.593495 6.620084901164 0.0279430021138366
0.593995 6.625662104764 -0.385949171895578
0.594495 6.631239308364 0.161793015891713
0.594995 6.636816511964 0.0327676433549848
0.595495 6.642393715564 0.393691328613088
0.595995 6.647970919164 -0.019284900555632
0.596495 6.653548122764 0.0564932122218004
0.596995 6.659125326364 -0.236172667352784
0.597495 6.664702529964 -0.0934972601606197
0.597995 6.670279733564 -0.214716735724451
0.598495 6.675856937164 -0.443912427558061
0.598995 6.681434140764 0.10410710560267
0.599495 6.687011344364 0.306358237629756
0.599995 6.692588547964 0.0344610425792261
0.600495 6.698165751564 0.0794616576614704
0.600995 6.703742955164 0.291675280464245
0.601495 6.709320158764 0.413104912384444
0.601995 6.714897362364 -0.381967149194063
0.602495 6.720474565964 -0.592670734792021
0.602995 6.726051769564 0.197778900523073
0.603495 6.731628973164 -0.33443972522954
0.603995 6.737206176764 -0.14204965413354
0.604495 6.742783380364 0.0511535039018581
0.604995 6.748360583964 0.412182090277611
0.605495 6.753937787564 0.0679976595009716
0.605995 6.759514991164 0.352483433230298
0.606495 6.765092194764 0.371619933278945
0.606995 6.770669398364 -0.14413863267552
0.607495 6.776246601964 -0.415045094563384
0.607995 6.781823805564 -0.0383617041908496
0.608495 6.787401009164 -0.0840522523739832
0.608995 6.792978212764 -0.449965487140673
0.609495 6.798555416364 0.115533361353849
0.609995 6.804132619964 0.227680638965553
0.610495 6.809709823564 0.580076029604858
0.610995 6.815287027164 0.084886436501707
0.611495 6.820864230764 0.554082108859661
0.611995 6.826441434364 -0.114345291167729
0.612495 6.832018637964 0.00426414169438916
0.612995 6.837595841564 -0.213295309554561
0.613495 6.843173045164 -0.0267347537602403
0.613995 6.848750248764 -0.337641359500205
0.614495 6.854327452364 0.109270288201327
0.614995 6.859904655964 0.654767772249763
0.615495 6.865481859564 0.2088463971523
0.615995 6.871059063164 -0.110683468324937
0.616495 6.876636266764 0.0449204031580142
0.616995 6.882213470364 0.0991810175124643
0.617495 6.887790673964 -0.0699610350303164
0.617995 6.893367877564 -0.41926079532964
0.618495 6.898945081164 -0.18955408008137
0.618995 6.904522284764 -0.312048223410023
0.619495 6.910099488364 0.0499434615385913
0.619995 6.915676691964 -0.214055485561725
0.620495 6.921253895564 0.0971674866902744
0.620995 6.926831099164 0.225959268095388
0.621495 6.932408302764 0.247766648696695
0.621995 6.937985506364 -0.0373662294070716
0.622495 6.943562709964 -0.418526628265034
0.622995 6.949139913564 -0.0165724765366009
0.623495 6.954717117164 -0.188096670815485
0.623995 6.960294320764 -0.147414577557497
0.624495 6.965871524364 -0.0520214304773259
0.624995 6.971448727964 -0.0466199570533005
0.625495 6.977025931564 0.437082613044695
0.625995 6.982603135164 -0.171663517245663
0.626495 6.988180338764 0.154927678695134
0.626995 6.993757542364 -0.272059333048415
0.627495 6.999334745964 0.211637867137061
0.627995 7.004911949564 -0.17175824452845
0.628495 7.010489153164 -0.190828847997708
0.628995 7.016066356764 0.0642526191506841
0.629495 7.021643560364 0.0719723290673338
0.629995 7.027220763964 0.159761331214498
0.630495 7.032797967564 -0.0424073330814198
0.630995 7.038375171164 0.113229958159643
0.631495 7.043952374764 -0.0246216296787223
0.631995 7.049529578364 0.182491661141137
0.632495 7.055106781964 0.272011678114517
0.632995 7.060683985564 -0.299841324707663
0.633495 7.066261189164 -0.072550706156126
0.633995 7.071838392764 -0.0032866808102734
0.634495 7.077415596364 0.0957465885299815
0.634995 7.082992799964 -0.154658002154752
0.635495 7.088570003564 -0.0872909677496739
0.635995 7.094147207164 -0.0229103322083357
0.636495 7.099724410764 0.302673351813459
0.636995 7.105301614364 -0.174900586314903
0.637495 7.110878817964 -0.0391057790951572
0.637995 7.116456021564 -0.266453284497939
0.638495 7.122033225164 0.250087641931017
0.638995 7.127610428764 -0.180075086168905
0.639495 7.133187632364 -0.00659424428060453
0.639995 7.138764835964 -0.0790936773124001
0.640495 7.144342039564 0.573815080940048
0.640995 7.149919243164 -0.128420341859031
0.641495 7.155496446764 -0.294562580939397
0.641995 7.161073650364 0.100732795967548
0.642495 7.166650853964 0.161954741030809
0.642995 7.172228057564 -0.137721845886554
0.643495 7.177805261164 -0.424550109665438
0.643995 7.183382464764 -0.024163051078868
0.644495 7.188959668364 0.0458926940063387
0.644995 7.194536871964 -0.115628896737431
0.645495 7.200114075564 -0.240685885544681
0.645995 7.205691279164 -0.0523333193650716
0.646495 7.211268482764 0.32918639294584
0.646995 7.216845686364 -0.159746220402951
0.647495 7.222422889964 -0.0192014498000103
0.647995 7.228000093564 -0.0748490058019462
0.648495 7.233577297164 0.138755605361539
0.648995 7.239154500764 -0.462015617785482
0.649495 7.244731704364 0.299134243800978
0.649995 7.250308907964 0.0472301521919048
0.650495 7.255886111564 -0.0402450073875654
0.650995 7.261463315164 0.126568897438153
0.651495 7.267040518764 -0.149096450180288
0.651995 7.272617722364 0.261210498965247
0.652495 7.278194925964 -0.377725727331452
0.652995 7.283772129564 0.112816595866051
0.653495 7.289349333164 -0.077979751454693
0.653995 7.294926536764 -0.572254868193623
0.654495 7.300503740364 0.155650160385906
0.654995 7.306080943964 0.130583834498174
0.655495 7.311658147564 0.0106065870670018
0.655995 7.317235351164 -0.436007688098622
0.656495 7.322812554764 0.285585905430623
0.656995 7.328389758364 0.233921450585151
0.657495 7.333966961964 -0.535977801222647
0.657995 7.339544165564 0.0261101663141896
0.658495 7.345121369164 0.171119260627485
0.658995 7.350698572764 0.507719222830972
0.659495 7.356275776364 -0.391743594179969
0.659995 7.361852979964 0.0243304749016587
0.660495 7.367430183564 0.0632227473650163
0.660995 7.373007387164 0.0413938034502286
0.661495 7.378584590764 -0.142462743692923
0.661995 7.384161794364 -0.24441717032368
0.662495 7.389738997964 0.28364885717294
0.662995 7.395316201564 -0.119121155307436
0.663495 7.400893405164 0.259184972702645
0.663995 7.406470608764 -0.473653825911309
0.664495 7.412047812364 0.443987024555413
0.664995 7.417625015964 -0.031441342812627
0.665495 7.423202219564 -0.0715333136876672
0.665995 7.428779423164 -0.0773960182012876
0.666495 7.434356626764 -0.147064488108398
0.666995 7.439933830364 0.438377347336978
0.667495 7.445511033964 -0.167548753204008
0.667995 7.451088237564 -0.270965660493108
0.668495 7.456665441164 0.267435271220497
0.668995 7.462242644764 0.0832549844716407
0.669495 7.467819848364 -0.0377014374127238
0.669995 7.473397051964 -0.113366228764376
0.670495 7.478974255564 0.152806943243702
0.670995 7.484551459164 -0.243996499883962
0.671495 7.490128662764 -0.0354158658521983
0.671995 7.495705866364 -0.0529724127421118
0.672495 7.501283069964 -0.131670376515828
0.672995 7.506860273564 -0.213014479808847
0.673495 7.512437477164 -0.0160152230242503
0.673995 7.518014680764 0.432812717949681
0.674495 7.523591884364 -0.10947034638673
0.674995 7.529169087964 -0.144318679471936
0.675495 7.534746291564 0.25777416984945
0.675995 7.540323495164 -0.267632423068526
0.676495 7.545900698764 0.0293813711651475
0.676995 7.551477902364 0.0457544440689522
0.677495 7.557055105964 0.21644810130536
0.677995 7.562632309564 -0.000729578650972249
0.678495 7.568209513164 -0.0336549490583512
0.678995 7.573786716764 0.245310614854817
0.679495 7.579363920364 -0.0623313506675347
0.679995 7.584941123964 0.388392534354435
0.680495 7.590518327564 -0.578321440679915
0.680995 7.596095531164 -0.0693553095717396
0.681495 7.601672734764 0.19431866073479
0.681995 7.607249938364 0.0143480914614675
0.682495 7.612827141964 -0.073345186242934
0.682995 7.618404345564 -0.142819588443091
0.683495 7.623981549164 0.04970347190524
0.683995 7.629558752764 -0.350058817357337
0.684495 7.635135956364 -0.0298700297776378
0.684995 7.640713159964 0.154111746994512
0.685495 7.646290363564 -0.0794767549645618
0.685995 7.651867567164 0.198748704209012
0.686495 7.657444770764 -0.00616959687589152
0.686995 7.663021974364 0.340021317688663
0.687495 7.668599177964 0.0275232236794245
0.687995 7.674176381564 -0.0678358167973693
0.688495 7.679753585164 -0.235164557554756
0.688995 7.685330788764 -0.0702278884206806
0.689495 7.690907992364 -0.0615263089485156
0.689995 7.696485195964 -0.0797302449895823
0.690495 7.702062399564 0.0652779081031153
0.690995 7.707639603164 -0.0743322733981061
0.691495 7.713216806764 0.0712531005579552
0.691995 7.718794010364 0.534906552769513
0.692495 7.724371213964 -0.130390857007002
0.692995 7.729948417564 0.224059118263551
0.693495 7.735525621164 0.007858844045604
0.693995 7.741102824764 0.128955894508814
0.694495 7.746680028364 -0.0504875572725395
0.694995 7.752257231964 -0.109038533734723
0.695495 7.757834435564 0.0278710909348275
0.695995 7.763411639164 -0.363288721725016
0.696495 7.768988842764 0.150224056557082
0.696995 7.774566046364 -0.121087176386088
0.697495 7.780143249964 0.261006169844157
0.697995 7.785720453564 0.0233382728227782
0.698495 7.791297657164 0.141106998449997
0.698995 7.796874860764 0.0971457778373191
0.699495 7.802452064364 -0.161581399762499
0.699995 7.808029267964 0.0151568866273159
0.700495 7.813606471564 0.0672117825112865
0.700995 7.819183675164 -0.229082477194149
0.701495 7.824760878764 0.0372364109596645
0.701995 7.830338082364 -0.135768569627389
0.702495 7.835915285964 0.265531813220765
0.702995 7.841492489564 -0.193546764776733
0.703495 7.847069693164 0.17006315854377
0.703995 7.852646896764 0.0181223673035648
0.704495 7.858224100364 -0.00731430238470595
0.704995 7.863801303964 0.142350290896043
0.705495 7.869378507564 -0.299888844208772
0.705995 7.874955711164 -0.117045562074022
0.706495 7.880532914764 0.0313368816508885
0.706995 7.886110118364 0.218939240187439
0.707495 7.891687321964 -0.101041292884966
0.707995 7.897264525564 0.0807826566330742
0.708495 7.902841729164 0.132932600310959
0.708995 7.908418932764 -0.0199526479928308
0.709495 7.913996136364 0.151292640444348
0.709995 7.919573339964 -0.384495305635713
0.710495 7.925150543564 0.108732633317512
0.710995 7.930727747164 -0.122251788263237
0.711495 7.936304950764 -0.0596178826326291
0.711995 7.941882154364 -0.2412226780858
0.712495 7.947459357964 -0.1401525226593
0.712995 7.953036561564 0.217352865612846
0.713495 7.958613765164 -0.169457289589873
0.713995 7.964190968764 0.592313779670521
0.714495 7.969768172364 -0.301935246699668
0.714995 7.975345375964 0.265754405778636
0.715495 7.980922579564 0.23955251267772
0.715995 7.986499783164 0.33378317368267
0.716495 7.992076986764 0.230516662894379
0.716995 7.997654190364 -0.106912839509178
0.717495 8.003231393964 0.16416368649972
0.717995 8.008808597564 -0.309631120471329
0.718495 8.014385801164 -0.152152115640725
0.718995 8.019963004764 0.050891658344467
0.719495 8.025540208364 -0.154353877548821
0.719995 8.031117411964 -0.24043412153534
0.720495 8.036694615564 -0.180266398775978
0.720995 8.042271819164 -0.0802041318233122
0.721495 8.047849022764 -0.408442241296934
0.721995 8.053426226364 0.326459552038242
0.722495 8.059003429964 -0.259045867092316
0.722995 8.064580633564 0.0434473522315802
0.723495 8.070157837164 0.139343182054598
0.723995 8.075735040764 -0.0312748739859733
0.724495 8.081312244364 0.217399709828051
0.724995 8.086889447964 -0.314989665603199
0.725495 8.092466651564 -0.117857349992142
0.725995 8.098043855164 0.0498931703545285
0.726495 8.103621058764 -0.17405458574019
0.726995 8.109198262364 -0.135733913031319
0.727495 8.114775465964 -0.183073021879584
0.727995 8.120352669564 0.0282023183822938
0.728495 8.125929873164 -0.170694580491725
0.728995 8.131507076764 0.0420022751819743
0.729495 8.137084280364 -0.12236491279834
0.729995 8.142661483964 -0.191823240838928
0.730495 8.148238687564 -0.109876783811185
0.730995 8.153815891164 0.216436580526586
0.731495 8.159393094764 -0.0726894914824494
0.731995 8.164970298364 -0.257913727375727
0.732495 8.170547501964 -0.0783682107723148
0.732995 8.176124705564 -0.21991876200725
0.733495 8.181701909164 -0.0650312806518438
0.733995 8.187279112764 0.0110687120919175
0.734495 8.192856316364 0.157068412443911
0.734995 8.198433519964 0.202758558204997
0.735495 8.204010723564 -0.122310002023803
0.735995 8.209587927164 0.0769824751687621
0.736495 8.215165130764 -0.238691103019534
0.736995 8.220742334364 -0.0799236573145272
0.737495 8.226319537964 -0.0869543266822316
0.737995 8.231896741564 -0.249017963437179
0.738495 8.237473945164 0.168742968083049
0.738995 8.243051148764 -0.186341908478633
0.739495 8.248628352364 -0.271630658368694
0.739995 8.254205555964 -0.16592276337585
0.740495 8.259782759564 -0.153839404514465
0.740995 8.265359963164 0.174243860802581
0.741495 8.270937166764 -0.0968944739982475
0.741995 8.276514370364 -0.120911085893651
0.742495 8.282091573964 0.0488523254678667
0.742995 8.287668777564 0.191723501051505
0.743495 8.293245981164 -0.0519471438836311
0.743995 8.298823184764 -0.170826900487043
0.744495 8.304400388364 0.0480463542718164
0.744995 8.309977591964 0.0607452724275066
0.745495 8.315554795564 0.214892838740057
0.745995 8.321131999164 0.00367178747798776
0.746495 8.326709202764 0.191156178599429
0.746995 8.332286406364 -0.033702357064599
0.747495 8.337863609964 0.0149564302952151
0.747995 8.343440813564 -0.230770335798227
0.748495 8.349018017164 0.0501557926559637
0.748995 8.354595220764 0.175007488505623
0.749495 8.360172424364 -0.0486720372931411
0.749995 8.365749627964 0.078629975052363
0.750495 8.371326831564 -0.0930251128180701
0.750995 8.376904035164 -0.0595447268757768
0.751495 8.382481238764 -0.319686868156845
0.751995 8.388058442364 0.147931922440906
0.752495 8.393635645964 -0.0372202741109858
0.752995 8.399212849564 -0.01728457089281
0.753495 8.404790053164 -0.0699152512243977
0.753995 8.410367256764 0.364287387299031
0.754495 8.415944460364 -0.13879743118633
0.754995 8.421521663964 -0.0515669631847027
0.755495 8.427098867564 -0.0428587700668226
0.755995 8.432676071164 -0.0842317122797186
0.756495 8.438253274764 0.312220136752963
0.756995 8.443830478364 -0.379404799945411
0.757495 8.449407681964 0.145325876756895
0.757995 8.454984885564 -0.168047515989636
0.758495 8.460562089164 0.00220297854139981
0.758995 8.466139292764 -0.0668029202684102
0.759495 8.471716496364 0.064049268921817
0.759995 8.477293699964 0.236659765288509
0.760495 8.482870903564 0.0168230779741842
0.760995 8.488448107164 0.146503772762839
0.761495 8.494025310764 0.00144101890272785
0.761995 8.499602514364 0.0868802719906992
0.762495 8.505179717964 0.146728420673464
0.762995 8.510756921564 -0.0113466720797493
0.763495 8.516334125164 0.267321121776244
0.763995 8.521911328764 0.0936837064687228
0.764495 8.527488532364 0.310285515871868
0.764995 8.533065735964 -0.188151315867053
0.765495 8.538642939564 -0.0565982639709948
0.765995 8.544220143164 0.0505046002804726
0.766495 8.549797346764 -0.345228105226756
0.766995 8.555374550364 0.143118202774309
0.767495 8.560951753964 -0.4110332218509
0.767995 8.566528957564 0.163672638967568
0.768495 8.572106161164 -0.00696048939449168
0.768995 8.577683364764 0.036989882279413
0.769495 8.583260568364 -0.115099144738109
0.769995 8.588837771964 0.0899988278619013
0.770495 8.594414975564 0.211776238531923
0.770995 8.599992179164 -0.136359252369715
0.771495 8.605569382764 0.096761808678258
0.771995 8.611146586364 0.112605465880365
0.772495 8.616723789964 -0.0133910562144018
0.772995 8.622300993564 0.238905904458139
0.773495 8.627878197164 -0.3179783743522
0.773995 8.633455400764 0.325619791023853
0.774495 8.639032604364 -0.0611002153983118
0.774995 8.644609807964 0.213968987403376
0.775495 8.650187011564 -0.245594958154968
0.775995 8.655764215164 -0.0803642753846941
0.776495 8.661341418764 0.316976604147932
0.776995 8.666918622364 -0.241265726124515
0.777495 8.672495825964 0.0231106599442284
0.777995 8.678073029564 0.0358878590416651
0.778495 8.683650233164 0.0114504398662547
0.778995 8.689227436764 0.0683243037787189
0.779495 8.694804640364 -0.23240209693311
0.779995 8.700381843964 0.163579448130817
0.780495 8.705959047564 -0.151378781992757
0.780995 8.711536251164 0.110709255891693
0.781495 8.717113454764 -0.261743446932186
0.781995 8.722690658364 0.431282088007248
0.782495 8.728267861964 -0.0977941007803252
0.782995 8.733845065564 0.11766371828899
0.783495 8.739422269164 0.188004039705697
0.783995 8.744999472764 -0.200264770336911
0.784495 8.750576676364 0.0500551302411184
0.784995 8.756153879964 0.0635922486993086
0.785495 8.761731083564 0.109923637375834
0.785995 8.767308287164 -0.463444048916506
0.786495 8.772885490764 0.0147171533158952
0.786995 8.778462694364 -0.141608211737598
0.787495 8.784039897964 -0.146799198531846
0.787995 8.789617101564 0.0778167483927046
0.788495 8.795194305164 -0.0354315742489759
0.788995 8.800771508764 0.23743692058696
0.789495 8.806348712364 0.0411087629215249
0.789995 8.811925915964 0.0514616876999897
0.790495 8.817503119564 -0.0453632272260089
0.790995 8.823080323164 0.00451111152519835
0.791495 8.828657526764 0.320237963824918
0.791995 8.834234730364 -0.357126968957499
0.792495 8.839811933964 -0.0377646712408081
0.792995 8.845389137564 -0.0637869128984483
0.793495 8.850966341164 0.0934991107158994
0.793995 8.856543544764 0.0142518281500543
0.794495 8.862120748364 -0.20958248182554
0.794995 8.867697951964 0.278061203133208
0.795495 8.873275155564 -0.226140117108999
0.795995 8.878852359164 0.271983592883185
0.796495 8.884429562764 -0.51721577800512
0.796995 8.890006766364 0.220432206377851
0.797495 8.895583969964 -0.0126453217148013
0.797995 8.901161173564 -0.0997108738423152
0.798495 8.906738377164 0.171141749977817
0.798995 8.912315580764 -0.267598130616508
0.799495 8.917892784364 0.241166497183535
0.799995 8.923469987964 0.32053903310931
0.800495 8.929047191564 -0.142841711787626
0.800995 8.934624395164 -0.0168740006830334
0.801495 8.940201598764 -0.0320008011393759
0.801995 8.945778802364 0.0917519159753554
0.802495 8.951356005964 -0.040222616983884
0.802995 8.956933209564 0.182515272410233
0.803495 8.962510413164 0.00803203654261366
0.803995 8.968087616764 -0.0533321981184611
0.804495 8.973664820364 0.189500068899108
0.804995 8.979242023964 -0.0611618876682631
0.805495 8.984819227564 0.196883348209535
0.805995 8.990396431164 -0.111907400710346
0.806495 8.995973634764 0.108328677165094
0.806995 9.001550838364 -0.0239823323366753
0.807495 9.007128041964 0.110519435009222
0.807995 9.012705245564 -0.190893562823465
0.808495 9.018282449164 0.017470631815247
0.808995 9.023859652764 0.141519503458424
0.809495 9.029436856364 0.194846510924745
0.809995 9.035014059964 -0.188881389524855
0.810495 9.040591263564 0.213008824244796
0.810995 9.046168467164 -0.234477574873939
0.811495 9.051745670764 -0.156680651882056
0.811995 9.057322874364 -0.187906431569518
0.812495 9.062900077964 -0.179832533958987
0.812995 9.068477281564 -0.00221216144250061
0.813495 9.074054485164 0.3699887888484
0.813995 9.079631688764 -0.141701690625365
0.814495 9.085208892364 0.0553410573421989
0.814995 9.090786095964 0.0121185863893682
0.815495 9.096363299564 0.18932459264658
0.815995 9.101940503164 0.0971980638534177
0.816495 9.107517706764 0.13251214623735
0.816995 9.113094910364 -0.000103530113259113
0.817495 9.118672113964 0.121163924689763
0.817995 9.124249317564 0.036314308112917
0.818495 9.129826521164 -0.243722005046499
0.818995 9.135403724764 -0.125793199617918
0.819495 9.140980928364 -0.187487336578789
0.819995 9.146558131964 0.105291364896986
0.820495 9.152135335564 -0.0945944363345419
0.820995 9.157712539164 0.0789807010978837
0.821495 9.163289742764 -0.10196717033393
0.821995 9.168866946364 0.137910443273431
0.822495 9.174444149964 -0.102546344113884
0.822995 9.180021353564 0.440550696586026
0.823495 9.185598557164 -0.244417296216136
0.823995 9.191175760764 0.247615400569323
0.824495 9.196752964364 -0.00456806856663149
0.824995 9.202330167964 -0.0367024798050016
0.825495 9.207907371564 0.0695653562706378
0.825995 9.213484575164 -0.151123955533214
0.826495 9.219061778764 0.233111476871988
0.826995 9.224638982364 -0.345014431771634
0.827495 9.230216185964 0.242024673235569
0.827995 9.235793389564 -0.0710644778079168
0.828495 9.241370593164 0.431986121458838
0.828995 9.246947796764 -0.0801083426207071
0.829495 9.252525000364 -0.194237498256897
0.829995 9.258102203964 0.187043281369482
0.830495 9.263679407564 -0.252464360843768
0.830995 9.269256611164 0.18032930916667
0.831495 9.274833814764 -0.518128993803394
0.831995 9.280411018364 0.071433269223989
0.832495 9.285988221964 -0.177588884543346
0.832995 9.291565425564 0.40264788859228
0.833495 9.297142629164 -0.0796980767230333
0.833995 9.302719832764 -0.213623620396971
0.834495 9.308297036364 0.261127982060425
0.834995 9.313874239964 0.144703143163843
0.835495 9.319451443564 -0.114908696644172
0.835995 9.325028647164 -0.0216275214749185
0.836495 9.330605850764 0.125260921576965
0.836995 9.336183054364 -0.0641080323886036
0.837495 9.341760257964 0.118235610982929
0.837995 9.347337461564 -0.0308886474750387
0.838495 9.352914665164 -0.213589041461271
0.838995 9.358491868764 0.13484918184657
0.839495 9.364069072364 -0.115880493504672
0.839995 9.369646275964 -0.0285397044040396
0.840495 9.375223479564 -0.0694181588523533
0.840995 9.380800683164 0.0538051256420875
0.841495 9.386377886764 0.225143005558826
0.841995 9.391955090364 -0.0789987395771256
0.842495 9.397532293964 0.231312052769003
0.842995 9.403109497564 0.383188247617006
0.843495 9.408686701164 0.0846447246829835
0.843995 9.414263904764 0.34963028983786
0.844495 9.419841108364 -0.265028773515312
0.844995 9.425418311964 0.199555573850717
0.845495 9.430995515564 -0.359494055628719
0.845995 9.436572719164 0.146040677081497
0.846495 9.442149922764 -0.423574161178661
0.846995 9.447727126364 0.133122703886484
0.847495 9.453304329964 0.0266148822946364
0.847995 9.458881533564 0.0374823165608796
0.848495 9.464458737164 0.150364106795668
0.848995 9.470035940764 -0.097871087144651
0.849495 9.475613144364 0.0923729920376729
0.849995 9.481190347964 0.0526038704650475
0.850495 9.486767551564 0.129923361830496
0.850995 9.492344755164 -0.00264295831123557
0.851495 9.497921958764 -0.226887029975771
0.851995 9.503499162364 -0.132794892683541
0.852495 9.509076365964 -0.343484958793488
0.852995 9.514653569564 -0.32643497666088
0.853495 9.520230773164 -0.155512434958026
0.853995 9.525807976764 -0.0654055905273927
0.854495 9.531385180364 -0.105736618186551
0.854995 9.536962383964 0.00313164510509633
0.855495 9.542539587564 -0.224690111600416
0.855995 9.548116791164 0.252881970731842
0.856495 9.553693994764 -0.142731791619113
0.856995 9.559271198364 0.329541499099009
0.857495 9.564848401964 -0.153584170353238
0.857995 9.570425605564 0.134578780638514
0.858495 9.576002809164 -0.141668071624651
0.858995 9.581580012764 0.0657456950859466
0.859495 9.587157216364 -0.193264250210826
0.859995 9.592734419964 -0.00999057789968072
0.860495 9.598311623564 -0.0526205701767033
0.860995 9.603888827164 -0.140651202005593
0.861495 9.609466030764 -0.161249274296144
0.861995 9.615043234364 -0.249757401446856
0.862495 9.620620437964 0.100588197383752
0.862995 9.626197641564 -0.0902609450939212
0.863495 9.631774845164 -0.0304917841331378
0.863995 9.637352048764 0.191186722128448
0.864495 9.642929252364 -0.00374014643417929
0.864995 9.648506455964 0.32074443842213
0.865495 9.654083659564 -0.406827482209243
0.865995 9.659660863164 0.284034369368508
0.866495 9.665238066764 -0.168434635242897
0.866995 9.670815270364 0.0022192600986669
0.867495 9.676392473964 -0.404054693781877
0.867995 9.681969677564 0.0219862363804225
0.868495 9.687546881164 0.184616144514744
0.868995 9.693124084764 -0.299717248308091
0.869495 9.698701288364 0.0311862951487493
0.869995 9.704278491964 -0.0102285693121864
0.870495 9.709855695564 0.121776274903235
0.870995 9.715432899164 0.0171268646953165
0.871495 9.721010102764 0.127615541736507
0.871995 9.726587306364 -0.370443347283498
0.872495 9.732164509964 0.392375571769056
0.872995 9.737741713564 -0.39432427128653
0.873495 9.743318917164 0.0496392446338056
0.873995 9.748896120764 -0.341426148436387
0.874495 9.754473324364 0.00336062384443265
0.874995 9.760050527964 -0.0612594228570932
0.875495 9.765627731564 -0.215809380272893
0.875995 9.771204935164 0.285553253408725
0.876495 9.776782138764 -0.297021898143798
0.876995 9.782359342364 0.39858667185598
0.877495 9.787936545964 -0.573924923560156
0.877995 9.793513749564 0.640057951367597
0.878495 9.799090953164 -0.414172886644872
0.878995 9.804668156764 0.237514951107402
0.879495 9.810245360364 -0.183425619792254
0.879995 9.815822563964 -0.195342346617905
0.880495 9.821399767564 0.449409435184659
0.880995 9.826976971164 -0.391879129059025
0.881495 9.832554174764 0.457126768378869
0.881995 9.838131378364 -0.08514119297928
0.882495 9.843708581964 0.422667901594871
0.882995 9.849285785564 -0.0739243906143829
0.883495 9.854862989164 0.0525109507879844
0.883995 9.860440192764 0.247067088365245
0.884495 9.866017396364 0.137075268435178
0.884995 9.871594599964 0.112567875691341
0.885495 9.877171803564 -0.344614804292876
0.885995 9.882749007164 0.210727739916079
0.886495 9.888326210764 0.00417778652169838
0.886995 9.893903414364 0.263154744037671
0.887495 9.899480617964 -0.307240317876742
0.887995 9.905057821564 0.327529803964558
0.888495 9.910635025164 -0.211772930241554
0.888995 9.916212228764 0.275772165505069
0.889495 9.921789432364 -0.262358965233884
0.889995 9.927366635964 0.0768423529046373
0.890495 9.932943839564 0.00448910288755457
0.890995 9.938521043164 0.0403748410558473
0.891495 9.944098246764 -0.0500740518244696
0.891995 9.949675450364 -0.1846907071312
0.892495 9.955252653964 0.416654770251515
0.892995 9.960829857564 -0.0227150615169799
0.893495 9.966407061164 0.094509867730987
0.893995 9.971984264764 -0.0571269385609181
0.894495 9.977561468364 0.36887146465353
0.894995 9.983138671964 -0.372150615669278
0.895495 9.988715875564 -0.169603263625736
0.895995 9.994293079164 -0.138328224456827
0.896495 9.999870282764 -0.084891970211784
0.896995 10.005447486364 -0.120890115389869
0.897495 10.011024689964 -0.16208363265089
0.897995 10.016601893564 -0.123580744157786
0.898495 10.022179097164 0.0624490033348757
0.898995 10.027756300764 -0.132358378683376
0.899495 10.033333504364 0.129596494340475
0.899995 10.038910707964 0.0773494991241123
0.900495 10.044487911564 0.236915775106814
0.900995 10.050065115164 -0.459765376209334
0.901495 10.055642318764 -0.0153051543981352
0.901995 10.061219522364 -0.158605463475562
0.902495 10.066796725964 0.1019802931214
0.902995 10.072373929564 -0.279024089996536
0.903495 10.077951133164 -0.0846658877085809
0.903995 10.083528336764 -0.114309695473706
0.904495 10.089105540364 0.0254269495686794
0.904995 10.094682743964 -0.043752629626527
0.905495 10.100259947564 -0.0901332167820199
0.905995 10.105837151164 0.0315428826144544
0.906495 10.111414354764 0.270733559270522
0.906995 10.116991558364 0.373910042412325
0.907495 10.122568761964 0.331330262536634
0.907995 10.128145965564 -0.0477525794337392
0.908495 10.133723169164 0.135273310586338
0.908995 10.139300372764 0.139934164298596
0.909495 10.144877576364 0.0997366739031759
0.909995 10.150454779964 0.00361483446683817
0.910495 10.156031983564 -0.151601353881827
0.910995 10.161609187164 -0.0692088131057761
0.911495 10.167186390764 0.134321150411851
0.911995 10.172763594364 -0.170721666160235
0.912495 10.178340797964 -0.0494478304951948
0.912995 10.183918001564 0.027617631475589
0.913495 10.189495205164 0.286607741896314
0.913995 10.195072408764 -0.0725568909693572
0.914495 10.200649612364 0.117028455733068
0.914995 10.206226815964 -0.121375707367007
0.915495 10.211804019564 0.109190887850238
0.915995 10.217381223164 -0.453704971967506
0.916495 10.222958426764 0.168641910461712
0.916995 10.228535630364 -0.19291422382031
0.917495 10.234112833964 -0.204234671206877
0.917995 10.239690037564 -0.0643639755123701
0.918495 10.245267241164 -0.386867560313648
0.918995 10.250844444764 0.138553872421605
0.919495 10.256421648364 -0.152014853477922
0.919995 10.261998851964 -0.0149329502706333
0.920495 10.267576055564 0.109465484384598
0.920995 10.273153259164 0.196205036537047
0.921495 10.278730462764 -0.0190273777576697
0.921995 10.284307666364 0.0207909224045729
0.922495 10.289884869964 -0.0995509939856597
0.922995 10.295462073564 -0.0328521626732287
0.923495 10.301039277164 -0.0343673551276535
0.923995 10.306616480764 0.222840414811902
0.924495 10.312193684364 0.356449117864003
0.924995 10.317770887964 0.0501350718722035
0.925495 10.323348091564 0.3568265593238
0.925995 10.328925295164 -0.223862970887244
0.926495 10.334502498764 0.171949022761513
0.926995 10.340079702364 -0.167052294728665
0.927495 10.345656905964 -0.0568826463095785
0.927995 10.351234109564 -0.0645990773138067
0.928495 10.356811313164 -0.121372280905683
0.928995 10.362388516764 -0.0480500031422163
0.929495 10.367965720364 -0.193979710415576
0.929995 10.373542923964 0.00560859757978338
0.930495 10.379120127564 -0.21232097156206
0.930995 10.384697331164 0.170669665472405
0.931495 10.390274534764 -0.261718449683182
0.931995 10.395851738364 0.508716910347168
0.932495 10.401428941964 -0.133957202328779
0.932995 10.407006145564 0.0593489500258622
0.933495 10.412583349164 0.231291028328635
0.933995 10.418160552764 0.116816146926105
0.934495 10.423737756364 0.0731981372082312
0.934995 10.429314959964 -0.176999757972922
0.935495 10.434892163564 -0.0437851858881839
0.935995 10.440469367164 -0.0292561679878862
0.936495 10.446046570764 -0.153205503632411
0.936995 10.451623774364 -0.127642897931591
0.937495 10.457200977964 -0.238890255903533
0.937995 10.462778181564 0.0409604487963817
0.938495 10.468355385164 -0.227711331567982
0.938995 10.473932588764 0.130370779248423
0.939495 10.479509792364 -0.276384034805603
0.939995 10.485086995964 0.440780224339807
0.940495 10.490664199564 -0.0476079624393288
0.940995 10.496241403164 0.198849321985087
0.941495 10.501818606764 0.0557851744277144
0.941995 10.507395810364 0.19113424706567
0.942495 10.512973013964 0.150854359723574
0.942995 10.518550217564 0.0806195115791988
0.943495 10.524127421164 0.274029896969734
0.943995 10.529704624764 -0.0559384895318173
0.944495 10.535281828364 0.177480202157354
0.944995 10.540859031964 -0.273995249151695
0.945495 10.546436235564 0.0626899981485106
0.945995 10.552013439164 0.102824819654826
0.946495 10.557590642764 -0.0870339003956523
0.946995 10.563167846364 -0.166063871406047
0.947495 10.568745049964 0.0321520328822482
0.947995 10.574322253564 -0.204042452260788
0.948495 10.579899457164 -0.295961054075243
0.948995 10.585476660764 0.0963230865107016
0.949495 10.591053864364 -0.565770916336471
0.949995 10.596631067964 0.27237121911746
0.950495 10.602208271564 -0.281872212512537
0.950995 10.607785475164 0.130867684228753
0.951495 10.613362678764 -0.351095872741274
0.951995 10.618939882364 0.194920900747414
0.952495 10.624517085964 0.0918686821856278
0.952995 10.630094289564 -0.140009371279429
0.953495 10.635671493164 0.0992636544626538
0.953995 10.641248696764 -0.0385267904047185
0.954495 10.646825900364 0.391776434110105
0.954995 10.652403103964 -0.213872043008573
0.955495 10.657980307564 0.363328884914041
0.955995 10.663557511164 0.177189952604705
0.956495 10.669134714764 -0.0242932075762658
0.956995 10.674711918364 0.433465517656738
0.957495 10.680289121964 -0.129256460466162
0.957995 10.685866325564 0.226507029488395
0.958495 10.691443529164 -0.356599357886228
0.958995 10.697020732764 0.0964110856589693
0.959495 10.702597936364 -0.0148713404645956
0.959995 10.708175139964 -0.207510872153344
0.960495 10.713752343564 0.0558906236600132
0.960995 10.719329547164 -0.315811573371591
0.961495 10.724906750764 0.457846657931074
0.961995 10.730483954364 -0.194636266502846
0.962495 10.736061157964 0.0324035227538724
0.962995 10.741638361564 -0.205331108816595
0.963495 10.747215565164 0.223952502899807
0.963995 10.752792768764 0.2022249277464
0.964495 10.758369972364 -0.0119404585936048
0.964995 10.763947175964 0.382854878628573
0.965495 10.769524379564 -0.0642299983731798
0.965995 10.775101583164 0.11905079214205
0.966495 10.780678786764 -0.334609862168002
0.966995 10.786255990364 -0.0554284130058344
0.967495 10.791833193964 -0.254575687018095
0.967995 10.797410397564 -0.237898177803419
0.968495 10.802987601164 -0.00753927008009874
0.968995 10.808564804764 -0.192145943734786
0.969495 10.814142008364 0.201111472896937
0.969995 10.819719211964 -0.10591433175214
0.970495 10.825296415564 -0.0145872961264833
0.970995 10.830873619164 0.0728286099161077
0.971495 10.836450822764 0.276379471112227
0.971995 10.842028026364 0.0445089495981173
0.972495 10.847605229964 -0.0517822035618361
0.972995 10.853182433564 0.259544998424193
0.973495 10.858759637164 -0.109545957440006
0.973995 10.864336840764 0.0888043885778906
0.974495 10.869914044364 -0.403777340697591
0.974995 10.875491247964 0.485127170529302
0.975495 10.881068451564 -0.247604932938143
0.975995 10.886645655164 0.0322131101735183
0.976495 10.892222858764 -0.0933438837992467
0.976995 10.897800062364 0.247066812644027
0.977495 10.903377265964 0.136973953083079
0.977995 10.908954469564 0.0151370644598188
0.978495 10.914531673164 0.290222261564094
0.978995 10.920108876764 -0.0708465658752853
0.979495 10.925686080364 0.217033431030418
0.979995 10.931263283964 -0.0601672952413515
0.980495 10.936840487564 0.20753914155912
0.980995 10.942417691164 0.0155575496236741
0.981495 10.947994894764 -0.151218382885287
0.981995 10.953572098364 -0.271077140550814
0.982495 10.959149301964 -0.0813176622638927
0.982995 10.964726505564 -0.145255449445793
0.983495 10.970303709164 0.29116599758459
0.983995 10.975880912764 -0.174105457800589
0.984495 10.981458116364 0.438155577211597
0.984995 10.987035319964 0.0699894155399011
0.985495 10.992612523564 0.32268864325463
0.985995 10.998189727164 -0.0690007523156086
0.986495 11.003766930764 0.28245007706299
0.986995 11.009344134364 0.122942684612273
0.987495 11.014921337964 -0.567588777963826
0.987995 11.020498541564 0.246870166325802
0.988495 11.026075745164 -0.205303586658616
0.988995 11.031652948764 0.296777897935703
0.989495 11.037230152364 -0.44947400846927
0.989995 11.042807355964 0.18597563796262
0.990495 11.048384559564 0.0132811794775715
0.990995 11.053961763164 -0.0996297605237972
0.991495 11.059538966764 -0.0726279322480211
0.991995 11.065116170364 -0.245604136612361
0.992495 11.070693373964 0.400435481033626
0.992995 11.076270577564 -0.612769982615993
0.993495 11.081847781164 0.0542560144096439
0.993995 11.087424984764 -0.394615212807754
0.994495 11.093002188364 0.257809855362865
0.994995 11.098579391964 0.157685893414776
0.995495 11.104156595564 -0.050359269032083
0.995995 11.109733799164 0.173416599260452
0.996495 11.115311002764 -0.234669610853476
0.996995 11.120888206364 0.321032009360138
0.997495 11.126465409964 -0.0831168926942769
0.997995 11.132042613564 0.117863307129385
0.998495 11.137619817164 -0.543156588305103
0.998995 11.143197020764 0.320159305899818
0.999495 11.148774224364 0.123808793187987
0.999995 11.154351427964 -0.171508057632244
