217

3 -5.088130 -6.454060 12.0927
3 -2.714860 -7.614690 12.1081
3 -1.294060 -7.793510 12.1116
3  1.302510 -7.544410 12.1073
3  2.711530 -6.984920 12.1029
3 -6.271290 -5.547270 12.0694
3  4.702980 -5.306490 12.1192
3  5.718120 -4.221510 12.1135
3 -7.862610 -3.596090 11.9913
3 -8.126460 -2.179800 11.9939
3  7.191480 -2.077020 12.0941
3  7.652110 -0.713312 12.0736
3 -4.567590 -6.647720 13.6668
3 -3.278800 -7.382890 13.6880
3 -0.723372 -7.765460 13.6579
3  0.718217 -7.570980 13.6378
3  3.149180 -6.649480 13.6635
3 -6.672600 -5.255650 13.6802
3 -7.640650 -4.075600 13.6274
3  4.281900 -5.616180 13.6848
3  6.058390 -3.816340 13.7037
3  6.856290 -2.578620 13.6800
3 -7.948370 -1.573810 13.5877
3 -8.029110 -0.079311 13.6342
3  7.761540 -0.134599 13.6746
3 -5.033250 -6.340020 15.2799
3 -4.508460 -6.703680 16.8677
3 -2.778860 -7.681970 15.2662
3 -3.295100 -7.471710 16.8825
3 -1.300310 -7.962710 15.2393
3 -0.738984 -7.948120 16.8414
3  1.261720 -7.438650 15.2263
3  0.709486 -7.631150 16.8237
3  2.618840 -6.828510 15.2742
3  3.184330 -6.609660 16.8299
3 -6.677450 -5.198740 16.8797
3 -6.231660 -5.567680 15.3041
3 -7.473470 -4.007970 16.8362
3  4.309680 -5.774070 16.8091
3  4.736520 -5.349770 15.1992
3  5.625910 -4.219340 15.2956
3 -7.788240 -3.575750 15.2368
3 -8.007420 -2.097510 15.2115
3 -8.077050 -1.482360 16.8145
3 -7.986040  0.011454 16.8059
3  7.171660 -2.170470 15.2590
3  7.585520 -0.724406 15.2873
3  7.756930 -0.174923 16.8227
3 -5.057480 -6.471970 18.4325
3 -2.716430 -7.787400 18.4059
3 -1.314900 -8.013390 18.3555
3  1.270140 -7.415440 18.4129
3  2.649120 -6.922130 18.4310
3 -6.247710 -5.692430 18.4582
3  5.605660 -4.271540 18.4633
3  4.777290 -5.467750 18.4107
3 -8.039970 -2.078000 18.4085
3 -7.739470 -3.503840 18.4495
3  5.985410 -3.778520 16.8556
3  6.823750 -2.616000 16.8375
3  7.614350 -0.778952 18.3778
3  7.113790 -2.118910 18.4426
3 -4.498040 -6.693670 19.9842
3 -3.226140 -7.416890 19.9849
3 -0.722937 -7.992190 19.9447
3  0.711131 -7.570010 19.9550
3  3.137330 -6.631840 20.0157
3 -6.687200 -5.263550 20.0281
3 -7.466190 -4.010960 20.0034
3  4.367880 -5.808650 20.0274
3  6.040010 -3.805490 19.9817
3  6.843720 -2.565200 20.0272
3 -8.108770 -1.473480 20.0166
3 -8.027530  0.015976 20.0002
3  7.800820 -0.133600 19.9307
3 -5.071650 -6.570170 21.5879
3 -2.768680 -7.535330 21.5086
3 -1.297330 -7.848180 21.5620
3  1.207000 -7.329720 21.6048
3  2.574650 -6.843210 21.6049
3 -6.310770 -5.673710 21.6280
3  4.821630 -5.422500 21.5899
3  5.691080 -4.229260 21.5857
3 -7.605640 -3.429180 21.6091
3 -8.164240 -2.061860 21.6270
3  7.283170 -2.138880 21.5577
3  7.759010 -0.725864 21.5356
3 -4.684520 -6.818090 23.1184
3 -5.197860 -6.623310 24.7644
3 -3.321640 -7.363620 23.1244
3 -2.781470 -7.618860 24.7164
3 -0.763288 -7.899260 23.1680
3 -1.383950 -7.800490 24.7251
3  0.638339 -7.600430 23.1953
3  1.218020 -7.293170 24.7650
3  2.695610 -6.967260 24.7470
3  3.196630 -6.690190 23.1863
3 -6.646840 -5.269770 23.2135
3 -6.251010 -5.583840 24.8073
3  4.384090 -5.807570 23.1008
3  4.770740 -5.363300 24.7040
3  5.778940 -4.326160 24.6891
3 -7.416930 -4.024120 23.1550
3 -7.661250 -3.460900 24.7075
3 -8.254490 -2.029370 24.7762
3  6.080830 -3.810470 23.1143
3  6.894970 -2.609590 23.1259
3 -8.139450 -1.538700 23.1614
3 -7.938320 -0.114764 23.1887
3  7.233000 -2.095530 24.6952
3  7.861990 -0.761654 24.6710
3  7.997470 -0.175993 23.1292
3  7.975010 -0.221040 26.1930
3 -7.966930  0.500869 12.0571
3 -7.275850  1.831140 12.0767
3  7.770230  1.857830 12.0285
3 -5.647190  3.948130 12.0574
3  7.555330  3.283730 12.0673
3 -4.507870  4.820530 12.0727
3  6.330460  5.582950 12.1940
3 -2.333210  6.296810 12.1361
3 -1.104810  7.095290 12.1461
3  1.502240  7.721720 12.1508
3  2.948190  7.773670 12.1921
3  5.309870  6.634890 12.1361
3  7.880110  1.329080 13.6741
3 -6.906900  2.258070 13.6650
3 -6.013770  3.448570 13.6402
3  7.389350  3.859610 13.6523
3 -4.074970  5.271280 13.6542
3  6.741260  5.108050 13.6967
3 -2.937750  6.100070 13.7090
3 -0.557588  7.293610 13.6824
3  0.894551  7.563580 13.6988
3  3.499570  7.565730 13.7594
3  4.844820  6.959140 13.7451
3 -7.928350  0.554256 15.2091
3 -7.252470  1.862830 15.1757
3  7.762990  1.304560 16.8646
3  7.806870  1.901930 15.2613
3 -6.922030  2.336120 16.7594
3 -6.052600  3.492000 16.8083
3 -5.582300  3.870780 15.2265
3  7.631130  3.333560 15.1945
3  7.297750  3.785540 16.8097
3 -4.523480  4.843990 15.2434
3 -4.101880  5.255010 16.8388
3 -2.973580  6.137310 16.8146
3  6.378060  5.644000 15.2559
3  6.726900  5.170960 16.7951
3 -2.400660  6.405050 15.2743
3 -1.116060  7.112020 15.2144
3 -0.577363  7.341990 16.7923
3  1.458710  7.599830 15.2458
3  0.816155  7.480580 16.8262
3  2.919640  7.638490 15.3523
3  3.472860  7.632790 16.8982
3  5.354840  6.676350 15.2475
3  4.816630  6.959890 16.8373
3 -7.134780  1.820690 18.3651
3 -7.936920  0.558962 18.3899
3  7.972910  1.902040 18.4504
3 -5.733180  4.036610 18.4095
3  7.568610  3.278800 18.4194
3 -4.576410  4.927860 18.4126
3  6.361570  5.615370 18.4020
3 -2.396630  6.361030 18.3882
3 -1.159330  7.131050 18.3690
3  1.405230  7.593680 18.4061
3  2.923090  7.646920 18.5102
3  5.267220  6.542290 18.4392
3  7.936770  1.316430 19.9766
3 -6.902590  2.298440 19.9826
3 -6.088990  3.556150 20.0087
3  7.446850  3.831150 20.0208
3 -4.120990  5.297590 20.0106
3  6.658750  5.091070 20.0145
3 -2.902970  6.081370 19.9898
3 -0.648245  7.442310 19.9249
3  0.800297  7.600360 19.9838
3  3.525100  7.591540 20.0016
3  4.807040  6.938260 20.0308
3 -7.844030  0.494684 21.6086
3 -7.203040  1.768350 21.5937
3  7.953140  1.874600 21.5796
3 -5.607570  3.879970 21.5330
3  7.741960  3.312590 21.5756
3 -4.516410  4.873050 21.5378
3  6.314390  5.528830 21.5506
3 -2.313530  6.332560 21.5766
3 -1.136710  7.171760 21.5411
3  1.433780  7.680540 21.5438
3  2.893720  7.692320 21.5536
3  5.291800  6.552240 21.6025
3 -7.867200  0.529629 24.7660
3 -7.309030  1.860000 24.7619
3  8.030570  1.240780 23.1267
3  7.858350  1.879700 24.6932
3 -6.946370  2.343440 23.1898
3 -6.071490  3.516670 23.1256
3 -5.701000  3.978920 24.7139
3  7.542280  3.910860 23.1528
3  7.715920  3.331810 24.6967
3 -4.557420  4.914430 24.6945
3 -4.102550  5.302660 23.1257
3 -2.904330  6.177050 23.1133
3  6.674630  5.064610 23.1198
3  6.350960  5.534150 24.6214
3 -2.408800  6.458820 24.6665
3 -0.563186  7.407810 23.1424
3 -1.206480  7.241490 24.7018
3  0.887501  7.673550 23.1472
3  1.407490  7.519950 24.7406
3  3.457970  7.517620 23.1794
3  2.858820  7.580500 24.7510
3  4.744120  6.889930 23.1631
3  5.328050  6.583370 24.7020