293

3 -0.281385 -8.191140 20.3179
3  0.322202 -8.262800 18.9796
3 -4.018160 -6.603310 20.3473
3 -3.556680 -7.067300 19.0108
3 -2.393490 -7.901620 19.0219
3 -1.806350 -8.071910 20.3369
3  1.761400 -8.366970 18.9338
3  2.403400 -8.152500 20.2859
3  3.638410 -7.526990 20.2896
3  4.177290 -7.133520 18.9909
3  5.350620 -6.325660 19.0135
3 -5.250210 -4.997410 18.9957
3 -4.895730 -5.543350 20.3588
2 -1.159900 -4.150270 19.5319
2  0.101277 -4.242680 18.9304
2  1.201660 -4.656240 19.7240
3  5.730950 -5.862120 20.3871
3  6.537290 -4.641580 20.3903
3 -6.093960 -3.108840 20.3645
3 -5.815620 -3.728210 19.0375
2 -2.660550 -2.664230 20.4052
2 -1.891950 -3.009890 19.2310
2  2.389410 -3.967060 19.2434
2  3.208940 -3.483370 20.2346
2  3.941480 -2.285960 20.0904
3  6.756120 -4.017610 19.0625
3  7.078510 -2.648440 19.0572
3  7.281880 -2.086020 20.3616
3 -6.552660 -1.089050 19.0820
3 -6.359260 -1.716350 20.3903
2 -2.427120 -0.237700 19.7986
2 -1.722140 -0.628417 18.5847
2  3.418160  0.014187 19.3532
2  3.609550 -1.405050 19.0108
3  7.349670 -0.650738 20.3729
3  0.321292 -8.233810 21.6714
3 -3.618600 -7.131670 21.6750
3 -2.422780 -7.896410 21.6427
3  1.716390 -8.248140 21.6526
3  4.241950 -7.257650 21.6584
3  5.298730 -6.320850 21.6542
3 -5.271030 -5.059460 21.6923
2 -1.318190 -4.483360 20.9578
2 -0.168871 -4.876890 21.6702
2  1.065730 -4.935620 21.0632
2  2.094260 -4.603930 21.9892
3 -5.873410 -3.779810 21.7076
2 -2.320870 -3.577050 21.5041
2  3.175490 -3.810990 21.5897
2  3.785310 -2.784570 22.3657
3  6.941050 -4.109080 21.7001
3  7.310670 -2.703410 21.6878
3 -6.632340 -1.162850 21.7340
2 -2.895390 -1.309010 20.7035
2 -2.687770 -0.832201 22.0594
2  3.879890 -0.474044 21.7629
2  4.199510 -1.775920 21.4633
3 -0.337397 -8.290420 23.0021
3  1.676550 -8.220720 24.3215
3  0.268707 -8.350570 24.3117
3 -4.108060 -6.782060 23.0128
3 -3.523150 -7.151470 24.3111
3 -2.397440 -7.956280 24.3195
3 -1.783620 -8.162650 22.9398
3  2.363980 -8.112320 22.9606
3  3.643250 -7.530810 22.9356
3  4.072600 -7.100600 24.2796
3  5.181580 -6.221990 24.3146
3 -4.935010 -5.607320 23.0174
3 -5.207630 -5.020790 24.3265
2  0.020849 -4.500890 23.0195
2  1.462640 -4.324720 23.2759
3  5.634070 -5.749310 22.9838
3  6.615250 -4.710490 23.0192
3 -6.017120 -3.158730 23.0159
3 -5.791900 -3.770370 24.3347
2 -2.019990 -3.125280 22.7850
2 -0.897783 -3.530780 23.5542
2 -0.453492 -2.445270 24.3112
2  1.906490 -3.211830 23.9349
2  3.106720 -2.463780 23.5753
3  7.369360 -2.762540 24.3452
3  7.361370 -2.055260 23.0609
3  6.926940 -4.120180 24.3280
3 -6.573970 -1.209490 24.3176
3 -6.345720 -1.773590 23.0477
2 -2.281880 -1.687490 23.0994
2 -0.683570 -0.030887 23.9719
2 -1.297640 -1.283070 24.0768
2  1.549450 -0.995048 24.4955
2  3.253090 -0.041882 22.9630
2  2.883510 -1.046840 23.9121
3  7.209410 -0.062489 24.3946
3  7.215960 -0.677141 23.0640
3 -0.317686 -8.418310 25.6773
3 -1.727170 -8.168310 25.6712
3 -3.983190 -6.720540 25.6303
3  2.278680 -8.097620 25.6950
3  3.576400 -7.496330 25.6749
3 -4.915650 -5.635430 25.6597
3  5.637590 -5.762210 25.6653
3  6.462220 -4.605830 25.6723
3 -6.076910 -3.243840 25.6859
2  0.948871 -2.276290 24.5534
3  7.396910 -2.091120 25.6789
3 -6.640400 -1.911450 25.6716
3  7.339070 -0.701268 25.7049
3 -0.299644 -8.521430 28.3971
3  1.724710 -8.357370 27.0102
3  0.310822 -8.470070 26.9937
3 -4.005770 -6.788610 28.3544
3 -3.511250 -7.192300 26.9879
3 -2.340490 -8.004110 27.0369
3 -1.694340 -8.195440 28.4237
3  2.318580 -8.077410 28.3787
3  3.526580 -7.430420 28.3770
3  4.109900 -7.095330 27.0458
3 -5.289190 -5.143110 26.9972
3 -4.937300 -5.660330 28.3242
3  5.150340 -6.134010 27.0364
3  5.551220 -5.640760 28.3659
3  6.500220 -4.559150 28.3906
3 -6.124840 -3.298130 28.3770
3 -5.888300 -3.878980 27.0285
1 -1.856830 -2.441480 28.5595
1  0.906510 -3.036980 28.0104
3  6.837270 -4.056650 27.0256
3  7.299270 -2.743870 27.0163
3  7.335950 -2.107420 28.3167
3 -6.794940 -1.300430 26.9890
3 -6.453240 -1.912460 28.3604
1 -1.027580 -1.532140 27.8798
1 -1.229740 -0.104264 28.0919
1  0.359873 -1.788400 27.7010
1  1.081520 -0.584682 27.7989
1  2.391470 -0.568979 28.2732
3  7.350920 -0.657287 28.3248
3  7.253590 -0.036471 26.9975
3  0.342455 -8.526620 29.7111
3  1.740590 -8.283700 29.7348
3 -3.419990 -7.116730 29.7172
3 -2.227900 -7.836070 29.7321
3  4.053050 -6.980270 29.6921
3  5.196670 -6.186560 29.6435
3 -5.293150 -5.179320 29.6631
1  0.084453 -3.970190 28.7815
1  0.920600 -4.556030 29.7782
3  6.785510 -4.068650 29.7110
3 -5.934710 -3.957830 29.6757
1 -1.248530 -3.689500 29.0054
1 -1.827140 -4.047450 30.3006
1  2.265140 -3.059180 28.5772
1  2.252290 -4.008550 29.5913
3  7.275980 -2.753350 29.7278
3 -6.590420 -1.335500 29.7036
1 -2.747290 -2.035060 29.6084
1 -2.900120 -0.646813 29.8844
1  2.935630 -1.828120 28.6389
1  3.630120 -1.591490 29.9212
1  3.571520 -0.163926 30.2165
3  7.321770 -0.065119 29.6765
3 -6.926140  0.243483 19.0632
3 -7.117070  0.844490 20.3944
2 -0.089782  1.104840 19.0034
2 -0.783176  1.562220 20.1763
2  1.341120  1.338140 19.2121
2  2.268600  0.449719 18.6069
3  7.222180  1.483550 19.1129
3  7.216000  0.066448 19.0980
3 -6.998490  2.893090 19.0896
3 -7.100780  2.288360 20.3605
3  6.202500  3.919240 19.1144
3  6.504060  3.404350 20.4398
3 -6.502270  4.257240 19.0460
3 -6.140540  4.814610 20.3728
3 -5.419400  6.032670 20.3641
3  5.483890  5.178820 19.0809
3 -5.059810  6.494740 19.0321
3 -3.969990  7.407270 18.9476
3 -3.448760  7.887760 20.2650
3  1.872460  8.129320 20.3324
3  2.442360  7.850980 18.9710
3  3.634360  7.157950 18.9739
3  4.074240  6.716390 20.3898
3 -2.156990  8.413370 20.2350
3 -1.561550  8.602020 18.8911
3 -0.123618  8.615640 18.9202
3  0.487152  8.542920 20.3083
3 -7.011440  0.198600 21.7249
2 -2.070850  0.471851 21.9818
2 -1.866420  0.830366 20.6236
2  0.223281  2.020100 21.1464
2  1.496790  1.850960 20.5220
2  0.047542  1.634990 22.4798
2  3.553570  0.460407 20.6819
2  2.614060  1.424760 21.2463
3  7.195270 -0.022079 21.7376
3  7.028270  1.385320 21.7476
3 -6.979880  2.910710 21.7186
3  6.998590  2.065480 20.4181
3  6.151400  3.980330 21.7050
3 -6.445220  4.260110 21.7203
3  5.105340  5.715350 20.3580
3  5.472470  5.203230 21.7417
3 -4.967780  6.486030 21.6843
3 -3.950330  7.480810 21.6026
3  2.382920  7.800850 21.7173
3  3.616430  7.109180 21.7244
3 -1.578860  8.674600 21.6255
3 -0.104743  8.585220 21.6258
3 -6.720830  0.184029 24.3220
3 -7.020730  0.841355 23.0633
2 -1.112080  0.902077 22.9304
2  1.179760  1.150410 23.2350
2  0.746492  0.134488 24.1464
2  2.431060  1.105330 22.6525
3  6.828410  1.981300 23.0649
3  7.052870  1.385390 24.3787
3 -6.947440  2.250980 23.0384
3 -6.855730  2.863980 24.4269
3  6.181010  3.979150 24.3876
3  6.471050  3.352150 23.0586
3 -6.340750  4.209730 24.3845
3 -6.134170  4.835800 23.0227
3 -5.443800  6.109420 23.0252
3  5.045250  5.714100 23.0756
3  5.353970  5.125850 24.3973
3 -5.167770  6.726160 24.3469
3 -4.113290  7.704150 24.3486
3 -3.470640  7.909180 22.9535
3  1.822280  8.087020 23.0766
3  2.420860  7.941160 24.3976
3  3.582260  7.134660 24.3924
3  4.089940  6.761150 23.0563
3 -2.210170  8.526620 22.9690
3 -0.154673  8.612410 24.3252
3 -1.571200  8.704910 24.3776
3  0.456150  8.459870 23.0351
3 -6.881890  0.774230 25.6672
3  6.885940  2.002180 25.7667
3 -6.884540  2.193800 25.6923
3  6.440890  3.379260 25.7633
3 -6.091820  4.811450 25.7154
3 -5.493690  6.104230 25.6949
3  5.023030  5.671580 25.7591
3 -3.524440  8.029520 25.6797
3  1.859310  8.174600 25.7444
3  4.089990  6.733610 25.7728
3 -2.183800  8.509450 25.7238
3  0.464277  8.500390 25.7274
3 -6.836960  0.738935 28.3497
3 -6.883540  0.115396 26.9951
1  0.157423  0.493162 28.0648
3  7.069200  1.364910 27.0188
3  6.790050  1.915010 28.3399
3 -6.752820  2.174880 28.3283
3 -6.684360  2.829030 26.9879
3  6.060570  3.881120 27.0639
3  6.283790  3.249470 28.3788
3 -6.429340  4.197310 26.9861
3 -6.105150  4.838890 28.3589
3 -5.437490  6.097280 28.3340
3  5.378910  5.061310 27.0897
3  4.953880  5.583160 28.4216
3 -5.117450  6.642810 26.9982
3 -4.138370  7.718650 27.0178
3 -3.550940  8.007650 28.3751
3  2.412400  7.959030 27.0795
3  3.525420  7.111120 27.0887
3  4.056330  6.701110 28.4199
3 -2.168820  8.392370 28.3873
3 -1.527090  8.532570 27.0486
3 -0.140081  8.575940 27.0361
3  1.820130  8.213900 28.4103
3  0.454123  8.523520 28.3700
3 -6.733620  0.070184 29.6848
1 -2.157460  0.353830 29.1178
1 -1.635860  1.335080 30.1244
1 -0.348551  1.933860 30.0022
1  0.635996  1.525100 28.9268
1  1.933320  1.489610 29.4954
1  2.813200  0.489712 29.1866
3  7.100220  1.322570 29.6534
3 -6.576470  2.864320 29.6427
3  5.940710  3.755930 29.7393
3 -6.353600  4.260540 29.6658
3  5.295300  5.015440 29.7418
3 -5.028950  6.621230 29.6838
3 -4.079650  7.699700 29.7160
3  2.445780  8.005470 29.7243
3  3.640950  7.191630 29.7617
3 -1.578420  8.633480 29.6867
3 -0.170829  8.668010 29.6897