309

3 -0.068023 -8.415610 105.712
3  0.547239 -8.438610 104.368
3  1.980920 -8.336360 104.335
3  2.577470 -8.118810 105.666
3 -3.177050 -6.863820 104.464
3 -3.559510 -6.344120 105.790
3 -1.951270 -7.563210 104.455
3 -1.424150 -7.948610 105.754
3  3.933510 -7.653760 105.653
3 -4.856250 -4.773170 104.438
3 -4.469570 -5.213300 105.735
3  6.090590 -6.119930 105.580
3  6.850130 -4.911440 105.616
3 -5.990710 -3.027890 105.786
3 -5.678250 -3.615670 104.418
3  7.412180 -2.954220 104.334
3  7.470100 -2.338890 105.663
3 -6.851090 -1.124230 104.420
3 -6.524220 -1.705100 105.816
2 -2.764530 -1.145060 104.582
2 -2.038350 -0.482740 105.681
2 -0.553018 -1.925930 104.590
2 -0.691952 -1.012070 105.682
2  0.333573 -0.183224 105.983
2  1.613570 -0.281479 105.253
3  7.496480 -0.920265 105.670
3  7.563170 -0.229795 104.412
3  0.597922 -8.421980 107.100
3  1.985590 -8.325020 107.047
3  2.669380 -8.267960 108.328
3 -3.059680 -6.810230 107.106
3 -1.980390 -7.675390 107.114
3 -1.349360 -7.948760 108.449
3  4.039680 -7.873000 108.354
3  4.553280 -7.503610 107.004
3  5.750450 -6.687080 106.982
3 -4.870490 -4.749040 107.108
3  6.999740 -4.315960 106.949
3 -5.674670 -3.560420 107.073
3  7.342280 -2.942010 107.027
3 -6.754360 -1.100190 107.135
3  7.431600 -0.270223 107.048
3 -0.025156 -8.347230 108.430
3  0.647626 -8.408170 109.757
3  2.074090 -8.355270 109.702
3 -3.504890 -6.316660 108.443
3 -3.078480 -6.757320 109.758
3 -1.900720 -7.566980 109.765
3  4.672890 -7.611380 109.611
3  5.828240 -6.766560 109.619
3  6.124560 -6.233680 108.321
3 -4.528360 -5.289610 108.446
3 -4.852160 -4.704860 109.814
3  6.882330 -4.982600 108.301
3  7.013680 -4.381210 109.685
3 -5.907450 -3.013420 108.427
3 -5.658270 -3.587140 109.774
3  7.287950 -2.311190 108.337
3  7.279570 -2.958500 109.678
3 -6.490220 -1.702850 108.480
3 -6.798820 -1.167400 109.813
1 -1.619420 -0.028993 110.057
3  7.468410 -0.908046 108.347
3  7.339120 -0.307598 109.663
3  0.072919 -8.202830 111.096
3  0.667796 -8.391370 112.356
3  2.096050 -8.403040 112.365
3  2.769240 -8.308750 111.066
3 -3.031190 -6.686770 112.460
3 -3.614330 -6.376310 111.157
3 -1.822290 -7.436680 112.443
3 -1.240040 -7.724760 111.109
3  4.166990 -7.961690 111.030
3  4.660260 -7.646290 112.354
3  5.779630 -6.779840 112.364
3  6.212810 -6.331600 110.966
3 -4.456640 -5.249440 111.073
3  6.742890 -4.977150 111.002
3  6.852070 -4.310480 112.337
3 -6.037920 -3.066460 111.092
3  7.240900 -2.340180 111.025
3  7.272420 -2.959120 112.340
3 -6.698600 -1.741780 111.089
3 -7.068410 -1.192940 112.395
1 -3.017810 -1.015580 111.906
1 -0.624683 -1.584190 111.556
1 -1.900920 -1.072940 111.027
1  0.443782 -0.694321 111.009
1  1.511080 -0.370475 111.808
3  7.454750 -0.925019 111.033
3  7.453220 -0.245135 112.371
3  0.048936 -8.259100 113.745
3  2.750650 -8.415480 113.688
3 -3.491780 -6.174490 113.723
3 -1.263610 -7.680830 113.773
3  4.146680 -8.034120 113.714
3  6.141000 -6.220260 113.646
3 -4.932470 -4.721980 112.385
3 -4.532000 -5.187660 113.715
3  6.708810 -4.914380 113.653
3 -6.055270 -3.026950 113.699
3 -5.806290 -3.633500 112.385
1 -0.498234 -1.966730 112.934
3  7.321720 -2.331210 113.650
3 -6.831540 -1.835130 113.758
1 -2.820880 -1.428010 113.289
1 -3.736470 -0.684655 114.085
1 -1.676240 -2.001820 113.784
1  0.652373 -1.607790 113.726
1  1.625320 -0.765294 113.130
3  7.478540 -0.912209 113.683
3  0.729819 -8.371320 115.086
3  0.116174 -8.283350 116.419
3  2.150440 -8.475530 115.042
3  2.764970 -8.391260 116.399
3 -2.990910 -6.543210 115.079
3 -1.808390 -7.392610 115.073
3 -1.222750 -7.709580 116.414
3  4.087410 -7.904590 116.372
3  4.638840 -7.584910 115.057
3  5.696150 -6.672650 114.984
3  6.101630 -6.191350 116.290
3 -4.847720 -4.622170 115.023
3 -4.389720 -5.124270 116.354
3 -3.405980 -6.116880 116.375
3  6.735860 -4.956810 116.291
3  6.923010 -4.265440 115.020
3 -6.151790 -2.961370 116.402
3 -5.717000 -3.541240 115.005
3  7.440200 -2.321400 116.348
3  7.292890 -2.922280 114.999
3 -7.074900 -1.184820 115.134
3 -6.856080 -1.791300 116.405
1 -2.104690 -0.702549 115.861
1 -3.346050 -0.194616 115.329
1 -1.223800 -1.520470 115.082
1  0.685997 -0.265574 115.792
1  0.171080 -1.322040 115.023
3  7.351930 -0.912560 116.363
3  7.426550 -0.263965 115.066
3 -7.213170  0.251598 104.435
3 -7.300690  0.840498 105.748
2 -2.257040  0.869856 106.017
2 -3.305950  1.661510 105.353
2  1.259730  1.966530 105.815
2  2.163600  1.090450 105.146
3  7.180870  1.113270 104.415
3  7.032290  1.769660 105.723
3 -7.293540  2.294810 105.798
3 -7.275580  2.923270 104.473
2 -2.755350  3.009330 105.191
2 -1.444610  3.052100 105.853
2 -0.315507  3.805580 105.315
2  1.046660  3.274250 105.280
3  5.926510  3.536210 104.405
3  6.318390  3.035280 105.729
3 -6.940970  4.337400 104.480
3 -6.738340  4.938780 105.775
3 -6.052250  6.163530 105.777
3  5.142460  4.710190 104.392
3  4.838210  5.282680 105.736
3 -5.649140  6.696480 104.496
3 -4.452770  7.498310 104.482
3 -3.868260  7.826280 105.837
3 -2.454060  8.183210 105.780
3 -1.884670  8.383930 104.464
3 -0.437521  8.331790 104.452
3  1.615960  7.767530 105.750
3  0.210895  8.144130 105.763
3  2.105150  7.414870 104.463
3  3.279860  6.549000 104.414
3  3.788770  6.206360 105.721
3 -7.253670  0.184508 107.108
2 -1.136110  1.721760 106.359
2  0.169108  1.171390 106.393
3  7.125850  1.132080 107.065
3 -7.185760  2.864050 107.116
3  6.119680  3.642200 107.062
3 -6.944700  4.295840 107.137
3  5.259490  4.782820 107.089
3 -5.608100  6.635670 107.102
3 -4.449840  7.420850 107.110
3 -0.407698  8.203100 107.159
3  2.226130  7.540970 107.095
3  3.341660  6.620500 107.099
3 -1.834290  8.240800 107.121
3 -7.387760  0.827059 108.419
3 -7.235140  0.200715 109.783
1 -2.484350  1.084980 110.079
1 -0.198565  0.254452 110.093
1  0.359153  1.534130 109.927
3  7.016780  1.119560 109.708
3  6.857950  1.702270 108.357
3 -7.339920  2.224930 108.434
3 -7.388960  2.894100 109.762
1 -1.998200  2.498570 109.959
1 -0.602428  2.659690 109.903
3  5.963260  3.542160 109.703
3  6.324310  3.060460 108.342
3 -7.081260  4.320570 109.759
3 -6.767440  4.917510 108.427
3 -6.003130  6.146860 108.446
3  4.876260  5.267320 108.388
3  5.313310  4.787690 109.711
3 -5.498800  6.552040 109.772
3 -4.398490  7.399050 109.767
3 -3.849550  7.721460 108.412
3 -2.479510  8.108650 108.410
3 -0.421815  8.204980 109.756
3 -1.820210  8.190250 109.744
3  1.649090  7.815440 108.442
3  0.239681  8.130730 108.468
3  3.839520  6.235940 108.414
3  2.201630  7.509550 109.763
3  3.378140  6.705370 109.750
3 -7.376660  0.858432 111.065
3 -7.381910  0.203544 112.412
1 -3.612220  1.090610 110.938
1 -3.952990  0.049254 111.839
1  1.445830  1.902300 110.835
1  1.999910  0.977158 111.734
3  6.872780  1.707900 111.010
3  7.107910  1.092980 112.388
3 -7.595020  2.269890 111.084
3 -7.568170  2.961920 112.442
1 -2.860780  3.319880 110.743
1 -3.772300  2.492410 111.415
1 -0.070578  3.695760 110.760
1  1.218400  3.262990 111.305
3  6.061780  3.601490 112.385
3  6.296750  3.028560 111.038
3 -6.760150  4.904450 111.107
3 -7.091260  4.297100 112.403
3 -5.949000  6.070250 111.103
1 -2.306590  4.392620 111.441
1 -0.806178  4.629340 111.477
3  4.913520  5.324960 110.984
3  5.364080  4.881520 112.437
3 -5.513660  6.476180 112.479
3 -3.826500  7.657420 111.105
3 -2.468860  8.102020 111.047
3 -0.390498  8.332930 112.387
3  1.590300  7.641400 111.082
3  0.212600  8.130950 111.069
3  3.878620  6.270770 111.043
3 -7.527160  0.811313 113.760
1 -4.399500  0.304907 113.166
1 -4.504240  1.655060 113.591
1  2.231240  0.262878 113.946
1  2.479060  1.360930 113.071
3  6.906630  1.669960 113.743
3 -7.599310  2.252900 113.776
1 -4.198940  2.783210 112.730
1 -3.586330  3.797370 113.564
1  1.569070  3.587610 112.616
1  2.273270  2.670380 113.496
3  6.363700  3.014470 113.692
3 -6.885800  4.935140 113.750
3 -5.980430  6.074620 113.783
1 -2.655220  4.578580 112.922
1 -1.533740  4.995070 113.694
1 -0.373423  5.003380 112.837
1  0.788927  4.480610 113.433
3  4.950520  5.329920 113.736
3 -4.348500  7.227630 112.447
3 -3.824200  7.566980 113.777
3 -2.451850  8.106930 113.724
3 -1.818370  8.224230 112.401
3  1.581310  7.639480 113.658
3  0.237606  8.112890 113.698
3  3.873250  6.258960 113.682
3  2.112610  7.317230 112.379
3  3.350520  6.581790 112.366
3 -7.439920  0.156299 115.107
3 -7.552230  0.860051 116.429
1 -3.602900  1.147730 115.830
1  1.767890  0.506787 115.262
1  1.556090  1.910300 115.697
1  0.385719  1.910690 116.540
3  7.046310  1.110020 115.001
3  6.952580  1.721490 116.350
3 -7.468250  2.858560 115.086
3 -7.537090  2.258110 116.374
1 -4.218380  2.049740 114.946
1 -3.654490  3.341920 114.921
1 -2.613350  3.822750 115.743
1 -1.936790  2.869220 116.603
1  0.941877  4.143750 114.838
1  1.823790  3.008440 114.892
3  6.090120  3.624300 115.004
3  6.397860  3.022870 116.401
3 -7.114500  4.254460 115.077
3 -6.890880  4.927150 116.387
3 -5.913010  5.956360 116.388
1 -0.221150  4.162650 115.646
1 -1.522150  4.629540 115.095
3  5.414200  4.868220 115.059
3  5.055370  5.439660 116.394
3 -4.286310  7.218500 115.118
3 -5.408480  6.378050 115.096
3 -2.402180  8.127540 116.389
3 -3.670370  7.499660 116.407
3 -0.324697  8.262500 115.052
3 -1.784030  8.120210 115.051
3  0.310333  8.261280 116.421
3  1.692790  7.827260 116.406
3  4.038100  6.419010 116.359
3  3.450640  6.760040 114.992
3  2.195590  7.494600 115.029