287

2 -0.547042 -2.279740 55.3114
2 -2.966550 -1.811560 55.1573
3 -5.212210 -6.417090 56.2312
3 -2.853560 -7.516470 56.2075
3 -1.441530 -7.820960 56.2034
3  1.052790 -7.235290 56.1928
3  2.341080 -6.639710 56.1988
3 -6.394690 -5.522150 56.2323
3  4.546150 -5.123790 56.1859
3 -7.581480 -3.216600 56.2800
3  5.547910 -4.070690 56.2118
3 -7.881490 -1.806470 56.2522
2 -1.647720 -1.409260 55.6428
2 -1.479760  0.011773 55.4473
3  7.141230 -1.942230 56.1968
3  7.781370 -0.698795 56.2116
3 -4.750890 -6.733540 57.8423
3 -3.412870 -7.341750 57.7842
3 -0.895512 -7.855940 57.7779
3  0.511116 -7.544940 57.7887
3  2.892010 -6.428560 57.7519
3 -6.664900 -5.055490 57.8346
3  4.101120 -5.616620 57.7876
3 -7.369130 -3.799170 57.8493
1 -0.891769 -2.295670 59.0773
3  5.941830 -3.684180 57.8177
3  6.700840 -2.452340 57.7718
3 -7.931930 -1.228050 57.8220
3 -7.756470  0.192943 57.7921
1 -3.025940 -1.319690 59.4860
1 -2.098320 -0.245182 59.0716
1 -0.769121 -0.884480 58.7980
1  0.376016 -0.187085 59.1560
3 -5.184160 -6.397470 59.4465
3 -4.776400 -6.814730 60.9983
3 -2.851500 -7.542690 59.3632
3 -3.464920 -7.505670 60.9391
3 -1.437900 -7.909830 59.3790
3 -0.796528 -7.929050 60.9220
3  1.144230 -7.450400 59.3538
3  0.622507 -7.527430 60.9112
3  2.423620 -6.766730 59.3275
3  3.008610 -6.518290 60.8902
3 -6.711160 -5.110650 60.9803
3 -6.301680 -5.482360 59.4391
1 -1.392060 -4.277910 61.0699
3  4.113290 -5.545110 60.9569
3  4.514340 -5.123710 59.3960
3 -7.513120 -3.235560 59.4142
3 -7.389490 -3.780820 60.9753
1 -3.371940 -3.273730 61.6357
1 -4.099260 -2.079020 61.6393
1 -2.238140 -2.541080 59.5499
1 -2.513300 -3.570680 60.4929
1  0.175122 -2.983900 59.6391
1 -0.093670 -3.986490 60.6485
3  5.572450 -4.120840 59.3859
3  5.972900 -3.601630 60.9446
3  6.739750 -2.351070 60.9834
3 -7.895460 -1.805720 59.4298
3 -8.081130 -1.171840 60.9234
1 -3.946020  0.204307 61.2492
1 -3.779110 -1.057620 60.6387
1  1.395100 -2.258250 59.8836
1  1.507590 -0.900977 59.6478
3  7.048220 -1.914480 59.3717
3  7.770870 -0.660289 59.3485
3 -5.172560 -6.445590 62.5855
3 -2.888910 -7.664780 62.5318
3 -1.406860 -7.956440 62.4809
3  1.173770 -7.471410 62.5217
3  2.480030 -6.821250 62.4766
3 -6.251040 -5.474280 62.5681
1 -1.568700 -4.465420 62.5303
3  4.539270 -5.265120 62.5006
3 -7.603840 -3.285580 62.5052
1 -4.265330 -1.445180 62.9098
1 -2.822330 -3.839280 62.8101
1  1.001200 -3.908680 61.5775
1  0.795909 -4.061630 62.9434
1  1.948220 -2.851890 61.1466
3  5.478740 -4.121000 62.5167
3 -8.035430 -1.855090 62.4983
1 -4.180710 -0.036139 62.6202
1  2.543490 -2.033720 62.0790
3  6.999130 -1.913150 62.5830
3  7.622020 -0.572620 62.5634
3 -4.694410 -6.882320 64.1659
3 -3.370540 -7.532300 64.1605
3 -0.827994 -7.919340 64.0850
3  0.579143 -7.551450 64.0780
3  2.874150 -6.472960 64.1043
3 -6.753490 -5.116360 64.1156
3  4.125370 -5.651170 64.0605
3 -7.402930 -3.819200 64.0881
1 -3.745310 -2.030900 64.1115
1 -2.994300 -3.250400 64.0545
1 -1.914660 -3.159100 64.9719
1 -0.699354 -3.735670 64.7116
1 -0.500589 -4.418290 63.4370
1  0.484673 -2.975290 64.9955
1  1.526310 -3.259330 63.9484
3  5.876050 -3.644710 64.0934
3  6.749880 -2.479060 64.1204
3 -8.100340 -1.322420 64.0945
1 -2.014040 -1.890850 65.6261
1 -3.137400  0.242568 64.8933
1 -3.150960 -1.205810 65.1120
1  1.308310 -0.692848 65.1019
1  2.371840 -0.954201 64.1426
1  2.430250 -2.301240 63.4907
3 -5.192510 -6.430160 65.7075
3 -2.863540 -7.820630 65.6355
3 -1.447630 -7.931280 65.6648
3  1.151060 -7.498350 65.6774
3  2.481180 -6.865790 65.7183
3 -6.308140 -5.549520 65.6705
3  4.496670 -5.171660 65.6262
3 -7.606160 -3.303610 65.7098
3  5.429380 -4.080120 65.6323
3 -7.988220 -1.880010 65.7058
1 -0.817716 -1.181130 65.9512
1  0.438475 -1.730170 65.5911
3  7.014990 -1.935290 65.6883
3  7.532800 -0.585243 65.6975
3 -4.696030 -6.751030 67.1835
3 -5.172480 -6.572680 68.7702
3 -3.419110 -7.549660 67.2522
3 -2.867230 -7.754120 68.8335
3 -0.879199 -7.881120 67.2753
3 -1.459690 -7.886650 68.8604
3  0.553120 -7.696710 67.2558
3  1.084080 -7.507980 68.8117
3  2.371750 -6.814080 68.8064
3 -6.692020 -5.131500 67.2700
3 -6.242280 -5.534760 68.7984
3  2.862820 -6.477150 67.2558
3  4.099320 -5.620870 67.2513
3  4.453900 -5.134570 68.8444
3 -7.448040 -3.886070 67.2842
3 -7.704650 -3.220130 68.8131
3  5.495220 -4.148690 68.8158
3  5.882720 -3.703740 67.2246
3  6.657450 -2.462200 67.2250
3 -8.125430 -1.822750 68.8926
3 -8.158790 -1.274130 67.3067
2  1.530870 -1.169370 69.4140
3  7.068500 -2.046450 68.8058
3  7.551130 -0.668749 68.7794
3 -7.762570  0.741295 56.2294
3 -7.072510  2.068290 56.1778
3  8.064020  2.011850 56.1897
3 -5.518940  4.149670 56.1080
3  7.845920  3.428690 56.1414
3 -4.383340  5.093240 56.1398
3  6.566110  5.742810 56.1492
3 -2.355430  6.713460 56.1480
3 -1.065330  7.382180 56.1805
3  1.531210  7.905390 56.2445
3  2.942580  7.701320 56.2274
3  5.432750  6.665470 56.1995
1 -2.143180  0.965580 59.7999
3  8.172410  1.424510 57.7715
3  7.964690 -0.058516 57.7632
3 -6.887490  2.630340 57.7526
3 -5.983370  3.833710 57.7376
3  7.612540  4.002910 57.7306
3 -3.938340  5.416040 57.6988
3  6.852030  5.279970 57.7341
3 -2.798190  6.377880 57.7546
3 -0.484309  7.402770 57.7691
3  0.952482  7.877160 57.8343
3  3.551730  7.670370 57.7830
3  4.823870  6.917070 57.7585
3 -7.715470  0.778254 59.2906
3 -7.145040  2.119940 59.3104
3 -7.839990  0.236347 60.9095
1 -2.462270  2.113820 61.8328
1 -3.113600  1.296290 60.8107
1 -0.926558  1.629400 60.1101
1  0.321553  1.147410 59.7672
1  1.427630  1.218870 60.6724
1  2.201310 -0.021928 60.6470
3  8.013280  1.437990 60.9060
3  8.039170  2.015190 59.3845
3  7.906410 -0.093767 60.9566
3 -6.862070  2.576600 60.9170
3 -5.983620  3.755610 60.9015
3 -5.461310  4.051030 59.3043
1 -1.092740  2.377810 61.3362
3  7.696350  3.420690 59.3399
3  7.553320  4.032040 60.9191
3 -4.293960  4.971000 59.3043
3 -3.929240  5.427760 60.8745
3  6.513100  5.750850 59.3486
3  6.813350  5.298020 60.9636
3 -2.229000  6.558440 59.3483
3 -2.797220  6.302640 60.8584
3 -1.041720  7.318480 59.3983
3 -0.476661  7.515880 60.9337
3  1.517700  7.918510 59.4141
3  0.958763  7.908770 60.9285
3  2.953620  7.738750 59.4023
3  3.551440  7.595230 60.9605
3  5.382130  6.625410 59.3714
3  4.893180  6.993230 60.9549
3 -7.742550  0.704728 62.5232
3 -7.140280  2.095350 62.5003
1 -3.611620  0.794821 63.5827
1 -2.696710  1.798330 63.1693
1  2.461610  0.048821 63.0582
1  1.820690  1.302740 63.1433
1  2.553670 -0.613180 61.8568
3  7.992340  2.016500 62.5088
3 -5.471140  4.086590 62.4857
1 -0.029846  2.504230 62.2087
1  1.302520  1.921370 61.9167
3  7.715840  3.442450 62.5205
3 -4.323720  5.049960 62.4975
3  6.480130  5.800290 62.5387
3 -2.311410  6.567100 62.4548
3 -1.003910  7.319470 62.4921
3  1.551280  7.962300 62.4677
3  3.001390  7.841460 62.4953
3  5.411980  6.792970 62.5168
3 -7.959210  0.169177 64.0935
1 -1.625250  2.011650 64.0989
1 -1.847370  1.011600 65.1930
1  0.830749  1.526210 64.1953
1  0.578683  0.550958 65.1701
3  7.835140  1.411060 64.0946
3  7.759550  0.009136 64.1177
3 -6.899830  2.620310 64.1164
3 -5.932170  3.704070 64.0810
1 -0.301365  2.309650 63.6696
3  7.523070  4.004520 64.1193
3 -3.861810  5.369500 64.1010
3  6.844310  5.290980 64.1431
3 -2.744790  6.304840 64.0335
3 -0.532874  7.575050 64.0739
3  0.922156  7.944430 64.0771
3  3.561930  7.643610 64.0850
3  4.964120  7.171780 64.0857
3 -7.730940  0.740389 65.6724
3 -7.197630  2.098600 65.6852
1 -0.775887  0.243022 65.6522
3 -6.790710  2.620430 67.2401
3 -5.532630  4.200410 65.6784
3  7.783940  1.956400 65.6292
3  7.596890  3.419230 65.7271
3  7.348270  3.928350 67.3315
3 -4.340010  4.992690 65.6904
3  6.524730  5.856500 65.6872
3  6.773900  5.311600 67.2800
3 -2.264190  6.551190 65.6660
3 -2.786640  6.284050 67.2615
3 -1.067220  7.310180 65.6881
3  1.479180  8.045960 65.6582
3  0.941142  8.018240 67.2649
3  2.920100  7.836060 65.6190
3  3.509520  7.765860 67.2149
3  5.493510  6.885830 65.6459
3  4.862540  7.156580 67.2184
3 -7.635890  0.774421 68.8679
3 -7.127440  2.126990 68.8447
3 -7.950840  0.205213 67.2847
2 -0.696427 -0.090304 69.1832
2 -0.020992  1.142970 68.7101
2  1.424450  1.172360 68.5581
2  2.162410  0.035504 68.9502
3  7.756910  1.406040 67.2484
3  7.712140  1.945390 68.7934
3  7.637270 -0.069102 67.2244
3 -5.950180  3.866470 67.2772
3 -5.508130  4.196870 68.8396
2  2.225670  2.319050 68.9933
3  7.462400  3.389900 68.8122
3 -3.957330  5.436000 67.2592
3 -4.422900  5.122620 68.8119
3  6.474110  5.837990 68.8315
3 -2.282130  6.619690 68.7714
3 -0.431147  7.478810 67.2607
3 -0.969562  7.248370 68.7909
3  1.519470  8.034320 68.8475
3  2.950950  7.919010 68.8211
3  5.334650  6.826030 68.8031
2 -0.702026  2.355700 69.2155