331

3 -3.177390 -6.741410 107.865
3 -2.590580 -6.761540 109.351
3 -1.130390 -6.839920 109.317
3 -0.546251 -6.743480 107.826
3  0.907760 -6.657700 107.857
3  1.554230 -6.656090 109.318
3 -6.695890 -4.708460 107.785
3 -6.245830 -5.202150 109.270
3 -4.558160 -6.400000 107.820
3 -5.091040 -6.019280 109.274
3  2.908590 -6.229600 109.331
3  3.547030 -6.061300 107.915
3  4.893330 -5.616480 107.860
3  5.508230 -5.362900 109.300
3  6.604360 -4.444900 109.337
3 -7.553190 -3.596810 107.800
3 -7.884280 -3.070760 109.303
2 -0.523121 -2.747070 108.708
2  1.624480 -3.523780 107.988
2  3.021400 -3.139730 107.992
3  7.114400 -4.079970 107.877
3  7.868520 -2.836760 107.946
3  8.099990 -2.235930 109.373
3 -8.356250 -1.087930 107.798
3 -8.177330 -1.675810 109.384
2 -1.783850 -0.678965 108.634
2  4.569800 -1.567350 108.658
2  3.653580 -2.552630 109.176
3  8.585900 -0.908188 109.424
3  8.663310 -0.289110 107.929
3 -3.138240 -6.759460 110.762
3 -0.517943 -6.911740 110.777
3  0.962291 -6.881760 110.794
3 -6.673220 -4.788370 110.769
3 -4.543120 -6.357900 110.797
3  3.532660 -6.091620 110.732
3  4.906790 -5.712590 110.754
3 -7.573610 -3.667110 110.781
2  0.815055 -3.184420 109.168
3  7.084180 -4.065800 110.748
3  7.816390 -2.847600 110.799
3 -8.234720 -1.145450 110.808
2 -1.159850 -1.698940 109.408
2 -0.592106 -1.061830 110.606
2  0.733478 -1.463030 111.008
2  1.431080 -2.579770 110.293
2  2.857090 -2.235450 110.311
2  2.977360 -0.867471 110.921
3  8.547780 -0.270766 110.856
3 -3.215640 -6.784510 113.698
3 -2.511640 -6.862150 112.201
3 -1.104480 -6.907260 112.221
3 -0.477618 -6.931160 113.668
3  0.945115 -6.710690 113.625
3  1.560190 -6.612750 112.195
3 -6.152410 -5.123760 112.222
3 -5.051540 -6.019740 112.240
3 -6.624280 -4.777700 113.677
3  2.909010 -6.169000 112.144
3  4.865580 -5.617570 113.632
3  3.494550 -6.045660 113.579
3  5.474040 -5.369270 112.163
3  6.680360 -4.631170 112.125
3 -7.782750 -3.119040 112.231
3 -7.534640 -3.679080 113.721
3  7.782680 -2.916270 113.672
3  7.970820 -2.296550 112.303
3 -8.150970 -1.723520 112.216
3 -8.223290 -1.151500 113.593
3  8.415410 -0.897951 112.326
3  8.485690 -0.370605 113.746
3 -2.537250 -6.791130 115.158
3 -1.112520 -6.909120 115.104
3  1.567980 -6.589600 115.106
3 -6.202590 -5.134310 115.177
3 -5.082380 -6.061410 115.176
3 -4.560350 -6.335850 113.747
3  2.969970 -6.418890 115.089
3  5.400290 -5.453400 115.084
3  6.598670 -4.665920 115.155
3 -7.816490 -3.121060 115.083
1 -1.039220 -3.009860 115.311
1  0.273498 -2.435570 115.193
3  7.191920 -4.210700 113.634
3  7.984000 -2.369090 115.111
3 -8.065160 -1.721650 115.038
1 -3.154420 -1.802790 115.091
1 -3.878170 -0.618453 114.944
1 -1.187210 -1.134430 113.914
1 -1.928080 -2.148230 114.554
1  0.187681 -1.277480 114.299
1  1.808710 -0.080351 115.753
3  8.308240 -0.958344 115.178
3 -3.171670 -6.703340 116.656
3 -0.504004 -6.872890 116.504
3  0.920514 -6.712230 116.525
3 -6.691550 -4.775100 116.579
3 -4.531800 -6.232720 116.612
3  3.518220 -6.271690 116.543
3  4.802060 -5.649850 116.564
3 -7.596030 -3.730710 116.542
1 -3.662120 -2.516230 116.240
1 -2.792550 -3.389230 116.983
1 -1.466310 -3.690290 116.530
1  1.130630 -2.472010 116.296
1 -0.556446 -3.604760 117.672
1  0.741770 -3.117990 117.556
3  7.039060 -4.169270 116.568
3  7.799030 -2.953880 116.532
3 -8.157650 -1.121390 116.534
1 -4.717190 -0.456033 116.057
1 -4.631830 -1.676420 116.883
1  1.874440 -1.266560 116.570
1  1.917740 -1.107840 117.941
3  8.387080 -0.346453 116.598
3 -3.068440 -6.662100 119.501
3 -1.089270 -6.837640 118.011
3 -2.539370 -6.731850 118.047
3 -0.490210 -6.807560 119.533
3  0.980434 -6.702000 119.487
3  1.557130 -6.715950 117.944
3 -6.222040 -5.095800 117.979
3 -6.649810 -4.739830 119.441
3 -5.064480 -5.909910 118.028
3 -4.473890 -6.179870 119.487
3  2.969740 -6.475860 117.912
3  3.534580 -6.140160 119.426
3  4.864260 -5.611780 119.427
3  5.347280 -5.332940 118.004
3  6.522130 -4.546730 117.993
3 -7.595010 -3.656830 119.487
3 -7.864430 -3.100160 117.983
1 -3.619460 -2.293670 119.046
1 -2.776370 -3.233720 118.386
1 -1.320700 -3.388670 118.823
1 -0.864229 -2.614900 119.893
1  0.461295 -2.021550 119.793
1  1.257230 -2.209920 118.613
3  7.035440 -4.089650 119.459
3  7.869450 -2.926140 119.402
3  8.054710 -2.345040 118.003
3 -8.171800 -1.696220 117.924
3 -8.376980 -1.087500 119.403
1 -4.599580 -1.517470 118.299
1 -4.549500 -0.177011 118.930
1  1.922600  0.109229 118.574
3  8.231310 -0.928419 117.999
3  8.331980 -0.308258 119.419
3 -2.493050 -6.827260 120.936
3 -1.039600 -7.036260 120.937
3  1.551060 -6.622170 120.920
3  3.040070 -6.476460 120.874
3 -6.181970 -5.149660 120.969
3 -4.981230 -5.912610 120.957
3  5.466030 -5.322400 120.808
3  6.637480 -4.555820 120.872
3 -7.827610 -3.028410 120.885
3  8.160450 -2.421460 120.907
3 -8.376580 -1.696740 120.882
1 -3.619130 -0.159043 120.048
1 -3.030580 -1.480470 120.073
1 -1.766030 -1.575380 120.513
1 -0.947455 -0.428562 120.724
1  0.388457 -0.687056 120.280
3  8.377930 -0.947049 120.963
3 -8.174420  0.372937 107.801
3 -8.043440  0.918311 109.323
2 -1.584720  0.568836 109.293
2  4.803340 -0.294077 109.321
2  4.825370  0.847470 108.456
3  8.681960  1.137220 107.981
3  8.557240  1.721950 109.482
3 -7.752510  2.319420 109.352
3 -7.665460  2.925440 107.861
3 -6.801230  4.093640 107.788
3 -6.441680  4.584800 109.238
2 -1.540370  1.826490 108.607
2  0.101404  3.323060 107.824
2 -0.549872  2.823870 108.994
2  2.292510  3.294950 108.886
2  3.604120  2.919490 108.458
2  4.266420  1.991830 109.237
3  7.870440  3.614460 107.995
3  8.139750  3.079710 109.477
3 -5.390030  5.580540 109.335
3 -4.851250  5.959640 107.817
3 -3.435890  6.394870 107.848
3 -2.933650  6.574620 109.309
3  4.653420  6.115640 107.961
3  5.177050  5.838700 109.403
3  6.856280  4.660450 108.017
3  6.354810  5.043300 109.393
3 -1.475350  6.755740 109.305
3 -0.812244  6.741500 107.822
3  0.586021  6.819210 107.892
3  2.657650  6.773980 109.298
3  1.218130  6.848100 109.311
3  3.339810  6.664870 107.939
3 -8.124130  0.284976 110.781
2 -0.806283  0.352298 110.490
2  0.082054  1.384370 110.862
2  1.701990 -0.446908 111.313
2  1.408200  0.894389 111.271
2  4.016980  0.037102 110.511
2  3.680350  1.401220 110.415
3  8.614080  1.165090 110.886
3 -7.504500  2.876440 110.744
3 -6.829990  4.107360 110.710
2  0.266199  2.593620 110.113
2  1.721720  2.914430 110.096
2  2.428000  1.853490 110.837
3  7.842570  3.626620 110.848
3 -4.835800  5.890310 110.714
3 -3.503080  6.397690 110.737
3  4.526530  6.052550 110.816
3  6.862730  4.672770 110.821
3 -0.897366  6.771290 110.740
3  0.537389  6.890140 110.734
3  3.203760  6.545610 110.826
3 -8.051050  0.891389 112.241
3 -8.238730  0.269862 113.616
3  8.487260  1.655750 112.263
3  8.633680  1.093090 113.742
3 -7.721440  2.291510 112.172
3 -6.455010  4.658990 112.135
3 -6.834500  4.175800 113.622
3  8.036780  3.031870 112.318
3 -5.417320  5.700380 112.135
3 -4.932090  6.051540 113.599
3 -2.973100  6.555600 112.156
3 -1.544290  6.780510 112.187
3  5.029890  5.724160 112.276
3  6.232340  4.934690 112.329
3  6.748010  4.666110 113.705
3  2.520070  6.664780 112.267
3  1.091130  6.887850 112.223
3 -8.151890  0.970523 115.119
1 -3.189180  0.413759 114.268
1 -3.220960  1.660270 114.987
1 -1.801870  0.140755 113.772
1 -1.057970  1.319110 114.227
1  0.262014  1.175880 114.573
1  0.837344  2.017800 115.613
1  0.876652 -0.135728 114.649
3  8.489920  1.709460 115.129
3 -7.460260  2.898210 113.667
3 -7.783130  2.351680 115.088
3 -6.572180  4.768020 115.143
1 -1.921890  2.239540 114.877
3  7.748800  3.605680 113.715
3  8.088460  3.135450 115.158
3 -5.561900  5.825170 115.151
3 -3.593250  6.577880 113.632
3 -3.037650  6.826670 115.075
3 -1.617740  6.924180 115.104
3  4.418800  5.999680 113.750
3  4.978030  5.757150 115.169
3  6.207320  4.999980 115.176
3 -0.979410  6.843230 113.694
3  0.472015  6.896050 113.707
3  2.496170  6.613650 115.172
3  1.072120  6.823250 115.169
3  3.086620  6.485450 113.732
3 -8.223160  0.377516 116.546
1 -4.711480  0.825825 116.692
1 -4.040970  1.897540 116.104
1  1.811340  1.261240 116.318
1  1.812630  1.318940 117.711
3  8.417120  1.152700 116.560
3 -7.510010  2.884130 116.537
3 -6.960810  4.240920 116.591
1 -3.491090  2.692240 117.182
1 -1.433590  3.120100 115.832
1 -2.220640  3.257950 117.032
1 -0.039055  2.890730 116.239
3  7.645520  3.635260 116.631
3 -4.957930  6.049260 116.561
3 -3.639520  6.579630 116.502
3  4.416010  5.975090 116.637
3  6.631330  4.666900 116.590
3 -0.995926  6.896890 116.571
3  0.443499  6.852540 116.612
3  3.049800  6.422150 116.615
3 -8.241140  0.958098 118.018
3 -8.369140  0.354681 119.418
1 -4.710290  0.945189 118.114
1 -3.946940  2.172310 118.440
1 -3.017770  2.132250 119.524
1  0.546598  1.654950 119.652
1  0.869174  2.196070 118.360
1  1.184040  0.341197 119.777
3  8.449770  1.148520 119.477
3  8.361170  1.723130 118.050
3 -7.918580  2.349300 118.005
3 -7.528480  2.892040 119.392
3 -6.905230  4.171490 119.420
1 -1.660350  2.709430 119.395
1 -1.295130  3.250800 118.175
1  0.029319  3.103910 117.665
3  7.968200  3.059210 118.053
3  7.653440  3.584270 119.449
3 -6.561460  4.680920 118.002
3 -5.604840  5.748130 117.973
3 -5.040100  6.125810 119.415
3 -3.687390  6.691220 119.463
3 -3.105890  6.938640 117.990
3  4.461890  5.982450 119.481
3  6.778210  4.745850 119.475
3  6.224680  5.025790 118.014
3  4.989060  5.734360 118.016
3 -1.648660  7.008330 118.059
3 -1.026460  6.966050 119.518
3  0.432440  6.902940 119.511
3  1.052480  6.858140 118.091
3  2.478770  6.545350 118.125
3  3.091910  6.495510 119.486
3 -8.272980  0.936929 120.853
1 -2.904740  0.977882 120.332
1 -1.550960  0.799963 120.732
1 -0.736078  1.918000 120.195
3  8.387720  1.705840 120.908
3 -7.836340  2.363440 120.880
3 -6.514070  4.664410 120.804
3  7.929470  3.074120 120.917
3 -5.451130  5.620920 120.844
3 -3.072910  6.704090 120.982
3  6.269400  5.057480 120.957
3  4.931290  5.645680 120.921
3 -1.609480  6.858240 120.933
3  1.016790  6.732420 120.905
3  2.458770  6.609600 120.897