420

3  4.532320 -6.204100 71.3869
3  6.561960 -4.262530 71.2845
3  7.424760 -3.157120 71.2314
3  7.859120 -0.446064 71.0615
3 -3.410240 -6.171470 71.5392
3 -1.471690 -6.965840 72.7192
3 -2.775400 -6.518720 72.7690
3 -0.864111 -7.010860 71.4581
3  0.525143 -7.119650 71.3984
3  1.275970 -7.269530 72.5909
3  2.636370 -7.023970 72.5971
3  3.258630 -6.701990 71.4219
3 -4.952790 -4.944990 72.7878
3 -4.569340 -5.433350 71.5559
3  5.046720 -5.636260 72.5231
3  6.061740 -4.658010 72.4937
3 -7.221020 -2.359460 71.6264
3 -5.864070 -3.901330 72.7851
3 -6.378920 -3.465720 71.5943
3  7.634950 -2.419800 72.3973
3 -7.510800 -1.746870 72.8684
3 -8.067030 -0.497742 72.8562
2 -3.872220 -0.699703 73.4320
2 -1.896560 -0.764026 71.9606
2 -2.666710 -1.340350 72.9848
2 -0.456094 -0.771346 72.0507
2  0.156584 -1.393460 73.1645
3  8.047090 -1.100900 72.3285
3 -3.224030 -6.145930 74.0378
3 -1.433210 -7.326250 75.1394
3 -2.572240 -6.552330 75.2178
3  0.604374 -7.392340 73.8187
3 -0.797994 -7.333670 73.8983
3  1.361490 -7.367980 75.0044
3  2.761020 -7.030270 75.0019
3  3.293050 -6.717660 73.7697
3 -4.843350 -4.923330 75.2230
3 -4.353070 -5.331010 74.0033
3  4.474950 -6.003890 73.7257
3  5.006520 -5.549690 74.9105
3  6.391980 -4.039160 73.7124
3  5.962850 -4.529060 74.9136
3 -5.872490 -4.023840 75.2293
3 -7.043130 -2.280520 74.0532
3 -6.321800 -3.457830 74.0208
3  7.323930 -3.000470 73.6519
3  7.760510 -2.411390 74.8267
3 -7.342380 -1.712050 75.2923
3 -8.085330 -0.504189 75.3105
2 -4.004740 -0.915880 74.8522
2 -2.890080 -1.743710 75.2782
2 -2.062670 -2.019330 74.1064
2 -0.657977 -2.027020 74.2021
2 -0.064641 -1.714410 75.4867
2  1.105080 -0.899497 75.2565
2  1.227440 -0.683921 73.8347
3  8.088630 -0.360492 73.5144
3  8.184050 -1.099970 74.7535
3 -3.111640 -6.191140 76.4356
3 -1.280840 -7.299980 77.5676
3  0.745622 -7.562320 76.2195
3 -0.674989 -7.508730 76.3118
3  1.490880 -7.506960 77.4218
3  2.815980 -7.054980 77.4150
3  3.469910 -6.749270 76.2234
3 -4.286550 -5.398860 76.4114
3  4.624880 -6.043330 76.1658
3  5.264970 -5.674440 77.3446
3  6.527230 -4.009150 76.0983
3  6.128000 -4.569150 77.3440
3 -6.945720 -2.332900 76.5101
3 -6.283470 -3.550490 76.4706
3  7.426050 -2.964230 76.0650
3  7.706310 -2.317630 77.2665
2 -2.832120 -0.378539 77.3380
2 -2.300470 -1.449920 76.5153
2 -0.857540 -1.428660 76.6147
2 -0.497097 -0.349518 77.5035
3  8.145260 -0.333166 75.9164
3  8.190040 -1.002110 77.1716
3 -2.480240 -6.615100 77.6016
3 -0.510421 -7.420760 78.7685
3  0.867259 -7.583640 78.6772
3  3.523640 -6.845310 78.5922
3 -2.937420 -6.055850 78.7836
3 -4.720570 -4.941820 77.6430
3 -4.091300 -5.302550 78.8475
3  4.753730 -6.166780 78.5686
3  6.638110 -4.087700 78.5613
3 -5.790040 -4.072300 77.6725
3 -6.977850 -2.411790 78.8887
3 -6.299490 -3.592100 78.8899
3  7.495770 -2.963970 78.5451
3 -7.313610 -1.834180 77.7200
3 -8.072910 -0.645971 77.7347
3  8.186460 -0.271530 78.4080
3 -1.102090 -7.093700 80.0113
3 -2.317910 -6.435040 80.0042
3 -0.375005 -7.222700 81.1557
3  0.993099 -7.507780 81.0551
3  1.617090 -7.451070 79.8453
3  2.973450 -7.141970 79.8387
3  3.619750 -6.862520 81.0419
3 -4.589360 -4.836580 80.0794
3 -3.962380 -5.192960 81.2776
3 -2.829940 -5.979650 81.2615
3  4.863960 -6.145740 81.0491
3  5.310630 -5.712020 79.8134
3  6.188620 -4.619970 79.7952
3 -5.750650 -4.025260 80.1124
3 -7.066980 -2.505080 81.3735
3 -6.187010 -3.589440 81.3461
3  6.551250 -3.967740 80.9809
3  7.198000 -2.731280 80.9675
3  7.794300 -2.267590 79.7776
3 -7.391770 -1.924690 80.1236
3 -7.958370 -0.646846 80.1701
1 -3.108900 -0.133612 81.2312
1 -1.688570 -0.066067 80.9322
1 -0.740502 -0.929382 81.4999
3  8.125190 -0.917283 79.6835
3  8.134480 -0.135455 80.8237
3 -2.180270 -6.338590 82.4647
3 -0.962185 -6.983150 82.4071
3 -0.350416 -7.432030 83.5398
3  1.005800 -7.729570 83.5039
3  1.684940 -7.612330 82.2687
3  3.010180 -7.185760 82.3011
3  3.636580 -6.915030 83.5384
3 -4.599390 -4.968650 82.5259
3 -4.120870 -5.598440 83.6874
3 -2.903390 -6.289120 83.6899
3  5.330050 -5.665540 82.2512
3  4.777960 -6.106320 83.5161
3  6.199130 -4.552920 82.2280
3 -5.657890 -4.095600 82.5439
1 -2.545900 -1.881400 82.8875
1 -1.182620 -1.855270 82.5251
1 -0.175085 -1.869280 83.5677
3  6.408860 -3.880450 83.4394
3  6.889940 -2.556940 83.3685
3  7.316650 -1.993260 82.1502
3 -7.337160 -1.947940 82.6026
3 -7.862390 -0.651184 82.6529
1 -4.434210 -0.555970 83.2672
1 -3.509340 -1.009260 82.2550
1  0.540087 -0.369029 81.9083
1  0.865254 -0.941703 83.1923
3  7.844420 -0.738876 82.0714
3 -2.324510 -6.777900 84.8433
3 -1.091810 -7.408650 84.7318
3  1.692660 -7.846590 84.6904
3  2.979540 -7.171650 84.7599
3 -5.650090 -4.323080 85.0067
3 -4.665480 -5.297230 84.9625
3  5.067270 -5.449250 84.7566
3  6.015720 -4.396730 84.7133
3 -6.965750 -2.579410 83.8128
3 -6.132790 -3.710840 83.8154
1 -2.901330 -1.977110 84.2881
1 -1.934750 -2.040530 85.2968
1 -0.547723 -1.968640 84.9178
3 -7.734290 -0.666464 85.1235
3 -7.251890 -1.990700 85.0567
1 -4.042490 -1.142760 84.5166
1 -4.246960 -0.477847 85.7235
1  1.511120 -0.173506 84.1563
1  1.141360 -0.308053 85.5329
3  7.035250 -1.873770 84.5802
3  7.540110 -0.579482 84.5300
3 -2.990470 -6.653240 86.1248
3 -0.498315 -7.928470 85.8478
3  0.913129 -7.846340 85.8530
3  3.355290 -6.655360 86.0068
3 -4.155730 -5.874520 86.1357
3  4.445760 -5.778110 85.9664
3 -6.810450 -2.653240 86.2601
3 -6.058430 -3.807450 86.2096
3  6.231010 -3.689210 85.9086
3  6.940690 -2.482760 85.8339
1  0.152016 -1.212520 85.9296
3  7.875140 -0.020892 83.2595
2 -1.117000  1.291320 71.1202
2 -2.296380  0.498705 71.3657
2  0.007110  0.506687 71.5528
3  7.313770  0.834923 71.0977
2 -1.124690  2.681050 71.3148
3  4.416200  3.840400 71.2730
3  5.498650  2.957310 71.1420
3  2.384320  5.768680 71.3648
3  1.439730  6.791130 71.3451
3 -8.553620  1.486480 71.5629
3 -8.259580  0.134759 71.6292
2 -3.452220  1.132590 71.8174
2 -4.795350  1.566640 73.6613
2 -4.234290  0.518868 72.8503
2  1.080310  1.145400 72.1762
2  1.658100  0.551983 73.3466
3  6.952230  1.452810 72.3143
3 -8.744880  2.130880 72.8041
3 -8.862760  3.532850 72.7786
2 -3.495620  2.562990 71.9914
2 -4.340650  2.842860 73.1373
2 -2.336010  3.325790 71.7602
2 -0.005636  3.350270 71.9273
2  1.080270  2.581590 72.3691
3  6.055580  2.501160 72.3417
3 -8.693910  4.194600 71.5349
3 -8.198970  5.540500 71.5562
3 -7.789750  6.060180 72.7940
2 -1.968200  4.415840 72.6408
2 -0.520013  4.420490 72.7561
3  4.192000  4.596480 72.4255
3  3.236810  5.630720 72.4626
3 -6.162610  7.396910 71.5634
3 -6.727490  7.001490 72.8012
3 -4.853080  7.888890 71.5679
3 -4.230900  7.992970 72.8322
3 -0.067281  8.177150 72.6523
3 -0.813701  8.331550 71.4976
3  1.177060  7.484350 72.5350
3 -2.828770  8.208740 72.8088
3 -2.222150  8.303990 71.5473
3 -8.754090  1.440060 74.0538
3 -8.353490  0.101394 74.0672
2 -4.914950  1.366380 75.0410
2 -4.526330  0.116012 75.6518
2  2.068210  1.597270 74.2399
2  1.949560  1.417950 75.6231
3  7.498590  0.929524 73.4901
3  7.106890  1.485950 74.7025
3 -8.803860  2.093080 75.2922
3 -8.796150  3.503630 75.2758
2 -3.962430  3.860050 74.0273
2 -4.102690  3.663380 75.4524
2  1.708080  2.858800 73.6475
2  1.162670  3.850790 74.4785
3  4.818790  4.169670 73.6184
3  5.666310  3.070790 73.5472
3  6.181640  2.529400 74.7252
3 -8.698720  4.175340 74.0071
3 -8.286430  5.521590 74.0435
3 -7.835570  6.115410 75.2561
2 -2.756140  4.624340 73.7885
2 -2.167090  4.910600 75.0638
2 -0.782156  4.914690 75.1815
2  0.034868  4.616360 74.0284
3  3.006560  6.321750 73.6840
3  4.455510  4.772000 74.8108
3  3.549520  5.831970 74.8559
3 -6.133770  7.324120 74.0423
3 -6.778750  6.973390 75.2377
3 -4.859910  7.832580 74.0502
3 -4.163770  8.073370 75.2007
3 -0.661479  8.301510 73.8796
3  0.076420  8.172880 75.0625
3  1.978910  7.284010 73.6903
3  1.392280  7.602440 74.9782
3 -2.055910  8.282610 73.9457
3 -2.758180  8.251310 75.1717
3 -8.836190  1.363690 76.5304
3 -8.367710  0.061520 76.5253
2 -3.977740  1.848790 77.1282
2 -3.922620  0.407158 76.9291
2  0.645069  0.429203 77.2898
2  0.631893  1.859800 77.5015
2  1.448310  0.153526 76.1266
3  7.596670  0.941177 75.8985
3  7.335440  1.613370 77.1260
2 -4.584080  2.437820 75.9485
2 -2.877510  2.495840 77.7250
2 -2.390010  3.776700 77.2410
2 -0.939986  3.771300 77.3589
2  1.068860  3.710200 75.9109
2  1.430110  2.474740 76.4680
3  5.854850  3.165100 75.9171
3  6.558440  2.767180 77.0894
3 -8.588490  4.177460 76.4835
3 -8.180080  5.501870 76.5126
2 -2.980860  4.321240 76.0879
2 -0.148732  4.358780 76.3510
3  3.741820  5.824350 77.2492
3  4.625300  4.764450 77.2153
3  4.940740  4.233610 75.9962
3 -6.170610  7.368580 76.4361
3 -4.849660  7.930550 76.4062
3 -4.130800  8.069320 77.5830
3 -1.997470  8.190080 76.3420
3 -2.714080  8.104230 77.5697
3 -0.605477  8.046680 76.3033
3  0.029026  7.724250 77.4928
3  1.995780  7.151850 76.1760
3  1.370030  7.311300 77.4272
3  3.130930  6.315690 76.0940
3 -8.627290  1.356240 78.9953
3 -8.281890  0.006000 78.9558
2 -1.705870  0.308911 77.9070
2 -1.737210  1.694010 78.0627
3  7.773220  1.084900 78.3552
3  7.588420  1.796670 79.5362
3 -8.779370  2.080610 77.7409
3 -8.778200  3.545370 77.7391
2 -0.553944  2.483980 77.8919
3  6.427340  3.516410 78.2895
3  6.888420  3.006480 79.5369
3 -8.700540  4.232280 78.9877
3 -7.814930  6.143200 77.7270
3 -8.175390  5.527880 78.9686
3  3.306670  6.317920 78.5178
3  5.430540  4.486130 78.3397
3 -6.769200  7.070990 77.6431
3 -6.083220  7.383440 78.8404
3 -4.748730  7.822800 78.8540
3 -1.979160  8.017470 78.7810
3 -0.600533  7.738460 78.7260
3  2.036780  6.922070 78.6208
3 -8.060600 -0.006718 81.4204
3 -8.153180  1.405400 81.4066
1 -3.629260  1.231270 81.2568
1 -2.531420  2.105670 80.9631
1 -1.345810  1.316190 80.8223
1 -0.073991  1.838590 81.0304
1  0.911923  0.972351 81.6449
3  7.907270  1.233790 80.7519
3 -8.461260  2.077410 80.2105
3 -8.644810  3.527920 80.2208
1 -2.469550  3.414020 81.4455
1 -0.009898  3.130900 81.6672
1 -1.174580  3.873170 81.8887
3  6.582800  3.595890 80.7637
3 -8.363600  4.213300 81.4615
3 -7.733680  6.143570 80.1813
3 -7.972440  5.542770 81.4304
3  3.971190  5.909400 79.6449
3  5.101280  5.092060 79.5978
3  3.298380  6.058820 80.9031
3  5.541770  4.491040 80.8135
3 -6.680740  7.092300 80.0777
3 -6.082480  7.492320 81.3051
3 -4.011760  7.794340 80.0408
3 -4.721110  7.844210 81.2456
3 -2.622110  7.959860 79.9848
3 -1.963600  7.798050 81.2057
3  0.044638  7.330370 79.9016
3 -0.598247  7.491360 81.1523
3  1.347230  6.849090 79.8512
3  1.980770  6.421830 80.9944
1 -4.562320  1.653990 82.2215
1 -4.933420  0.744164 83.2670
1  1.601960  1.762440 82.6590
3  7.798500  1.980560 81.9508
3  8.003450  1.380070 83.2096
3 -8.106010  2.116800 82.6340
3 -8.333940  3.469160 82.6354
1 -4.529050  2.997910 82.7816
1 -3.461560  3.848250 82.4235
1  0.835530  3.747260 83.8895
1  1.036730  3.097470 82.6591
3  6.738060  3.766680 83.1924
3  7.094530  3.173440 81.9737
3 -7.594830  6.159380 82.6396
1 -2.743790  4.500560 83.4897
1 -1.361340  4.527210 83.1435
3  3.906520  5.722580 82.0952
3  3.297410  6.014830 83.3589
3  5.007340  4.894950 82.0427
3  5.558730  4.545490 83.2740
3 -6.628750  7.149560 82.5636
3 -5.963540  7.512480 83.7513
3 -4.032760  7.868660 82.4446
3 -4.638240  7.927680 83.6796
3 -2.640300  7.869410 82.4220
3 -1.898020  7.711310 83.5987
3  0.121845  7.274900 82.3271
3 -0.515653  7.501330 83.5756
3  1.386980  6.712560 82.2311
3  2.108820  6.745790 83.4098
3 -8.118340  1.430290 83.8504
3 -8.025510  0.009917 83.9111
1 -5.107880  1.478740 84.4867
1 -4.785860  0.857056 85.7083
1  1.914150  1.188900 83.9093
1  1.781070  1.907500 85.1706
3  8.012010  1.468940 85.6396
3  7.840810  0.084932 85.7227
3 -8.150210  2.072500 85.1075
3 -8.271310  3.487930 85.1226
1 -4.873840  2.882830 84.2077
1 -4.201660  3.600470 85.2234
1  1.271990  3.219880 85.1623
3  7.925290  2.125380 84.4011
3  7.293320  3.389700 84.3918
3  7.040610  4.000160 85.6166
3 -8.233760  4.192420 83.9137
3 -7.838670  5.558320 83.8957
3 -7.438640  6.160050 85.1034
1 -3.108560  4.460780 84.8392
1 -2.080520  4.393350 85.8607
1 -0.383228  4.461010 84.1127
1 -0.719789  4.427040 85.5036
3  3.903840  5.690940 84.5767
3  3.446940  6.110440 85.8150
3  5.142960  5.018130 84.5086
3  5.933990  4.866810 85.6329
3 -6.532380  7.228620 85.0335
3 -3.920750  7.926230 84.8403
3 -2.542030  7.879130 84.8222
3  0.205293  7.464510 84.7388
3  1.563220  7.089930 84.6831
3  2.201150  6.768600 85.9048
3 -8.142850  1.356140 86.3090
3 -7.883450 -0.032154 86.3494
1  1.286420  0.973599 86.1627
1  0.281732  3.624520 86.1689
3 -8.070190  4.143900 86.3408
3 -7.660350  5.488680 86.3382
3 -5.798770  7.524240 86.1752
3 -4.517910  8.032110 86.0694
3 -1.795810  7.895390 85.9953
3 -0.452282  7.624290 85.9700