300

3 -5.397420 -6.715010 84.5687
3 -2.977430 -7.749640 84.5824
3 -1.540880 -7.825550 84.5424
3  1.054930 -7.223490 84.5921
3  2.411650 -6.637740 84.5766
3 -6.483780 -5.717130 84.5810
3  4.491890 -5.133750 84.5849
3 -7.530190 -3.267910 84.6308
3  5.535610 -4.065610 84.6474
3 -8.083220 -1.913890 84.6490
1 -1.604680 -0.468330 84.6719
1  0.045657 -2.098560 84.6462
1  2.524010 -1.917110 84.2633
3  7.061760 -1.960910 84.5879
3  7.578130 -0.595376 84.5839
3 -4.892410 -7.066670 86.1647
3 -3.595510 -7.634920 86.1812
3 -0.957484 -7.870700 86.1288
3  0.522264 -7.590060 86.1640
3  2.921310 -6.508930 86.2116
3 -6.761740 -5.152700 86.1668
3  4.109930 -5.603190 86.1875
3 -7.286480 -3.796460 86.2188
3  5.758150 -3.548140 86.1610
3  6.716140 -2.379510 86.1622
3 -8.066440 -1.265470 86.1646
1  0.244323 -1.314330 85.8583
1  1.568610 -0.871148 86.2510
1  2.732410 -1.181720 85.3889
3 -5.320910 -6.582650 87.7234
3 -4.845440 -6.978670 89.3152
3 -2.996240 -7.718620 87.7459
3 -3.546380 -7.589240 89.2933
3 -1.555300 -7.984670 87.7246
3 -0.918335 -7.825930 89.2815
3  1.017140 -7.355830 87.8080
3  0.508546 -7.528780 89.2935
3  3.014320 -6.607990 89.3311
3  2.372640 -6.844470 87.7270
3 -6.768450 -5.154940 89.3026
3 -6.369000 -5.644390 87.7566
3  4.019210 -5.629350 89.3307
3  4.539760 -5.200900 87.7848
3 -7.548900 -3.223340 87.7076
3 -7.343340 -3.824050 89.2680
3  5.436420 -3.986470 87.7313
3  5.737500 -3.483910 89.2965
3  6.524710 -2.287050 89.2936
3 -8.166520 -1.881890 87.7487
3 -8.108810 -1.260950 89.2947
3  6.869510 -1.822650 87.7350
3  7.599040 -0.546632 87.7513
3 -5.371240 -6.669150 90.9016
3 -2.955950 -7.767300 90.8714
3 -1.535120 -7.823930 90.8369
3  1.080950 -7.425620 90.8530
3  2.411160 -6.852910 90.8424
3 -6.419180 -5.614120 90.8472
3  4.440080 -5.118610 90.8831
3 -7.615040 -3.252450 90.8452
2 -4.054030 -2.669280 91.8787
2 -2.215530 -2.948980 90.2618
2 -3.470110 -2.355900 90.5849
2 -1.086880 -2.145900 89.7415
2 -1.629140 -4.026570 91.0872
2 -0.193614 -3.849630 91.1114
2  0.158293 -2.701920 90.3286
2  1.273520 -1.903620 90.6627
3  5.415520 -4.036400 90.8844
3 -8.089560 -1.861210 90.8613
2 -4.225860 -0.338596 91.6797
2 -2.406720 -0.148151 90.0011
2 -3.513640 -0.906572 90.4779
2 -1.185840 -0.757304 89.5931
2  1.199790 -0.464782 90.3755
2 -0.074554  0.040766 89.9703
3  7.555840 -0.575061 90.8669
3  6.846620 -1.861410 90.8840
3 -4.798530 -6.907640 92.4351
3 -3.520720 -7.606040 92.4716
3 -0.901102 -7.862610 92.4087
3  0.519093 -7.597400 92.4632
3  2.901440 -6.569400 92.4555
3 -6.670450 -5.091430 92.4167
2 -2.312510 -4.354590 92.2857
3  3.988540 -5.511840 92.4762
3 -7.522450 -3.879710 92.4198
2 -3.526340 -3.690330 92.7124
2  0.593048 -4.155410 92.2935
2  2.038400 -2.162040 91.8502
2  1.664260 -3.222260 92.6842
3  5.703960 -3.510060 92.3992
3  6.612390 -2.359880 92.4383
3 -8.107150 -1.287160 92.4898
2 -4.597040 -1.288550 93.9178
2 -4.568800 -1.480590 92.5162
2  2.320690 -0.842494 92.4310
3 -5.303470 -6.570880 94.0116
3 -2.939890 -7.646700 94.0294
3 -1.468590 -7.952600 94.0213
3  1.097690 -7.525760 94.0001
3  2.381710 -6.860370 94.0331
3 -6.328220 -5.530430 94.0049
2 -1.522530 -4.505380 93.4907
2 -0.111979 -4.478880 93.4975
3  4.300030 -5.017590 94.0187
3 -7.708210 -3.339150 94.0412
2 -3.513090 -3.448900 94.1007
2 -4.018820 -2.322440 94.7289
2 -2.317030 -4.016250 94.6724
2  0.534596 -3.864960 94.6469
2  1.609130 -3.043370 94.1148
3  5.325160 -4.008230 93.9812
3 -8.050060 -1.875710 94.0688
2 -3.341520 -1.643420 95.7757
2 -3.508170 -0.227834 95.6643
2  2.197750 -0.685095 93.8021
2  1.892820 -1.796480 94.6757
3  6.882260 -1.879140 94.0441
3  7.611360 -0.533779 94.0326
3 -4.833260 -6.897720 95.6101
3 -5.291270 -6.489090 97.1847
3 -3.489400 -7.507100 95.6244
3 -2.904690 -7.642200 97.1999
3 -0.904327 -7.846210 95.6078
3 -1.483870 -7.965520 97.1904
3  0.521744 -7.585810 95.5980
3  1.141410 -7.508410 97.1613
3  2.386080 -6.797290 97.2017
3  2.840200 -6.462770 95.6163
3 -6.639590 -5.062770 95.5962
3 -6.359030 -5.553870 97.2134
3  3.947330 -5.543690 95.6063
3  4.432600 -5.154890 97.1981
3 -7.441680 -3.822390 95.6294
3 -7.659050 -3.372410 97.2089
2 -1.658130 -3.460750 95.7705
2 -0.209130 -3.286470 95.6648
3  5.278270 -3.942770 97.1863
3  5.672830 -3.523800 95.5881
3  6.644010 -2.407440 95.6439
3 -8.079940 -1.333750 95.6394
3 -8.072800 -1.981580 97.2042
2 -2.229260 -2.276150 96.4025
2 -1.064510 -1.384350 96.7116
2  0.143281 -2.054750 96.2589
2  1.163570 -1.281780 95.7613
3  6.958770 -1.873300 97.2148
3  7.528360 -0.511188 97.1959
3 -7.682990  0.694019 84.6587
1 -2.322210  0.555463 84.0444
1  4.343970  0.259476 84.2338
3 -7.065850  2.021720 84.5917
1 -2.096760  1.907580 84.5405
1  3.931480  2.617790 84.4905
3  7.957970  2.038840 84.5422
3  7.493110  3.460660 84.5638
3 -5.550950  4.178280 84.5834
3 -4.458520  5.139040 84.5729
1 -0.313954  4.118910 84.5782
1  0.990551  4.494600 84.0823
1  2.169610  4.136570 84.7145
3  6.086480  5.672680 84.5673
3 -2.540780  6.871480 84.5249
3 -1.276540  7.538980 84.5520
3  1.443870  8.074470 84.5871
3  2.897120  7.918000 84.5422
3  5.207310  6.808390 84.5689
3 -7.825400  0.164961 86.2085
1 -0.653980  0.972766 86.3658
1 -0.854800 -0.335558 85.8771
1  1.772910  0.488795 86.7073
1  0.730716  1.398960 86.8142
1  3.038000  0.967780 86.1473
1  3.572130 -0.040207 85.3250
3  7.824240  1.494060 86.1395
3  7.674510  0.011697 86.1504
3 -6.728230  2.494510 86.2019
3 -5.813370  3.638640 86.1728
1 -1.267450  2.090860 85.6843
1 -0.347149  3.243070 85.7095
1  2.093720  3.208640 85.8273
1  0.893789  2.780150 86.3611
1  3.194690  2.300470 85.7099
3  7.167760  3.966880 86.1485
3 -4.016890  5.549110 86.1270
3  6.453770  5.253260 86.1751
3 -2.871150  6.406430 86.1305
3 -0.639359  7.714050 86.1105
3  0.727603  8.089540 86.1329
3  3.457800  7.890670 86.1328
3  4.811060  7.252630 86.1344
3 -7.663760  0.710705 87.7805
3 -7.144750  2.044520 87.7765
3 -7.908690  0.170134 89.2867
3  8.000890  1.460850 89.2859
3  7.730020  0.032591 89.2914
3 -6.798630  2.535260 89.3633
3 -5.848960  3.668720 89.3580
3  7.881170  2.097030 87.7004
3  7.404920  3.414050 87.7447
3  7.163110  3.977830 89.3412
3 -5.379350  4.038410 87.7440
3 -4.438080  5.083190 87.7071
3 -3.982370  5.528810 89.3039
3  5.988120  5.629820 87.7744
3  6.404070  5.242570 89.3667
3 -2.936060  6.505570 89.2784
3 -2.459940  6.836100 87.6702
3 -0.714338  7.758090 89.3087
3 -1.206970  7.544270 87.6854
3  0.724645  8.120150 89.3026
3  1.331110  8.139610 87.7123
3  2.794400  7.975520 87.7100
3  3.374620  7.909040 89.3267
3  5.159820  6.862930 87.7595
3  4.718580  7.281230 89.3300
3 -7.023190  1.988260 90.8778
3 -7.666250  0.696846 90.8753
2 -2.787640  1.653130 91.6196
2 -3.793580  0.833249 92.1844
2 -2.057670  1.151450 90.5549
2 -0.610124  1.252820 90.5473
2  0.073430  1.921290 91.5973
3  7.931830  2.045590 90.8829
3 -5.305730  3.969140 90.8658
3  7.397070  3.398650 90.8904
3 -4.379790  5.090610 90.8757
3  5.964040  5.673960 90.9449
3 -2.494630  6.881840 90.8918
3 -1.163150  7.430770 90.9377
3  1.325340  8.057820 90.8849
3  2.828170  8.081760 90.9168
3  5.041120  6.810280 90.8853
3 -7.951420  0.221110 92.4806
2 -3.884080  1.061970 93.6080
2 -2.821050  1.923410 93.9706
2  1.289110  1.363050 92.0681
2  1.801770  0.166964 91.5321
3  7.974910  1.443780 92.4504
3  7.676190  0.027393 92.4397
3 -6.734940  2.505260 92.4743
3 -5.781560  3.643140 92.4637
2 -2.080570  2.305030 92.7376
2 -0.704045  2.431740 92.7331
3  7.165370  3.968880 92.4610
3 -4.083040  5.577960 92.4722
3  6.384620  5.191300 92.4605
3 -3.002290  6.582520 92.4965
3 -0.689539  7.748520 92.4419
3  0.716104  8.078860 92.4760
3  3.403220  7.933910 92.5020
3  4.668750  7.193600 92.5002
3 -7.775810  0.758178 94.0202
3 -7.100390  2.066730 94.0603
2 -4.204340 -0.009116 94.4534
2 -2.109940  1.769960 95.1360
2 -2.485730  0.651327 96.0000
2 -0.674171  1.853120 95.1157
2  1.291350  1.520870 93.5428
2  1.751560  0.518973 94.4304
3 -5.479890  4.050430 94.0577
2  0.037206  2.134060 93.9412
3  7.951830  2.011120 94.0599
3  7.430100  3.395930 94.0472
3 -4.523890  5.195860 94.0797
3  6.050790  5.706180 94.0301
3 -2.562670  6.876790 94.0346
3 -1.248750  7.546890 94.0282
3  1.308950  8.175110 94.0511
3  2.790550  8.045080 94.0957
3  5.112160  6.843270 94.0180
3 -7.767320  0.702521 97.1972
3 -7.129470  2.016980 97.2033
3 -7.967160  0.158844 95.6067
2 -1.218730 -0.000881 96.3630
2 -0.164998  0.789792 95.9133
2  1.103340  0.190232 95.6706
3  7.981480  1.437850 95.6055
3  7.879540  2.049230 97.1672
3  7.771580 -0.020162 95.6353
3 -6.800730  2.508820 95.6535
3 -5.896180  3.607160 95.6664
3  7.095300  4.009710 95.6254
3  7.402130  3.455210 97.1602
3 -5.506900  4.031440 97.2195
3 -4.621760  5.178140 97.2049
3 -4.200220  5.658150 95.6784
3  6.047790  5.678090 97.2273
3  6.362840  5.238820 95.6317
3 -3.051980  6.572860 95.6522
3 -2.565410  6.939400 97.2482
3 -0.716477  7.835440 95.6218
3 -1.256620  7.573710 97.2337
3  0.752099  8.086330 95.6628
3  1.329200  8.036670 97.2808
3  3.328020  7.849550 95.6838
3  2.780130  7.989100 97.2206
3  4.587930  7.057790 95.6345
3  5.035880  6.687890 97.2059