311

3 -5.286560 -6.751900 -16.34530
3 -2.792050 -7.568370 -16.35200
3 -1.317400 -7.741890 -16.34610
3  1.278940 -7.355460 -16.32960
3  2.663580 -6.868340 -16.28680
3 -6.222440 -5.653560 -16.34970
3  4.634360 -5.293850 -16.34720
3  5.597650 -4.192540 -16.36230
3 -7.608270 -3.496210 -16.31240
2 -3.943820 -1.869260 -15.35410
2 -2.999470 -2.524620 -16.18970
2 -2.330900 -3.645120 -15.65610
2 -0.928634 -3.900440 -15.91720
2 -0.232416 -2.919370 -16.62230
2  1.079110 -2.466850 -16.19610
3 -7.846600 -2.047270 -16.25060
2 -3.822070 -0.442041 -15.65220
2 -2.801210 -0.288251 -16.65170
2 -2.291990 -1.601670 -16.97830
2 -0.919378 -1.752520 -17.11300
2  0.022954 -0.591947 -17.09050
2  1.230430 -1.071240 -16.48610
3  7.129380 -2.022330 -16.29620
3  7.690050 -0.655977 -16.30320
3 -4.757140 -7.131230 -14.77200
3 -3.354490 -7.542360 -14.77410
3 -0.753620 -7.722440 -14.73820
3  0.749860 -7.598070 -14.73920
3  3.014140 -6.531120 -14.68840
3 -6.653260 -5.250710 -14.71760
2 -2.702290 -4.152300 -14.32570
2 -1.468590 -4.642310 -13.77240
2 -0.388182 -4.426850 -14.66330
3  4.129100 -5.600460 -14.73160
3 -7.387390 -4.036630 -14.74240
2 -3.665880 -3.520620 -13.50160
2 -4.256630 -2.351390 -14.08070
2  0.841797 -3.968030 -14.25600
2  1.586670 -3.013540 -15.03240
3  6.003390 -3.796630 -14.74960
3  6.870200 -2.541700 -14.74120
3 -7.955270 -1.481140 -14.73880
2 -4.516770 -1.385450 -13.01900
2 -4.355330  0.044458 -13.26540
2 -4.012930  0.442788 -14.61780
2  2.381340 -2.265850 -14.09970
2  2.404730 -0.870922 -14.37350
3  7.816800 -0.094531 -14.72910
3 -5.213420 -6.757340 -13.17390
3 -4.623400 -7.020200 -11.61300
3 -3.252000 -7.400020 -11.62220
3 -2.771910 -7.643320 -13.17640
3 -1.319820 -7.806390 -13.16670
3 -0.743029 -7.836750 -11.58290
3  1.310560 -7.548660 -13.15310
3  0.710804 -7.751310 -11.54710
3  2.630860 -6.854200 -13.08000
3  3.041270 -6.481680 -11.51660
3 -6.569740 -5.202160 -11.61090
3 -6.227600 -5.666140 -13.12890
2 -1.190360 -4.428120 -12.38490
3  4.149090 -5.567630 -11.53410
3  4.535990 -5.214320 -13.15610
3  5.686660 -4.249170 -13.12350
3 -7.659930 -3.490080 -13.17780
3 -7.373590 -3.963420 -11.56870
2 -3.460210 -3.341890 -12.09030
2 -3.908650 -1.918050 -11.81950
2 -2.208150 -3.719490 -11.59520
2  1.126250 -3.795300 -12.87460
2  0.141216 -4.005340 -11.94030
2  2.086530 -2.673970 -12.76020
3  5.988520 -3.731200 -11.56140
3  6.831730 -2.593560 -11.56520
3 -7.910010 -2.031990 -13.15920
3 -8.023130 -1.413220 -11.60030
2 -3.086140  0.285539 -11.19700
2 -3.265760 -1.096320 -10.85360
2  1.960130 -1.765600 -11.72300
3  7.098210 -2.035630 -13.16780
3  7.507200 -0.636995 -13.13440
3  7.608850 -0.091406 -11.61420
3 -5.158780 -6.668520 -10.01280
3 -2.748470 -7.616890 -10.02160
3 -1.305300 -7.986390  -9.97349
3  1.325000 -7.541500  -9.99196
3  2.607940 -6.882050  -9.98717
3 -6.273340 -5.679940 -10.04270
3  4.521880 -5.187210 -10.03050
3 -7.535920 -3.374740 -10.01530
2 -1.481680 -2.851920 -10.70210
2 -0.051805 -3.036370 -10.90200
3  5.623580 -4.170830  -9.99930
3 -7.809160 -1.954980 -10.00360
2 -2.010870 -1.598840 -10.26950
2 -1.078590 -0.467829 -10.20240
2  0.268967 -0.663036 -10.55880
2  0.817859 -1.907040 -10.91100
3  7.113690 -1.991600  -9.99338
3  7.565070 -0.593345  -9.97974
3 -4.651230 -6.936210  -8.41233
3 -3.293760 -7.519040  -8.46574
3 -0.722232 -8.044080  -8.40434
3  0.697177 -7.716720  -8.42673
3  2.975500 -6.499820  -8.47183
3 -6.635370 -5.197330  -8.43286
3  4.155150 -5.614040  -8.42649
3 -7.348100 -3.977160  -8.43820
3  5.999930 -3.746290  -8.42577
3  6.814000 -2.549210  -8.41045
3 -7.920570 -1.493410  -8.42955
3  7.761430 -0.019067  -8.37901
3 -5.062160 -6.520690  -6.79652
3 -2.800730 -7.687750  -6.82185
3 -3.267730 -7.482090  -5.30490
3 -1.357840 -8.002530  -6.85030
3  1.270450 -7.587380  -6.83036
3  2.484240 -6.805260  -6.90029
3 -6.256630 -5.696410  -6.85235
3 -6.711390 -5.307360  -5.26682
3  4.542500 -5.189220  -6.90760
3  5.593660 -4.242560  -6.87808
3 -7.561380 -3.555400  -6.85733
3 -7.394400 -4.026430  -5.29066
1 -2.965490 -2.327130  -6.06255
1 -2.302030 -3.531530  -5.73240
1 -0.902523 -3.654340  -5.85357
1 -0.170308 -2.591260  -6.43674
1  1.060120 -2.205000  -5.78306
3  6.742690 -2.578850  -5.32211
3 -8.022880 -1.462710  -5.25872
3 -7.826510 -2.093650  -6.83714
1 -4.099740 -1.800780  -5.27873
1 -2.863100 -0.007588  -6.06679
1 -3.936920 -0.377915  -5.29670
1 -2.256420 -1.160200  -6.69186
1 -0.838084 -1.341080  -6.88693
1  1.270750 -0.766537  -5.99675
1 -0.002490 -0.245514  -6.55496
3  7.057560 -1.986590  -6.81702
3  7.650190 -0.605581  -6.89012
3 -4.612620 -6.841390  -5.22234
3 -5.204120 -6.714120  -3.69217
3 -2.704780 -7.800060  -3.71209
3 -0.711696 -8.008250  -5.27321
3 -1.280530 -8.104260  -3.68580
3  0.695039 -7.620300  -5.24666
3  1.246780 -7.480940  -3.69535
3  3.046840 -6.563550  -5.28748
3  2.555370 -6.848830  -3.67655
3 -6.284190 -5.725810  -3.68854
1 -0.340386 -4.395660  -4.75166
1 -1.469770 -4.758610  -3.91365
3  4.213860 -5.656710  -5.29882
3  4.620400 -5.239340  -3.70908
3  5.696700 -4.202950  -3.67996
3 -7.607220 -3.468290  -3.70834
1 -4.333550 -2.513950  -4.01851
1 -3.692620 -3.718290  -3.65520
1 -2.687550 -4.198850  -4.49940
1  0.927773 -4.124830  -4.21409
1  1.638140 -2.977370  -4.71981
1  2.189300 -2.202970  -3.68403
3  6.039490 -3.838000  -5.28378
3 -7.972080 -2.062070  -3.67260
1  1.854000 -0.045031  -4.87493
1  2.315240 -0.811790  -3.75381
3  7.015170 -1.996080  -3.71764
3  7.556240 -0.635218  -3.75760
3  7.748030 -0.086048  -5.25526
1  0.998323 -4.043000  -2.74387
1 -4.646530 -1.772730  -2.82951
1 -4.608570 -0.340763  -2.90264
3 -7.881380  0.621806 -16.26440
3 -7.346160  1.981530 -16.27520
2 -2.057130  1.702590 -15.41560
2 -0.487385  0.738119 -16.85360
2 -1.976170  0.879588 -16.60640
2  0.222217  1.500090 -15.86970
3  7.883700  1.952290 -16.28120
3 -5.699100  4.118680 -16.18460
3  7.644600  3.406350 -16.25810
3 -4.672630  5.164910 -16.17850
3  6.208170  5.588770 -16.27880
3 -2.555730  6.696710 -16.14680
3 -1.292010  7.476280 -16.15410
3  1.269950  7.737750 -16.17340
3  2.771640  7.724870 -16.14560
3  5.102710  6.522170 -16.25600
3 -7.859110 -0.016306 -14.74780
2 -3.149450  1.594750 -14.49600
2 -2.875410  1.859830 -13.12820
2  1.423760  1.068580 -15.25300
2  1.668590  1.287700 -13.84750
2  1.882090 -0.260044 -15.59260
3  7.829050  1.382120 -14.68310
3 -7.018860  2.518450 -14.71230
3 -6.007560  3.572810 -14.66870
2 -0.741822  2.183540 -15.04350
2 -0.501407  2.507690 -13.68740
3  7.456070  3.964190 -14.65770
3 -4.233710  5.596470 -14.59660
3  6.695510  5.234160 -14.66620
3 -3.099560  6.504150 -14.55650
3 -0.753845  7.618500 -14.56740
3  0.683363  7.788400 -14.57380
3  3.296030  7.530220 -14.58620
3  4.630460  6.897340 -14.65680
3 -7.333690  1.995920 -13.13770
3 -7.786690  0.610288 -13.15470
3 -7.864110  0.056972 -11.55560
2 -1.605070  2.261620 -12.74030
2 -3.617680  0.843960 -12.36030
2 -1.054380  1.671120 -11.49580
2  0.370807  1.472010 -11.79910
2  0.668338  1.923130 -13.08740
2  2.109250 -0.283726 -11.97660
2  2.307120  0.123281 -13.31070
3  7.798720  1.395610 -11.58530
3  7.780250  2.009340 -13.08090
3 -6.858900  2.386930 -11.55580
3 -5.980360  3.559720 -11.56880
3 -5.599100  4.000840 -13.06320
3  7.395350  4.024240 -11.50060
3  7.549410  3.446050 -13.07140
3 -4.698580  5.148880 -13.02630
3 -4.238950  5.569860 -11.43180
3  6.376150  5.726730 -13.09250
3  6.683250  5.268640 -11.51660
3 -2.666000  6.811680 -12.96930
3 -3.066790  6.402810 -11.42900
3 -1.329600  7.444740 -12.96690
3 -0.697897  7.365590 -11.38220
3  0.685267  7.704860 -11.39520
3  1.296500  7.717410 -13.00680
3  2.731670  7.652260 -13.05720
3  3.386740  7.512340 -11.51790
3  5.237400  6.603200 -13.10240
3  4.743330  6.988430 -11.53490
3 -7.662990  0.549833  -9.99301
3 -7.097500  1.870570  -9.98808
2 -1.747620  0.683782 -10.78230
2  1.048600  0.415114 -11.22690
3  7.679220  2.006590 -10.00820
3 -5.661260  4.092120  -9.98900
3  7.537070  3.475730  -9.95726
3 -4.687700  5.137420  -9.93477
3  6.286450  5.685300  -9.91198
3 -2.565360  6.667140  -9.82260
3 -1.280350  7.241920  -9.93692
3  1.376300  7.834310  -9.90514
3  2.822860  7.565020  -9.94283
3  5.147450  6.577090  -9.92432
3 -7.839310 -0.025094  -8.41416
3  7.795940  1.424200  -8.41546
3 -6.877970  2.450760  -8.41343
3 -5.948590  3.554130  -8.37065
3  7.326400  3.922240  -8.34191
3 -4.218120  5.429450  -8.31849
3  6.736670  5.296350  -8.42622
3 -3.117000  6.403150  -8.29094
3 -0.699786  7.427080  -8.32839
3  0.753451  7.749800  -8.32276
3  3.269240  7.463890  -8.32652
3  4.603730  6.876920  -8.41752
3 -7.722120  0.514033  -6.87378
3 -7.161060  1.864730  -6.87202
3 -7.977910 -0.022659  -5.29568
1 -2.025860  1.060080  -5.87036
1 -0.546033  0.907168  -6.00288
3  7.847600  1.910750  -6.81992
3  7.807550  1.358510  -5.19766
3 -5.616360  3.976190  -6.75263
3  7.569250  3.361310  -6.78352
3 -4.613010  4.984950  -6.74257
3  6.383480  5.684850  -6.83335
3 -2.552060  6.644340  -6.77578
3 -1.326730  7.398160  -6.73875
3  1.347550  7.700430  -6.73349
3  2.774870  7.657400  -6.74985
3  5.280750  6.686210  -6.85137
3 -7.904220  0.514113  -3.67266
3 -7.291730  1.867400  -3.66222
1 -3.380560  1.497430  -3.82732
1 -4.264560  0.332872  -4.16052
1 -2.309090  1.867240  -4.66479
1  0.117833  1.630560  -4.95856
1  1.281350  1.150680  -4.34008
3  7.803110  1.972350  -3.65919
3 -6.908270  2.349210  -5.26489
3 -6.002590  3.472120  -5.17867
3 -5.631630  3.932610  -3.64647
1 -0.968483  2.217260  -4.13873
3  7.244560  3.856240  -5.24938
3  7.484040  3.369880  -3.63945
3 -4.633450  4.987890  -3.62409
3 -4.198120  5.413980  -5.17866
3 -3.064600  6.335300  -5.17092
3  6.644680  5.196730  -5.28310
3  6.351220  5.744990  -3.70144
3 -2.565010  6.613170  -3.60635
3 -0.712419  7.428910  -5.23074
3 -1.263350  7.315580  -3.65061
3  0.732594  7.683070  -5.22169
3  1.326020  7.783340  -3.63387
3  3.290740  7.502120  -5.26812
3  2.743030  7.701850  -3.68905
3  4.710330  6.958450  -5.25021
3  5.249270  6.692620  -3.66775
1  1.266040  1.078690  -2.91422
1 -0.894184  2.157920  -2.73336