281

3 -3.076470 -6.884860 81.7197
3 -4.499670 -6.555830 81.6952
3 -0.388840 -6.953460 81.7538
3  1.009870 -6.619260 81.7690
3 -6.651440 -4.923960 81.6318
3  3.485420 -5.903120 81.8171
3  4.837380 -5.441810 81.8149
3 -7.492640 -3.820900 81.6587
3  7.050800 -3.921800 81.7921
3  7.874580 -2.701420 81.7414
3 -8.133360 -1.252510 81.6813
1 -1.662880 -2.141750 81.3037
1 -1.062780 -0.863243 81.7191
1  0.315473 -0.498990 81.5074
3  8.654960 -0.199295 81.7447
3 -1.057300 -7.046370 83.2715
3 -2.487340 -7.034460 83.2757
3  1.530720 -6.514940 83.2126
3 -6.135980 -5.416290 83.0747
3 -5.037230 -6.253510 83.0539
3  2.932570 -6.094420 83.2485
3  5.350090 -5.149330 83.3071
3 -7.725720 -3.241140 83.1071
3  6.535320 -4.294670 83.2843
3  7.730700 -2.646590 84.7332
3 -8.151710 -1.893870 83.1385
3  8.030550 -2.114440 83.1753
3  8.534620 -0.760059 83.1618
3 -3.073410 -6.858540 84.6187
3 -1.058070 -7.075910 86.0328
3 -2.534160 -6.916860 86.0396
3 -0.438144 -7.003510 84.6813
3  0.946386 -6.563810 84.6906
3  1.502100 -6.584180 86.1715
3 -6.205400 -5.443010 85.9906
3 -6.621430 -4.968050 84.5983
3 -5.047170 -6.276110 86.0601
3 -4.484400 -6.507560 84.6009
3  2.880520 -6.144770 86.1817
3  3.489390 -5.981580 84.8068
3  4.813980 -5.348340 84.7595
3  5.363940 -5.148800 86.1587
3 -7.469740 -3.808280 84.6070
3 -7.620870 -3.203240 86.0229
2  1.211560 -2.752050 86.8805
2  2.662250 -2.658510 86.7276
3  6.478690 -4.276730 86.1878
3  6.952560 -3.872880 84.7289
3 -8.027460 -1.836690 85.9927
3 -8.080140 -1.250720 84.5310
2 -1.361850 -0.239511 86.8754
2  1.043100 -0.792031 85.4483
2 -0.801652 -1.505070 86.9383
2  0.391086 -1.746330 86.1695
2  2.431280 -0.675634 85.3364
2  3.266750 -1.557600 85.9684
2  4.451590 -1.080720 86.6565
3  8.008910 -2.137460 86.1028
3  8.669440 -0.160696 84.6843
3  8.476150 -0.778944 86.1273
3 -3.150060 -6.840730 87.6031
3 -4.562010 -6.538240 87.5319
3  0.870023 -6.736800 87.6512
3 -0.528057 -7.054980 87.6490
3 -6.620420 -5.022430 87.4762
3  4.823370 -5.451690 87.6008
3  3.509920 -5.964530 87.5788
3 -7.367460 -3.735630 87.4892
2  0.565277 -3.085790 88.0689
2  3.367250 -2.666280 87.9738
3  6.969330 -3.933350 87.6257
3  7.883260 -2.817260 87.6273
3 -8.159580 -1.200070 87.5801
2 -0.745791 -2.279770 88.0837
2  4.490610 -1.792230 87.9319
3  8.572650 -0.204120 87.5269
3 -3.190160 -6.813700 90.5319
3 -1.091800 -7.004330 89.0766
3 -2.537360 -6.897230 89.0693
3 -0.493852 -6.962030 90.5331
3  0.930752 -6.752680 90.5267
3  1.522340 -6.684760 89.0667
3 -6.261730 -5.390670 89.0589
3 -6.732100 -4.965070 90.4921
3 -5.156110 -6.252850 89.0803
3 -4.571370 -6.513630 90.5434
3  2.930020 -6.322800 89.0830
3  3.495700 -6.069640 90.5872
3  4.799620 -5.487890 90.5158
3  5.324850 -5.120600 89.0905
3 -7.463140 -3.728620 90.4731
3 -7.722530 -3.178840 89.0045
2  0.797665 -2.590510 90.4654
2  1.301800 -3.214200 89.2441
2  2.711270 -2.936940 89.1818
3  6.531880 -4.321460 89.0715
3  7.000030 -3.906480 90.4733
3  7.858000 -2.754520 90.4655
3 -8.044980 -1.813850 88.9998
3 -8.159180 -1.246350 90.4576
2 -1.161980 -1.648770 89.2993
2 -1.713640 -0.337171 89.3403
2 -0.369217 -1.787630 90.4998
2  3.179830 -2.253490 90.3648
2  4.232800 -1.373580 90.3727
2  4.879850 -1.084010 89.0974
3  8.103930 -2.186520 89.0361
3  8.588880 -0.821910 89.0041
3  8.711710 -0.255356 90.4417
3 -1.076160 -6.971960 91.9829
3 -2.583260 -6.976020 92.0002
3  1.526460 -6.662900 91.9977
3  2.909520 -6.287380 92.0148
3 -6.329610 -5.484570 91.9265
3 -5.098880 -6.313800 91.9886
3  5.336490 -5.096000 91.9774
3 -7.800790 -3.258680 91.8657
3  6.516600 -4.297330 91.9375
3 -8.115390 -1.835190 91.9062
2 -0.425751 -0.500675 91.2332
2  0.694186  0.025558 91.8622
2  1.959750 -1.976420 91.1232
2  1.898370 -0.747335 91.9249
3  8.084170 -2.208020 91.9741
3  8.618030 -0.831235 91.9546
3 -3.105410 -6.770620 93.4440
3 -4.481020 -6.492730 93.4308
3 -0.418632 -6.958820 93.4501
3  0.942264 -6.800130 93.4482
3 -6.748120 -4.998280 93.3518
3  3.521260 -5.972940 93.4196
3  4.859520 -5.413920 93.3934
3 -7.568370 -3.824190 93.3301
3  6.983090 -3.868890 93.4022
3  7.839210 -2.755750 93.3649
3 -8.109150 -1.231420 93.3420
3  8.738580 -0.190717 93.4056
3 -8.159880  0.194817 81.7018
1 -2.108050  0.127214 81.5864
1 -1.789790  1.429810 81.2365
3  8.667100  1.256770 81.7360
3 -7.502020  2.828850 81.7451
3 -6.882600  4.117530 81.7496
3  7.821530  3.794800 81.7609
3 -4.750250  5.575050 81.7976
3 -3.412140  6.125140 81.7627
3  6.824510  4.835310 81.7902
3 -0.874505  6.828810 81.7542
3  0.564682  6.940020 81.7506
3  4.639460  6.327460 81.8065
3  3.315570  6.758270 81.8292
3 -8.029500  0.831869 83.0793
3  8.626390  1.862990 83.1898
3 -7.736630  2.245700 83.1306
3 -6.495910  4.519150 83.1620
3  8.167240  3.245880 83.1903
3 -5.319570  5.297830 83.1597
3 -2.895750  6.363750 83.2004
3  5.187150  5.982670 83.2343
3  6.430060  5.231440 83.1774
3  6.925370  4.853350 84.6344
3 -1.482640  6.608830 83.1832
3  2.701440  6.787450 83.1899
3  1.270670  6.905740 83.1965
3 -7.928590  0.791277 86.0876
3 -7.962530  0.173530 84.5436
2 -0.886334  2.029240 86.7768
2 -0.736896  0.778816 86.0806
2  0.362845  0.461789 85.2960
2  2.707180  0.720740 85.1465
2  1.439270  1.416820 85.1520
2  4.696450  0.322331 86.5602
2  3.861560  1.268530 85.8008
3  8.733220  1.272710 84.7289
3  8.636560  1.887070 86.1221
3 -7.841280  2.294830 86.0778
3 -7.721980  2.843180 84.6388
3 -6.920570  4.068190 84.6144
2  0.203075  2.984610 86.6796
2  1.370130  2.607090 85.9132
2  2.541820  3.180160 86.5863
2  3.791030  2.518580 86.5463
3  8.107890  3.241520 86.1527
3  7.800430  3.770530 84.6448
3 -6.438370  4.458540 86.0404
3 -5.268720  5.338050 86.0169
3 -4.719350  5.496790 84.5861
3 -3.449120  6.186890 84.6096
3  4.628740  6.140030 84.6965
3  6.529680  5.358900 86.1304
3  5.243310  5.963450 86.0669
3 -2.849860  6.347750 86.0723
3 -1.402960  6.691090 86.0436
3 -0.827884  6.696160 84.6478
3  0.659889  6.886270 84.6497
3  1.258070  6.975890 86.0701
3  2.725760  6.858060 86.0961
3  3.251170  6.574750 84.6929
3 -8.105600  0.215226 87.5592
2 -1.851100  0.395774 88.0979
2 -1.527570  1.795930 88.0367
2  5.061070  1.021470 87.8079
3  8.590790  1.239690 87.5824
3 -7.666040  2.859730 87.4760
3 -6.899970  4.092090 87.5059
2  0.607553  3.659660 87.8782
2  2.105770  3.799980 87.8393
2  4.515100  2.320270 87.7584
3  7.858210  3.822080 87.5400
3 -3.389410  6.179090 87.4597
3 -4.719500  5.661460 87.5303
3  6.977620  4.990790 87.5505
3  0.669651  6.890350 87.4675
3 -0.789802  6.773570 87.4821
3  4.645920  6.274000 87.5219
3  3.286480  6.718130 87.5264
3 -7.927900  0.839845 88.9672
3 -8.089920  0.209241 90.4915
3 -7.827510  2.240870 88.9602
2 -0.941862  1.744680 90.4147
2 -1.255590  0.359773 90.4881
2  4.754320  0.925190 90.2862
2  5.196600  0.340241 89.0599
3  8.711060  1.207630 90.4232
3  8.486870  1.865590 88.9788
3 -7.576200  2.806000 90.4561
3 -6.821150  4.017420 90.4781
3 -6.396410  4.513080 89.0442
2 -1.072630  2.425520 89.1738
2  0.773853  3.328990 90.3231
2 -0.060540  3.442480 89.1135
2  2.176280  3.496550 90.2773
2  2.867150  3.644860 89.0042
2  4.196550  2.255360 90.2422
2  4.078460  2.939580 88.9700
3  8.203530  3.307800 88.9970
3  7.956230  3.867590 90.4546
3 -5.190490  5.380080 88.9796
3 -4.737060  5.670910 90.4090
3 -3.401750  6.171340 90.4148
3  6.499190  5.332780 88.9828
3  5.241210  6.022770 89.0152
3  6.982150  4.892840 90.4857
3 -2.784840  6.328780 88.9305
3 -1.410140  6.697520 88.9731
3  0.637570  6.901560 90.4508
3 -0.780739  6.786940 90.4829
3  2.707270  6.885330 88.9701
3  1.282630  6.926690 89.0220
3  4.704450  6.318960 90.4611
3  3.392720  6.764420 90.4668
3 -8.107800  0.877562 91.8636
3 -7.841810  2.283930 91.8808
2  1.012290  1.423060 91.8604
2  2.458890  1.570720 91.8005
2  3.008610  0.207715 91.8863
2  4.120970 -0.144469 91.0952
3  8.700070  1.881970 91.8723
3 -6.356100  4.421540 91.9545
2  0.136429  2.311780 91.1615
2  3.010930  2.586110 91.0646
3  8.173740  3.203020 91.8880
3 -5.249650  5.394820 91.8951
3  6.514960  5.315690 91.9086
3  5.335430  6.082170 91.9048
3 -2.774720  6.214100 91.8017
3 -1.390070  6.649930 91.8619
3  2.702190  6.800580 91.8577
3  1.299480  6.854290 91.9088
3 -8.130060  0.200719 93.2775
3  8.669540  1.238370 93.4359
3 -7.618070  2.857020 93.3292
3 -6.827960  4.034110 93.3268
3  8.018350  3.849410 93.3973
3 -4.746510  5.700420 93.3496
3 -3.369890  6.093180 93.3414
3  7.016610  4.880890 93.4075
3 -0.749454  6.627300 93.3409
3  0.686539  6.773650 93.2781
3  4.762960  6.355550 93.3341
3  3.353410  6.734660 93.3770