319

3 -0.282155 -8.314500 44.4130
3  0.325490 -8.276280 43.0841
3  1.740510 -8.324040 43.0169
3  2.340870 -8.193480 44.3672
3 -4.157570 -6.979820 44.3389
3 -3.476420 -7.312770 43.0821
3 -2.248390 -7.991940 43.0558
3 -1.740890 -8.284980 44.3787
3  3.658790 -7.682090 44.4112
3  4.224760 -7.449010 43.0852
3  5.144140 -6.404060 43.0485
3 -5.358960 -5.350600 43.0253
3 -5.080530 -5.938660 44.3731
3  5.576170 -5.917150 44.4159
3  6.383310 -4.724010 44.3516
3  6.620510 -4.150990 42.9603
3 -6.206580 -3.403730 44.3553
3 -5.892630 -4.049230 43.0278
3 -6.643110 -2.035240 44.3392
3  7.241420 -2.197250 44.2796
3 -6.795850 -1.434250 43.0375
3 -6.947000 -0.047947 43.0030
2 -1.730890 -1.580370 43.6861
2 -0.390295 -1.927380 43.4461
2 -2.001260 -0.580752 44.6937
2  0.668153 -1.176380 44.1014
2  1.798350 -1.147850 43.2229
3  7.371400 -0.780362 44.3372
3  7.285290 -0.168426 42.9680
3  0.307142 -8.284970 45.6916
3  1.712920 -8.322390 45.7219
3 -3.655830 -7.444040 45.7314
3 -2.429430 -8.135350 45.7061
3  4.159580 -7.382720 45.8060
3  5.128650 -6.340420 45.7647
3 -5.521660 -5.355860 45.6896
3  6.621590 -4.158370 45.6748
3 -6.077640 -4.058770 45.6741
3  7.044120 -2.767140 45.6620
3 -6.776000 -1.399740 45.6669
3 -7.059590 -0.000321 45.6992
2  0.473185 -0.367578 45.2188
3  7.307270 -0.143367 45.7037
3 -0.380044 -8.289080 47.0513
3  0.263446 -8.255320 48.3920
3  1.669780 -8.429920 48.3680
3 -4.241500 -7.030680 46.9888
3 -3.719700 -7.314610 48.3475
3 -2.428840 -8.004240 48.3989
3 -1.803850 -8.190730 47.0148
3  2.308180 -8.232350 47.0952
3  3.640120 -7.671760 47.1280
3  4.200120 -7.372920 48.4018
3  5.210950 -6.454790 48.3765
3 -5.188180 -5.913560 46.9962
3 -5.491280 -5.289950 48.3320
3  5.619580 -5.912090 47.0659
3  6.377880 -4.729610 47.0660
3  6.577830 -4.147130 48.3481
3 -6.270870 -3.414590 46.9691
3 -6.103080 -4.001030 48.3052
3 -6.585240 -2.034620 46.9982
3  6.972060 -2.767040 48.3338
3  7.040030 -2.176670 47.0239
3 -6.872300 -1.473180 48.3437
3 -7.120300 -0.043198 48.3155
3  7.125820 -0.100766 48.4017
3  7.166130 -0.774595 47.0414
3 -0.416131 -8.254680 49.7035
3  1.677070 -8.216970 51.0517
3  0.230675 -8.299530 51.0577
3  2.286330 -8.170130 49.7470
3 -4.200010 -6.799730 49.7127
3 -1.811510 -8.131790 49.7147
3  3.602610 -7.713250 49.7181
3  4.213640 -7.373580 51.0416
3  5.354770 -6.508650 51.0318
3 -5.138530 -5.717320 49.7081
3 -5.505640 -5.176170 51.0341
3  5.704830 -5.986690 49.7227
3  6.388330 -4.751330 49.6963
3 -6.383750 -3.428220 49.6865
3 -6.230070 -3.994740 51.0422
3 -6.795040 -2.062970 49.6978
3  6.901160 -2.766690 51.0305
3  6.888100 -2.137020 49.7210
3 -6.936530 -1.434780 51.0308
3 -7.105060  0.005462 51.0166
1 -2.494730  0.109239 49.5999
1 -3.203980 -0.084683 50.7622
1 -1.204180 -0.553624 49.4049
1 -0.721641 -1.451510 50.3382
1  1.620850 -0.549082 50.0764
1  0.725616 -1.451260 50.6976
3  7.111710 -0.744056 49.7752
3  7.052550 -0.116991 51.0923
3 -0.382213 -8.251290 52.3950
3  2.313250 -8.146210 52.4246
3 -4.229770 -6.796200 52.3410
3 -2.394370 -7.922930 51.0675
3 -3.632640 -7.151320 51.0314
3 -1.828340 -8.035660 52.4140
3  3.659240 -7.709560 52.4218
3 -5.096970 -5.705850 52.3477
3  5.771020 -6.038360 52.3483
3  6.653950 -4.139920 51.0002
3  6.363780 -4.782850 52.3610
3 -6.440170 -3.410590 52.3521
3 -6.796310 -2.039730 52.3348
3  6.994520 -2.145310 52.3683
1 -2.664430 -0.962219 51.7839
1 -0.481561 -1.759980 52.6864
1 -1.418380 -1.575710 51.5927
1  1.840700 -0.880403 52.8374
1  0.857107 -1.624510 52.1337
3  7.083000 -0.759081 52.4116
3  1.689270 -8.359250 53.6971
3 -4.194320 -6.782250 55.0208
3 -3.690580 -7.194730 53.6883
3 -2.432920 -7.860280 53.7333
3 -1.785820 -8.066400 55.0653
3 -0.334068 -8.252070 55.0715
3  0.279517 -8.362350 53.7214
3  2.310870 -8.217360 55.0041
3  3.660770 -7.800290 55.0305
3  4.273120 -7.481180 53.6841
3  5.386550 -6.594270 53.7099
3 -5.466780 -5.178770 53.7056
3 -5.190010 -5.769220 54.9874
3  5.714110 -6.008300 54.9973
3  6.260650 -4.710670 55.0416
3  6.516050 -4.108850 53.6890
3 -6.227740 -4.002910 53.7013
3 -6.548350 -3.417380 54.9967
3 -6.917620 -2.044280 54.9830
3  7.014170 -2.098350 55.0293
3  6.862230 -2.724830 53.6470
3 -6.961390 -1.420050 53.6193
3 -7.130370  0.019000 53.6617
1 -3.081760 -0.488590 53.1210
1 -0.857883 -1.189460 53.9641
1 -2.150690 -0.495867 54.1199
1  1.426290 -0.321426 54.1819
1  0.118642 -0.435285 54.7101
3  7.138420 -0.087947 53.7043
3  7.127470 -0.694054 55.0679
3 -7.015030  0.632538 44.3316
3 -6.993850  2.027170 44.2878
2 -3.064190  0.240410 44.1788
2 -3.153940  1.612640 44.4519
2  2.386400  0.992455 44.4199
2  2.627360 -0.014570 43.3209
3  6.923780  1.203490 43.0021
3  6.745230  1.840910 44.3451
3 -6.856160  2.634170 42.9587
2 -3.470320  2.518370 43.3797
2 -2.680640  3.634200 43.4929
2 -1.793130  3.494270 44.5476
2 -0.492881  4.094650 44.5240
2  1.678510  3.329060 44.0665
2  2.607400  2.322330 43.8011
3  6.001930  3.724830 42.9293
3  6.343630  3.201650 44.2662
3 -6.180270  4.606840 44.2518
3 -5.459450  5.812700 44.3040
2 -0.020827  4.770350 43.2902
2  1.360760  4.299040 43.0490
3  5.271240  4.942390 42.9836
3  4.825870  5.430090 44.3216
3 -5.084220  6.386300 42.9607
3 -4.051710  7.343570 42.9798
3 -3.590150  7.678640 44.3273
3  1.673960  7.931340 44.3719
3  2.178590  7.571950 43.0039
3  3.346390  6.812020 42.9976
3  3.827230  6.451400 44.3344
3 -2.354260  8.375140 44.3551
3 -1.737910  8.556830 43.0342
3 -0.299098  8.608940 43.0604
3  0.326040  8.452640 44.4163
3 -7.047070  0.585806 47.0226
2 -0.967596  0.053573 45.3999
2 -0.953096  1.457300 45.5412
2  1.311380  0.858317 45.2808
2  0.391697  1.963070 45.5597
3  7.029840  1.291410 45.7162
3 -6.857850  2.609850 45.6548
3 -6.418960  3.991020 45.6212
2 -2.089940  2.239170 45.1956
2  0.619777  3.178960 44.9287
3  6.019840  3.804580 45.5751
3  5.344980  5.054880 45.6194
3 -4.986580  6.215610 45.6409
3 -4.092000  7.261590 45.6518
3  1.772630  8.113580 47.0291
3  2.306800  7.722840 45.6812
3  3.418440  6.883690 45.6482
3 -0.314844  8.542050 45.7598
3 -1.751760  8.485810 45.6982
3 -6.946740  2.015200 47.0072
1 -2.380690  1.434020 48.9906
1 -1.026280  1.550170 48.5455
1 -0.320208  0.326587 48.8030
3  6.825770  1.263890 48.3545
3  6.734510  1.878600 46.9768
3 -6.880850  2.650580 48.3515
3 -6.503980  4.044990 48.3207
1 -0.405234  2.815390 48.4983
1  0.993941  2.828780 48.8646
3  6.107820  3.841230 48.2687
3  6.252950  3.255430 46.9435
3 -6.183590  4.552200 46.9631
3 -5.434820  5.753780 46.9560
3  4.927760  5.524380 46.9893
3  5.432610  5.073240 48.2868
3 -5.108650  6.200900 48.3369
3 -4.047610  7.153590 48.3327
3 -3.535110  7.571480 47.0364
3 -2.387000  8.344730 47.0414
3  2.334840  7.725670 48.3609
3  3.505400  6.917270 48.3657
3  3.954740  6.521860 47.0025
3 -1.665400  8.411330 48.3650
3 -0.255585  8.569850 48.3116
3  0.399718  8.445790 47.0045
3 -7.136130  0.627493 49.6744
1  1.702270  1.615370 49.1392
1  1.064930  0.335193 49.0641
1  2.680260  1.531030 50.2664
1  2.541010  0.254334 50.8438
3  6.818280  1.293240 51.0346
3  6.706120  1.909850 49.6468
3 -7.045160  2.038400 49.6740
3 -7.044790  2.608270 50.9686
3 -6.520840  3.969550 50.9737
1 -3.079730  2.449370 49.6075
1 -2.309340  3.705800 49.7372
1 -3.776380  2.256530 50.8910
1 -1.059210  3.983690 49.1136
1  1.230060  3.908710 49.7875
1  2.180050  3.896820 50.8499
1  2.993260  2.704930 51.0603
3  6.370770  3.275770 49.6172
3 -6.279690  4.550140 49.6727
3 -5.496880  5.738440 49.6640
1 -2.579320  4.218600 51.0692
1 -0.013765  4.658190 49.9429
3  5.030530  5.510410 49.6946
3 -5.116240  6.240850 50.9486
3 -3.935100  7.099050 50.9627
3 -3.463980  7.515610 49.6923
3  1.741240  8.054810 49.6581
3  2.374120  7.791300 50.9647
3  3.572620  7.083920 50.9732
3  4.094120  6.639050 49.6896
3 -2.200430  8.115490 49.7016
3 -0.208341  8.550170 50.9658
3 -1.598100  8.291380 51.0344
3  0.395001  8.545260 49.6334
3 -7.164980  0.661004 52.3316
1 -3.898240  0.937509 51.4300
1 -3.763280  0.761568 52.8710
1  2.701610  0.040762 52.2137
1  2.898770  1.173360 53.1138
3  6.733940  1.899770 52.3590
3 -7.127170  2.020370 52.2784
1 -3.491190  3.395070 51.7409
1 -3.381260  3.230340 53.1679
1  3.013610  2.503730 52.4835
1  2.413760  3.650220 53.1801
3  6.146110  3.836260 50.9978
3  6.303800  3.269310 52.3116
3 -6.336410  4.594350 52.3510
3 -5.454920  5.730070 52.3171
1 -0.375272  5.240780 51.2112
1 -1.686300  5.018770 51.7521
1 -1.566650  4.810520 53.1762
1  0.590875  5.043280 52.2861
1  1.831190  4.466670 52.1312
3  5.402200  5.085400 50.9993
3  5.013420  5.657300 52.2866
3 -3.511270  7.544240 52.3161
3 -2.202180  8.208690 52.3682
3  4.141090  6.760850 52.2568
3  1.799830  8.057710 52.2755
3  0.395249  8.377310 52.3161
3 -7.183360  0.613708 55.0100
3 -7.242720  2.042540 55.0286
1 -3.569280  1.854190 53.7233
1 -2.659670  1.785800 54.8544
1 -1.972430  0.559156 55.0739
1  2.080000  0.964207 54.2675
3  6.894190  1.322030 53.6999
3  6.714410  1.926610 55.0467
3 -7.082900  2.699570 53.6763
3 -6.611620  4.023630 53.6622
1 -2.458000  3.985040 53.9576
1 -1.949450  3.077090 54.9755
1  1.634540  3.443370 54.3703
1  1.479580  2.097850 54.8608
3  6.218540  3.263160 55.0047
3  5.897060  3.813020 53.6464
3 -6.336430  4.653860 54.9747
3 -5.473450  5.741350 54.9786
3 -5.032420  6.213640 53.6520
1 -0.163336  4.893850 53.5253
1  0.302440  4.081630 54.5327
3  5.236640  5.064930 53.6100
3  4.862320  5.613460 54.9551
3 -2.214340  8.193770 55.0134
3 -3.461710  7.527480 55.0494
3 -4.003550  7.191920 53.6421
3  2.428360  7.953830 53.5892
3  3.628530  7.172530 53.6027
3  3.968180  6.726560 54.9661
3 -1.586170  8.330640 53.6934
3 -0.150924  8.423010 53.6709
3  1.880440  8.306390 54.9949
3  0.497610  8.545750 54.9477