391

3 -2.861960 -6.796380 55.7730
3 -1.560840 -7.291480 55.7342
3 -0.830937 -7.397470 56.9135
3  0.545125 -7.743610 56.9413
3  1.173400 -8.032210 55.7405
3  2.587560 -8.066590 55.7505
3  3.346150 -7.937260 56.9482
3  4.641600 -7.414250 56.9141
3  5.037500 -6.874390 55.6932
3 -6.364440 -4.403720 55.7200
3 -5.269770 -5.326990 55.7565
3 -3.473640 -6.409110 56.9926
3 -4.600100 -5.582070 56.9749
3  5.992370 -5.862820 55.6364
3  6.323560 -5.197880 56.8445
3 -7.646030 -2.757080 56.9301
3 -8.029370 -2.268300 55.6997
3 -6.725990 -3.810220 56.9482
2 -2.797250 -3.018680 55.2566
2 -1.972510 -2.473460 56.2451
2 -0.607769 -2.189970 55.9007
3  6.469460 -3.775930 56.7675
3  6.271080 -3.104800 55.5886
3 -8.824850 -0.367354 56.8889
3 -8.680800 -1.060810 55.6847
2 -5.388530 -0.391262 55.2942
2 -4.634000 -1.455230 55.9246
2 -3.788530 -0.874348 56.9687
2 -2.459850 -1.364080 57.0516
2 -0.223973 -0.947913 56.5176
3  5.554520 -1.160200 56.7746
3  5.680710 -1.811160 55.5622
3 -2.774770 -6.542650 58.1870
3 -1.489500 -7.153160 58.1582
3  1.231770 -7.613880 58.1684
3  2.620240 -7.800810 58.1913
3  5.225500 -6.973230 58.0967
3 -6.150920 -4.159230 58.1859
3 -5.026800 -4.987700 58.1950
3  6.085710 -5.858530 58.0754
3 -8.179960 -2.239280 58.1692
3  6.489750 -3.091230 57.9827
3  6.578720 -3.797110 59.1816
3 -8.806650 -0.987226 58.1394
2 -1.368500 -0.421328 57.2002
3  6.067550 -1.752670 57.9588
3 -2.823230 -6.432330 60.6393
3 -1.554630 -6.917270 60.6082
3 -0.863419 -7.225620 59.4060
3  0.532250 -7.498470 59.3883
3  1.202770 -7.449680 60.6161
3  2.582870 -7.494220 60.5854
3  3.309060 -7.609420 59.3806
3  4.673230 -7.304700 59.3343
3  5.313420 -6.897740 60.5530
3 -6.088800 -3.929580 60.5996
3 -5.012120 -4.796950 60.6401
3 -3.361010 -6.073790 59.4158
3 -4.468550 -5.220690 59.4306
3  6.442950 -5.200950 59.2531
3  6.223960 -5.802330 60.4987
3 -7.733850 -2.706850 59.4266
3 -8.184550 -2.146580 60.6278
3 -6.747130 -3.650640 59.3973
3  6.785170 -3.066970 60.3463
3 -8.984100 -0.329760 59.3573
3 -8.812700 -0.900571 60.6498
1 -3.295340 -0.531131 60.4304
1 -1.870490 -0.590008 60.3075
3  6.576220 -1.690320 60.2921
3  6.023370 -1.058870 59.1633
3 -1.582940 -6.819430 63.0441
3 -2.918160 -6.438060 63.0670
3 -0.880437 -7.031030 61.8428
3  0.501913 -7.257390 61.7921
3  1.152820 -7.301960 63.0137
3  2.570440 -7.278570 63.0288
3  3.236350 -7.355750 61.8039
3  4.627210 -7.049850 61.8038
3  5.199520 -6.548060 63.0180
3 -6.399230 -4.163320 63.0692
3 -5.325570 -5.029990 63.0632
3 -3.471870 -6.073440 61.8483
3 -4.624840 -5.285940 61.8670
3  6.109580 -5.487990 62.9581
3  6.498100 -5.074290 61.6701
3 -7.704690 -2.617810 61.8824
3 -8.070070 -2.041820 63.1028
3 -6.734320 -3.630530 61.8133
3  6.796590 -3.708660 61.6086
3  6.905260 -2.947960 62.7850
3 -8.961260 -0.200810 61.8798
3 -8.765910 -0.806304 63.1146
1 -3.716200 -1.583480 61.3305
1 -4.686960 -1.263730 62.2911
1 -2.522580 -2.317480 61.7505
1 -1.380770 -1.713000 61.0664
1 -0.160896 -1.520880 61.7436
1  0.618976 -0.292393 61.5895
3  6.582670 -0.943933 61.4859
3  6.947170 -1.561340 62.6992
3  0.453049 -7.265820 64.2311
3 -0.945510 -7.060580 64.2397
3  3.245870 -7.148700 64.2341
3  4.564460 -6.771980 64.2689
3 -3.646840 -6.284330 64.2667
3 -4.870750 -5.541590 64.3161
3  6.562790 -4.851860 64.1414
3  6.198690 -5.328180 65.3767
3 -7.744190 -2.638130 64.3370
3 -6.901800 -3.752750 64.3220
1 -3.461200 -2.400750 64.0532
1 -2.406360 -2.670410 63.1097
1 -1.156450 -2.498550 63.8026
3  7.006750 -3.549430 64.0454
3  7.439570 -2.826180 65.1687
3 -8.770590 -0.080625 64.3241
1 -4.588240 -1.700070 63.6475
1 -5.202660 -0.724126 64.5018
1 -0.067812 -1.922280 63.1262
1  0.755031 -0.963715 63.8227
3  7.021300 -0.779058 63.8609
3  7.387160 -1.402450 65.0764
3 -3.006860 -6.550360 65.4896
3 -1.650530 -6.920710 65.4079
3 -0.955828 -7.020860 66.6450
3  0.455993 -7.020790 66.6167
3  1.179310 -7.261470 65.4250
3  2.587680 -7.213280 65.4476
3  3.275130 -7.121700 66.6829
3  4.569190 -6.640510 66.6556
3  5.145700 -6.283830 65.4374
3 -6.488530 -4.276120 65.5641
3 -5.415190 -5.230310 65.5621
3 -3.648100 -6.351050 66.7331
3 -4.855030 -5.677110 66.7440
3  6.596710 -4.702200 66.5481
3 -8.074190 -1.985250 65.5592
3 -7.747240 -2.599180 66.7813
3 -6.908720 -3.742100 66.7771
1 -1.442630 -2.163870 65.1817
3  7.274860 -3.462290 66.4261
3 -8.587100 -0.683659 65.5462
3 -8.703280 -0.007792 66.7549
1 -4.637420 -0.429974 65.7488
1 -3.453960 -1.137400 66.1877
1 -2.875670 -2.102940 65.3376
1 -2.605880 -0.196771 66.8960
1 -1.209880 -0.237808 66.7365
1  0.473864 -0.655696 65.1633
1 -0.635026 -1.245130 65.8674
3  7.389170 -0.732441 66.3072
3 -3.591220 -6.285240 69.1071
3 -2.990380 -6.652200 67.9201
3 -1.622790 -7.027460 67.8660
3 -0.901425 -6.971410 69.0511
3  0.519105 -6.900630 69.0285
3  1.172650 -6.934940 67.8072
3  2.540410 -7.009460 67.8325
3  3.204360 -6.790150 69.0360
3  4.508380 -6.358220 69.0527
3 -6.309030 -4.166090 67.9613
3 -5.370110 -5.184180 67.9356
3 -4.704530 -5.479960 69.1180
3  5.110860 -6.081050 67.8270
3  6.164180 -5.141630 67.7742
3  6.738660 -4.611700 68.9331
3 -7.397730 -2.415080 69.1764
3 -6.544470 -3.532730 69.1344
3  7.498590 -3.384170 68.8369
3  7.581940 -2.749130 67.5617
3 -7.943360 -1.972410 68.0120
3 -8.415330 -0.649695 67.9738
3  7.685800 -1.362190 67.5091
3  7.701000 -0.595972 68.6777
3 -1.561050 -6.840570 70.2698
3 -2.903280 -6.494710 70.2893
3  2.550320 -6.740700 70.2688
3  1.195320 -6.888340 70.2297
3 -6.007170 -3.925930 70.3491
3 -5.111230 -4.999940 70.3458
3  5.097700 -5.875380 70.2051
3  6.206550 -5.015820 70.1714
3  7.745090 -2.638080 69.9931
3 -7.675150 -1.829180 70.4453
3 -8.225420 -0.541268 70.4030
3  7.943150 -1.230230 69.8454
2  0.664350 -0.072118 55.8903
3 -8.622730  1.609140 55.6056
3 -8.852590  1.033870 56.8609
2 -4.968250  0.851728 55.8890
2 -3.989370  0.567223 56.9208
2 -2.913870  1.458300 57.0662
2  0.436485  1.368910 55.9277
2 -0.663579  1.906400 56.6173
3  4.784570  0.794835 55.6109
3  5.091380  0.142126 56.7727
3 -8.419070  2.979390 55.6572
3 -8.131160  3.626410 56.8520
2 -3.820670  2.995020 55.3448
2 -2.849270  2.690360 56.3093
2 -1.467940  2.951900 55.9949
3  4.100360  2.720610 56.8393
3  4.329360  2.132740 55.6076
3 -7.529790  4.856240 56.8375
3 -7.151010  5.382590 55.5876
3  3.640120  4.032630 56.8527
3  3.398310  6.138550 55.6946
3  3.603150  4.745310 55.6453
3 -5.922090  7.178000 56.7433
3 -6.451160  6.633980 55.5600
3 -4.831580  8.078020 56.7390
3 -4.125170  8.260110 55.5302
3 -2.748760  8.563600 55.6025
3 -2.043860  8.546480 56.7912
3  0.124204  8.372730 55.6685
3  1.521400  8.124480 55.6805
3  2.992250  6.715800 56.9363
3  2.083080  7.802250 56.9349
3 -0.618056  8.437740 56.8516
3 -8.935190  1.758530 58.0770
2 -1.573140  0.961187 57.2208
3  4.890100  0.732269 58.0018
3  4.273230  1.975280 58.0276
3 -8.509920  3.079320 58.0849
3 -7.210270  5.574670 58.0225
3  3.086000  6.006890 58.1403
3  3.444970  4.647760 58.0874
3 -6.456270  6.738180 57.9698
3 -4.203210  8.386590 57.9589
3  0.036484  8.388940 58.1284
3  1.451250  8.131820 58.1503
3 -2.767440  8.627690 58.0011
3 -9.078690  1.099010 59.3308
3 -8.867140  1.776670 60.5676
1 -3.914240  0.723197 60.4602
1 -1.159500  0.611207 60.1771
3  5.182770  0.723002 60.4203
3  5.372740  0.146805 59.1703
3  4.412060  1.893970 60.4316
3 -8.457480  3.127200 60.5548
3 -8.225800  3.757850 59.2919
1 -1.806570  1.902650 60.1379
1 -3.200020  1.962940 60.2519
3  4.081190  2.545770 59.2489
3  3.624920  3.870580 59.2622
3 -7.586510  4.986190 59.2600
3 -7.313760  5.685000 60.4458
3  2.869180  5.756120 60.5488
3  3.377560  4.470760 60.5218
3 -5.960760  7.272460 59.1819
3 -6.421030  6.750360 60.4308
3 -4.862850  8.132860 59.1927
3  1.211390  7.904330 60.6191
3  2.734820  6.527750 59.3779
3  1.912240  7.668950 59.4038
3 -4.263450  8.482580 60.4226
3 -2.873070  8.834250 60.4564
3 -0.721020  8.492680 59.2992
3 -2.089020  8.740910 59.2481
3 -0.130505  8.367630 60.5626
3 -8.882240  1.179390 61.8604
3 -8.784550  1.961230 63.0366
1 -5.359350 -0.001373 62.2952
1 -4.965450  0.977925 61.3963
1  0.123945  0.772574 60.8112
3  4.977180  2.065170 62.7768
3  5.847840  0.247745 61.5448
3  5.799810  0.929131 62.7267
3 -8.333870  3.287790 62.9927
3 -8.180660  3.826050 61.7432
1 -3.797740  2.973620 61.1103
1 -4.906600  2.356770 61.8048
1 -3.002020  3.920720 61.7842
1 -1.554220  3.857960 61.6350
1 -0.972181  2.855100 60.8307
1  0.230410  2.159020 61.2400
1  0.798998  2.448640 62.4904
3  4.352030  2.541760 61.6305
3  3.807340  3.814870 61.6710
3 -7.774170  5.202520 61.6833
3 -7.457630  5.860670 62.9102
3  2.906160  5.583410 62.9931
3  3.610790  4.393210 62.9385
3 -5.898020  7.204340 61.6749
3 -6.480650  6.895810 62.8779
3 -4.859890  8.119560 61.6839
3  0.919121  7.489000 63.0600
3  2.526930  6.260310 61.7964
3  1.578710  7.270540 61.8280
3 -4.339430  8.494590 62.9648
3 -2.957740  8.738740 62.9703
3 -0.842279  8.509770 61.7701
3 -2.207650  8.765730 61.7015
3 -0.252617  8.272310 63.0326
3 -8.959360  1.328100 64.2861
1 -5.666710  0.344370 63.6542
1 -5.631130  1.673280 64.0813
1  1.207860  0.031036 62.8756
1  1.263560  1.363550 63.3166
1  0.948658  1.694620 64.6870
3  6.433510  0.470518 63.8888
3  6.245340  1.085540 65.1318
3 -8.271820  4.021790 64.1604
1 -5.211230  2.695170 63.1390
1 -4.382460  3.639780 63.8496
1  0.185140  3.443000 63.3445
1  0.286642  2.979640 64.7080
3  4.832960  2.677890 64.0051
3  4.082180  3.819080 64.1051
3  5.378210  2.138120 65.1881
3 -7.817420  5.341210 64.1383
1 -3.287350  4.203240 63.1790
1 -2.033390  4.354750 63.8767
1 -0.958068  4.151560 62.9279
3  2.433170  6.008130 64.2157
3  3.624070  4.255080 65.3448
3 -6.190200  7.486230 64.1322
3 -5.042500  8.326260 64.1578
3  1.404680  6.933790 64.2202
3 -2.306490  8.782320 64.2213
3 -0.964114  8.376880 64.2147
3 -8.926680  2.080950 65.4904
3 -8.946110  1.382250 66.6902
1 -4.542180  0.936151 66.1954
1 -5.030100  1.966570 65.3673
1 -3.281030  1.085830 66.9076
1  0.602960  0.710044 65.6152
1 -0.451048  0.980193 66.5615
3  6.698240  0.483892 66.3624
3 -8.518700  3.431880 65.3981
3 -8.425890  4.148640 66.5892
1 -4.271020  3.190770 65.2265
1 -3.044120  3.332650 65.8876
1 -1.910670  3.924020 65.2076
1 -1.112250  2.214570 66.5822
1 -2.549400  2.276700 66.7426
1 -0.710154  3.258450 65.6595
3  4.919290  2.571450 66.4589
3  3.901380  3.513000 66.5087
3 -7.562850  6.005760 65.3519
3 -7.965950  5.471610 66.5850
3  2.716940  5.309540 65.3707
3  2.029120  5.459350 66.5661
3 -6.735300  7.133780 65.3639
3 -6.301350  7.706440 66.6037
3 -5.007290  8.256740 66.6439
3 -4.426800  8.613320 65.4013
3  0.722146  7.138630 65.4229
3 -0.394460  7.990050 65.3954
3  1.053840  6.452430 66.5797
3 -3.050750  8.841060 65.4042
3 -2.382900  8.591850 66.6527
3 -1.083490  8.193490 66.5971
3 -8.847570  2.097920 67.9075
3 -8.802690  1.415860 69.1031
3  6.443090  1.059170 67.5790
3  7.037640  0.628742 68.7247
3 -8.693760  3.486550 67.8359
3  3.379220  3.864780 67.7504
3  4.057720  3.528810 68.9467
3  5.492660  2.098010 67.6230
3  5.225120  2.731260 68.8161
3 -8.670850  4.216590 69.0432
3 -7.728510  6.148500 67.8066
3 -8.083290  5.523000 69.0640
3  2.291530  4.771810 67.7918
3  1.892030  5.249840 69.0312
3 -6.800690  7.201300 67.8449
3 -6.253460  7.476330 69.0907
3 -4.990120  8.035240 69.1071
3 -4.362360  8.318890 67.8735
3 -0.471545  7.790400 67.7871
3  0.501400  6.833850 67.7982
3  1.029550  6.368340 69.0096
3 -3.004890  8.563550 67.8786
3 -2.333300  8.503420 69.0897
3 -0.962840  8.251740 69.0309
3  6.929610  1.386690 69.8959
3 -8.796140  2.112260 70.3030
3 -8.801620  3.549680 70.2604
3  6.018210  2.454140 69.9377
3 -7.780470  6.107360 70.3468
3  2.583830  4.999780 70.2175
3  3.596140  4.029050 70.1864
3 -6.752230  7.034590 70.3367
3 -4.289750  8.170890 70.3167
3  0.802518  7.088180 70.1794
3 -0.243401  8.026810 70.2239
3 -2.918740  8.351990 70.3474
3 -8.498140  0.047899 69.1559