285

3 -0.445557 -8.276830 68.3078
3 -4.289460 -6.785390 68.3340
3 -1.846250 -8.030290 68.3259
3  2.225480 -8.101170 68.3529
3  3.611200 -7.741490 68.3773
3 -5.333030 -5.782350 68.3686
3  5.682460 -6.006320 68.4421
3  6.347730 -4.744750 68.4611
3 -6.540220 -3.366350 68.3831
1 -0.914268 -2.713700 68.5180
1 -1.047280 -3.949820 69.2371
1  1.552340 -2.792450 68.7098
1  0.324033 -2.141750 68.3103
3  7.009440 -2.136370 68.4148
3 -7.004190 -1.997590 68.3677
1 -2.008580 -1.790660 68.9615
1 -1.780080 -0.430715 69.1249
1  0.557529 -0.702548 68.4141
1  1.877310 -0.495437 68.9760
1  2.496120 -1.780960 69.1730
3  7.064270 -0.718153 68.4509
3 -0.447843 -8.353060 70.9988
3  0.202566 -8.326210 69.6518
3  1.603920 -8.229460 69.6778
3 -4.330800 -6.853230 71.0269
3 -3.742860 -7.156150 69.6533
3 -2.481020 -7.770300 69.6895
3 -1.860850 -8.003270 70.9884
3  2.201070 -8.182830 71.0683
3  3.509160 -7.656580 71.1032
3  4.126560 -7.429290 69.7844
3  5.186540 -6.440750 69.7815
3 -5.287440 -5.768070 71.0461
3 -5.673520 -5.217960 69.7145
1 -2.121380 -4.343130 71.4052
1  0.116350 -5.105850 71.0910
1  0.092375 -4.561270 69.7771
1  2.267440 -4.352410 70.5890
3  5.560610 -5.899160 71.1309
3  6.244500 -4.682130 71.1393
3  6.496420 -4.094860 69.7930
3 -6.629280 -3.425780 71.0657
3 -6.297040 -3.971260 69.7173
1 -2.747550 -2.556910 69.9052
1 -2.245860 -3.877930 70.0883
1  1.412740 -4.056600 69.4772
1  3.117180 -3.303190 71.0111
3  6.935240 -2.740780 69.7803
3  7.166810 -2.134070 71.1248
3 -6.934290 -2.062290 71.0736
3 -7.060540 -1.450790 69.7005
1 -3.266910 -1.817840 71.0175
1 -3.157370 -0.339950 71.1576
1  3.251530 -2.057770 70.3055
1  3.498920 -1.019850 71.3145
3  7.164490 -0.780994 71.1127
3  7.018360 -0.128778 69.7831
3  0.194059 -8.378940 72.4091
3 -3.726150 -7.150050 72.3542
3 -2.456770 -7.850050 72.3254
3  1.634020 -8.360160 72.3571
3  4.090030 -7.343900 72.4589
3  5.106920 -6.375430 72.4041
3 -5.690370 -5.261770 72.3666
1 -0.961688 -4.955670 71.9460
1 -0.840160 -4.662370 73.3617
1  1.470600 -5.015580 71.6222
1  1.589880 -4.765900 73.0509
3 -6.321520 -3.965400 72.3778
1 -2.770250 -3.637020 72.5503
1 -3.266960 -2.344980 72.3519
1  3.260450 -3.039210 72.4271
1  2.512760 -3.644050 73.4037
3  6.442530 -4.076550 72.4438
3  7.082480 -2.803520 72.3794
3 -7.170740 -1.382020 72.3742
1 -3.061420 -1.308060 73.3161
1 -3.007910 -0.015672 72.5570
1  3.509750 -1.618930 72.6319
3 -0.426251 -8.356310 73.7201
3  0.224841 -8.341440 75.0722
3  1.648320 -8.310320 75.0918
3 -4.209460 -6.785950 73.7208
3 -3.702780 -7.160170 75.0795
3 -2.435110 -7.952050 75.0809
3 -1.844340 -8.164780 73.7362
3  2.287580 -8.353210 73.7145
3  3.620610 -7.785740 73.7352
3  4.201510 -7.431910 75.0398
3  5.280420 -6.509390 75.0749
3 -5.204000 -5.749680 73.7117
3 -5.542880 -5.206990 75.0964
1  0.407180 -4.596390 73.9352
3  5.503770 -5.892560 73.7836
3  6.269240 -4.706370 73.7695
3 -6.594000 -3.357710 73.7611
3 -6.300440 -3.995780 75.0896
1 -1.934690 -3.853140 73.7120
1 -1.746930 -2.824690 74.7175
1 -0.429232 -2.646630 75.2644
1  0.660990 -3.503560 74.8440
1  1.922790 -2.921080 74.5148
3  6.473460 -4.060000 75.0977
3  6.949580 -2.709770 75.0184
3 -7.035820 -1.995320 73.7120
3 -7.141790 -1.348600 75.0811
1 -2.301520 -1.533700 74.4734
1 -0.168342 -1.213460 75.3950
1 -1.381450 -0.538997 74.8793
1  1.127860 -0.683679 75.1207
1  2.201600 -1.563230 74.6948
1  2.964130 -0.823442 73.6855
3  7.127830 -2.136720 73.7047
3  7.138190 -0.734872 73.7119
3 -0.431974 -8.414740 76.4431
3 -4.178050 -6.761790 76.4184
3 -1.814540 -8.135870 76.4551
3  2.258430 -8.219250 76.3919
3  3.625500 -7.719500 76.3863
3 -5.088120 -5.664370 76.4202
3  5.661430 -5.938820 76.3887
3  6.286910 -4.662930 76.3782
3 -6.538180 -3.353330 76.3971
3 -6.994750 -2.000150 76.3875
3  7.105830 -2.121540 76.3987
3  7.209030 -0.694257 76.4249
3 -0.397313 -8.401660 79.1211
3  1.642970 -8.368020 77.7229
3  0.211242 -8.566830 77.7443
3 -4.154430 -6.627810 79.0186
3 -3.603710 -7.065270 77.6929
3 -2.395590 -7.791650 77.7061
3 -1.766000 -7.934040 79.0697
3  2.276210 -8.086910 79.0823
3  3.587780 -7.632110 79.0326
3  5.257750 -6.463740 77.6868
3  4.240170 -7.434890 77.6742
3 -5.577030 -5.115730 77.7143
3 -5.193950 -5.660540 79.0408
3  5.653690 -5.987620 79.0159
3  6.330530 -4.718710 79.0618
3 -6.512830 -3.262560 79.0480
3 -6.269250 -3.851900 77.7152
3  6.601990 -4.134770 77.7804
3  6.947390 -2.756850 77.7079
3  7.005770 -2.096020 79.0352
3 -7.072050 -1.318430 77.7184
3 -6.876030 -1.901250 79.0245
2 -2.657920 -0.205616 79.6302
2  0.279379 -0.434547 79.2573
3  7.176840 -0.702712 79.0621
3  7.204720 -0.019773 77.6797
3 -7.134730  0.649634 68.4320
1 -0.464437  0.127554 68.8451
3  6.474810  1.914630 68.4096
3 -6.892070  2.039260 68.4441
3  5.900150  3.179360 68.4253
3 -6.257090  4.624920 68.3913
3 -5.483760  5.826050 68.3391
3  4.824890  5.665670 68.3624
3 -3.640380  7.779280 68.3026
3  3.933980  6.831540 68.3497
3 -2.404270  8.452430 68.3554
3  1.706780  8.265590 68.4055
3  0.312143  8.760020 68.3367
3 -7.176820 -0.021135 69.7080
3 -7.069380  0.661741 71.0493
1 -2.396440  0.345157 70.1833
1 -1.381720  1.293790 70.6541
1 -0.247247  1.201940 69.8069
1  1.081790  1.465440 70.2822
1  2.126740  0.516550 69.8818
1  2.928400  0.237344 71.0701
3  6.652940  1.256730 69.7803
3  6.435610  1.853970 71.0960
3 -6.994440  2.099030 71.0246
3 -6.787980  2.671020 69.7392
3 -6.557020  4.060430 69.7265
3  5.642540  3.760800 69.7232
3  5.767430  3.117960 71.0671
3 -6.236470  4.641010 71.0424
3 -5.582600  5.884500 71.0113
3  5.067790  5.067180 69.7127
3  4.779300  5.648020 71.1092
3 -5.070780  6.276350 69.6567
3 -4.186340  7.411470 69.6338
3 -3.703940  7.799720 71.0195
3  2.275250  7.985770 69.7084
3  3.485370  7.271520 69.6983
3  3.845400  6.718360 71.0509
3 -2.432110  8.450210 71.0150
3 -1.793240  8.651490 69.6382
3 -0.375932  8.745360 69.6425
3  1.618420  8.141580 71.0121
3  0.272979  8.551080 71.0185
3 -7.212140  0.034400 72.3814
1 -2.080890  0.959536 72.9821
1 -1.265730  1.626560 71.9883
1  1.215820  1.776140 71.7042
1  0.075602  1.750800 72.5703
1  2.408710  1.028590 72.1754
1  2.316960  0.458473 73.4336
3  7.113130 -0.098082 72.4016
3  6.707950  1.262360 72.3886
3 -6.909020  2.756770 72.3278
3  5.581160  3.798760 72.4465
3 -6.541920  4.119630 72.3474
3  5.087500  5.128130 72.4421
3 -5.181130  6.398060 72.3956
3 -4.219740  7.433150 72.3953
3  2.174270  7.926250 72.3435
3  3.349990  7.157940 72.3374
3 -0.388804  8.606860 72.3725
3 -1.809420  8.576280 72.3699
3 -7.282090  0.668501 73.7014
3 -7.246170  0.059996 75.0607
1 -1.264110  0.690011 74.2047
1  0.043659  1.263940 73.9103
1  1.205070  0.550557 74.3265
3  6.999160 -0.111641 75.1087
3  6.623130  1.282280 75.0453
3  6.336570  1.854200 73.7135
3 -7.001300  2.106410 73.6808
3 -6.940010  2.696600 75.0111
3  5.626940  3.777190 75.0357
3  5.922750  3.235210 73.7301
3 -6.580870  4.075770 74.9894
3 -6.329940  4.695140 73.6700
3 -5.651820  5.941960 73.6878
3  4.760490  5.628550 73.7481
3  4.957730  5.057320 75.0930
3 -5.373180  6.496930 75.0307
3 -4.313550  7.500050 75.0633
3 -3.750930  7.850640 73.7377
3  2.183730  8.016150 75.0801
3  3.416680  7.213960 75.1177
3  3.824560  6.715840 73.7402
3 -2.438250  8.357300 73.7220
3 -1.817060  8.498860 75.0470
3 -0.376366  8.573460 75.0330
3  1.635530  8.221140 73.6822
3  0.253122  8.461480 73.6756
3 -7.155000  0.713950 76.3601
3  6.494780  1.940290 76.3993
3 -7.073540  2.097960 76.3138
3 -7.081790  2.729560 77.6253
3  6.042160  3.302240 76.3730
3 -6.400970  4.733660 76.3339
3 -6.781040  4.120970 77.6306
3 -5.648480  5.934050 76.3405
3  4.677280  5.554980 76.4262
3 -3.736370  7.785120 76.3802
3  3.854900  6.692480 76.4464
3  2.205780  7.926490 77.7588
3 -2.448610  8.364060 76.3544
3  1.613070  8.204830 76.4353
3  0.223192  8.565800 76.4558
3 -7.280950  0.115858 77.6829
3 -7.306170  0.731014 79.0346
2 -1.924990  0.727574 78.8666
2 -0.448811  0.595997 78.6397
2  0.095621  2.001200 78.6006
3  6.885290  1.340380 77.6754
3  6.695030  1.934830 79.0407
3 -7.280250  2.168610 79.0220
2 -2.277360  2.124650 79.0277
2 -1.053930  2.894590 78.9029
2  1.326810  2.199210 79.3274
3  5.756880  3.823690 77.7519
3  6.142050  3.261490 79.0271
3 -6.700320  4.801270 78.9509
3 -5.914190  5.957770 79.0009
3  5.060540  5.062360 77.7779
3  4.737340  5.635280 79.1303
3 -5.388540  6.449210 77.6800
3 -4.338110  7.413410 77.7169
3 -3.797250  7.711230 79.0782
3  3.384580  7.110600 77.7895
3  3.827970  6.726100 79.1522
3 -2.438570  8.194430 79.0788
3 -1.841490  8.426590 77.7392
3 -0.424188  8.511670 77.7699
3  1.536100  8.071800 79.1020
3  0.177380  8.453060 79.1346
2 -0.804417  4.040290 79.6966