291

3 -0.539855 -6.939910 29.3826
3  0.921150 -6.783640 29.3844
3 -6.780450 -4.809170 29.3521
3 -3.126030 -6.614060 29.3367
3 -4.501360 -6.149710 29.3554
3  3.531470 -6.400590 29.4153
3  4.823980 -5.781990 29.3495
3 -7.710920 -3.693420 29.3128
2 -2.356150 -2.894060 28.3412
2  0.104386 -2.576850 28.2867
3  6.891570 -4.112430 29.3825
3  7.644410 -2.943050 29.3300
3 -8.613470 -1.152240 29.3982
2 -3.706900 -1.038590 29.1259
2 -2.474210 -1.802800 29.3537
2 -1.256150 -1.184270 29.7864
2  0.004708 -1.542940 29.2773
2  0.800856 -0.329759 29.1001
3  8.408170 -0.372074 29.3419
3 -2.566440 -6.698490 30.8635
3 -1.123510 -6.843430 30.8599
3  1.512940 -6.788850 30.8326
3  2.935780 -6.415420 30.7987
3 -6.248200 -5.106170 30.7590
3 -5.035160 -5.829120 30.7851
3  5.344060 -5.446200 30.8719
3  6.510560 -4.556260 30.7958
3 -8.112220 -3.169510 30.8430
3  7.925240 -2.343560 30.7802
3 -8.543690 -1.769260 30.8724
3  8.319140 -0.981724 30.7420
3 -3.128450 -6.647720 32.2861
3 -1.094710 -6.912300 33.7065
3 -2.524360 -6.745800 33.6560
3 -0.502321 -6.899300 32.2200
3  0.929471 -6.987950 32.2114
3  1.579600 -6.797590 33.6939
3  2.933540 -6.418390 33.7119
3 -6.267000 -5.098590 33.7120
3 -6.775280 -4.707350 32.2841
3 -5.113610 -5.905560 33.7241
3 -4.468500 -6.060540 32.3080
3  3.574940 -6.266930 32.2933
3  4.804880 -5.612560 32.2853
3  5.319900 -5.350950 33.7385
3  6.505680 -4.513850 33.7284
3 -7.797760 -3.698270 32.3148
3 -8.015810 -3.078720 33.7289
1 -2.861790 -2.063600 33.5842
3  6.957310 -4.111040 32.2174
3  7.677460 -2.861110 32.2412
3  7.881980 -2.257130 33.6859
3 -8.465950 -1.691280 33.6691
3 -8.728300 -1.156720 32.2872
1 -2.043210 -1.085580 32.9634
1 -2.460450  0.252760 33.0384
1 -0.610059 -1.214360 33.2408
1 -0.144724  0.157964 33.3416
3  8.334060 -0.899712 33.6715
3  8.358900 -0.301223 32.1653
3 -3.072680 -6.555050 35.0809
3 -0.486947 -7.009410 35.1946
3  0.961358 -6.873110 35.2317
3 -6.694280 -4.669450 35.1493
3 -4.441050 -6.076660 35.0962
3  3.497950 -6.181620 35.2387
3  4.852270 -5.674700 35.2240
3 -7.583300 -3.537760 35.1623
1 -4.321200 -2.441140 35.4505
1 -3.251110 -3.344050 35.5674
1 -2.365110 -3.211150 34.4128
1 -0.117028 -2.250700 34.1290
1 -0.903736 -3.286940 34.6997
3  6.897340 -4.024500 35.1450
3  7.644520 -2.844370 35.1402
3 -8.542860 -1.061980 35.1618
1 -4.111980 -1.629050 34.2563
1 -4.532590 -0.316719 34.1909
1  0.914034 -1.942360 35.0202
1  1.390580 -0.632587 35.1372
3  8.462250 -0.244534 35.0375
3 -3.179610 -6.643040 38.0638
3 -2.454130 -6.740370 36.5874
3 -1.068750 -7.011500 36.6438
3 -0.506322 -7.050350 38.0110
3  0.948054 -6.852450 37.9659
3  1.564940 -6.714110 36.6385
3  2.932590 -6.353950 36.6440
3 -6.274990 -5.147260 36.5900
3 -6.771410 -4.750860 38.0247
3 -5.040290 -5.876240 36.6085
3 -4.531740 -6.115250 38.0033
3  3.459700 -6.037880 38.0596
3  4.808170 -5.531380 38.1116
3  5.375030 -5.281910 36.6808
3  6.540020 -4.453750 36.6475
3 -7.637540 -3.570810 38.0251
3 -7.899270 -3.049240 36.5736
1 -2.689280 -3.538390 36.8448
1 -1.292460 -3.678570 37.0457
1 -0.399688 -3.529100 36.0283
1  0.777469 -2.725270 36.2130
3  6.945020 -4.008860 38.1425
3  7.746640 -2.804130 38.1083
3  7.844710 -2.218430 36.5442
3 -8.408510 -1.717860 36.6184
3 -8.623350 -1.088970 38.0494
1 -5.245710 -0.425399 36.5673
1 -4.802860 -1.766100 36.5967
1 -4.348350 -2.028840 37.9440
1  1.548040 -0.750454 37.6046
1  1.062920 -2.152100 37.4969
1  1.729110 -0.057481 36.4177
3  8.304540 -0.876825 36.5818
3  8.400680 -0.218468 38.0891
3 -1.136700 -7.036630 39.3975
3 -2.544270 -6.824200 39.3985
3  1.505670 -6.761070 39.5056
3  2.848600 -6.236210 39.5131
3 -6.336110 -5.093080 39.4969
3 -5.067500 -5.871060 39.4926
3  5.295320 -5.153620 39.5132
3  6.508580 -4.328220 39.5360
3 -7.930130 -3.046500 39.4988
1 -3.280180 -2.972270 38.0653
1 -1.007800 -3.159760 38.4007
1 -2.200060 -2.626680 38.9684
3  8.057670 -2.214050 39.5216
3 -8.394090 -1.656650 39.5249
1 -4.421630 -0.841087 38.6977
1 -3.408650 -0.542160 39.6779
1 -2.320780 -1.517610 39.8684
1 -1.053920 -0.719997 39.9750
1  0.167530 -2.420380 38.6119
1  0.160233 -1.182350 39.4098
3  8.386960 -0.832213 39.5043
3 -3.132710 -6.602650 40.8730
3 -0.463005 -7.088330 40.8934
3  0.954772 -6.899960 40.9217
3 -6.734810 -4.639760 40.9510
3 -4.478350 -6.151480 40.8950
3  3.500990 -6.133310 40.9848
3  4.791700 -5.533810 40.9527
3 -7.582940 -3.539070 40.9167
3  6.961360 -3.921500 40.9905
3  7.832450 -2.751560 40.9812
3 -8.488410 -1.064780 40.9196
3  8.404090 -0.161350 40.9435
2 -4.355500  1.230220 28.2977
3 -8.704600  0.298085 29.3344
2 -3.668940  0.343153 29.2678
2 -1.251770  0.253327 30.0169
2 -2.437380  0.990328 29.7142
2  0.149151  2.058000 28.9851
2  0.080517  0.796258 29.6592
3  8.460910  1.047170 29.3454
3 -7.945110  2.834120 29.3632
3 -6.943710  3.906120 29.2534
2 -1.089720  2.757690 28.6508
2 -2.291670  2.161640 28.9694
3  7.538710  3.565410 29.2371
3 -4.983980  5.689340 29.3206
3 -3.730000  6.385250 29.2543
3  4.467780  6.210460 29.2206
3  6.737780  4.766520 29.2169
3 -1.046040  6.771000 29.3675
3  0.438187  6.832080 29.3252
3  3.103730  6.697370 29.2056
3 -8.661110  0.937595 30.8196
3  8.317100  1.663490 30.7691
3  8.386550  1.150470 32.1787
3 -8.203100  2.268820 30.8001
3  7.800160  3.005370 30.7219
3 -6.541380  4.383520 30.7057
3 -5.390330  5.265800 30.7564
3  6.335820  5.185590 30.6500
3  5.084940  5.968430 30.6456
3 -3.083520  6.523810 30.8320
3 -1.614790  6.637390 30.7952
3  2.491220  6.748190 30.7121
3  1.018720  6.708910 30.7227
3 -8.532900  0.982599 33.7371
3 -8.764620  0.275067 32.2953
1 -3.702330  1.857510 34.4161
1 -3.658690  0.683190 33.5796
1 -1.308630  2.171450 34.0339
1 -1.256410  1.103180 33.1732
3  8.326980  1.774830 33.6404
3 -8.054960  2.323780 33.6853
3 -7.827500  2.828320 32.2490
3 -7.042450  4.037370 32.1687
1 -2.515790  2.658240 34.6049
3  7.818370  3.095920 33.6170
3  7.567720  3.620930 32.1151
3 -6.594550  4.476770 33.6150
3 -5.434710  5.364440 33.6637
3 -4.875950  5.582700 32.2472
3 -3.606910  6.235170 32.2872
3  4.574700  6.328610 32.1001
3  6.411840  5.325730 33.5948
3  5.199810  6.131540 33.5632
3  6.854540  4.882740 32.1606
3 -2.946470  6.448480 33.6778
3 -1.496040  6.673280 33.6460
3 -0.978535  6.676420 32.1879
3  0.429591  6.765530 32.0859
3  1.125340  6.749230 33.6326
3  2.533430  6.733770 33.6378
3  3.135140  6.602810 32.1594
3 -8.714610  0.387027 35.1550
1 -5.107390  0.322278 35.3828
1 -4.493780  1.587550 35.5552
1  0.868810  1.615860 35.1071
1  0.886008  0.421539 34.2703
1  1.540820  1.375150 36.3469
3  8.443580  1.170640 35.0454
3 -7.850450  2.921630 35.1905
3 -7.049240  4.112650 35.1592
1 -2.174590  3.288460 35.8589
1 -0.178037  2.541920 34.8928
1 -0.700239  3.174800 36.1092
3  7.588510  3.706810 35.0995
3 -4.789350  5.532040 35.1412
3 -3.481810  6.215110 35.1360
3  4.623980  6.428640 35.0540
3  6.819630  4.964860 35.0796
3 -0.892899  6.736350 35.1076
3  0.545420  6.789600 35.1425
3  3.175480  6.687250 35.0349
3 -8.742260  1.000480 36.6600
3 -8.746480  0.363858 38.0610
1 -4.112280  2.143540 36.7763
1 -4.432130  1.464840 37.9597
1 -4.993400  0.162775 37.8710
1  1.024740  2.026400 37.5389
3  8.272140  1.182830 38.0714
3  8.296480  1.768030 36.5672
3 -8.177960  2.365250 36.6572
3 -7.903310  2.887660 38.0865
3 -7.002250  4.007190 38.0818
1 -2.989650  2.966270 36.9426
1 -2.498220  2.797170 38.3158
1 -1.079590  2.649190 38.4492
1 -0.209585  2.840710 37.3562
3  7.922330  3.161150 36.5415
3  7.640640  3.782410 37.9466
3 -6.558280  4.514550 36.5466
3 -5.389660  5.314270 36.5518
3 -4.831400  5.585330 38.0059
3 -3.531220  6.135550 38.0508
3  4.561960  6.484390 37.9765
3  6.348330  5.326220 36.4869
3  5.168480  6.181060 36.4511
3  6.787200  4.943850 37.9243
3 -2.905300  6.358100 36.5847
3 -1.473200  6.618950 36.5793
3 -0.856111  6.752050 37.9878
3  0.584709  6.890750 37.9521
3  2.576820  6.815050 36.5150
3  1.158490  6.818510 36.5323
3  3.141250  6.757630 37.9871
3 -8.664520  0.956210 39.5758
1 -2.835580  0.814360 39.6775
1 -1.428240  0.657172 39.9005
1  0.702490  1.248770 38.7719
1  0.959711 -0.183225 38.7576
1 -0.578296  1.654850 39.3375
3  8.161870  1.835150 39.4331
3 -8.137200  2.281960 39.5342
1 -3.415740  1.876710 38.9489
3  7.931320  3.271800 39.3850
3 -6.512330  4.429730 39.4903
3 -5.391040  5.352320 39.4362
3  5.184330  6.183640 39.4145
3  6.382380  5.364260 39.4340
3 -2.912050  6.426070 39.4076
3 -1.474370  6.674560 39.4187
3  2.596970  6.859130 39.4412
3  1.201300  7.017240 39.4240
3 -8.706580  0.368603 40.9681
3  8.151270  1.232400 40.9681
3 -7.700840  2.857580 40.9582
3 -6.829840  3.978240 40.9436
3  7.589770  3.793810 40.8958
3 -4.793520  5.677590 40.8857
3 -3.492530  6.303380 40.8573
3  6.817920  5.020620 40.9232
3 -0.878487  6.891540 40.8315
3  0.566315  7.044160 40.8391
3  4.559290  6.403690 40.8265
3  3.191970  6.823560 40.8083