292

3 -4.019400 -6.935600 77.5967
3 -1.393570 -7.894840 77.5960
3  0.000188 -8.018180 77.5959
3  2.742050 -7.536040 77.5959
3  4.010130 -6.945050 77.5959
3 -5.182300 -6.145910 77.5979
3  6.142820 -5.156160 77.5959
3 -7.890910 -2.849300 77.5964
3 -7.175110 -4.094230 77.5965
2 -4.316800 -3.091460 77.6796
2 -2.996740 -3.534570 77.3947
2 -2.272080 -3.512410 78.6496
2 -0.972031 -3.017040 78.6361
2 -0.383572 -2.599250 77.3892
3  6.945540 -4.010290 77.5959
2 -5.589850 -0.891612 78.5345
2  0.457042 -1.465070 77.6672
3  7.898100 -1.393460 77.5958
3 -3.391700 -7.259950 78.8067
3 -4.014130 -6.934860 80.0179
3 -2.076750 -7.742020 78.8078
3 -1.393660 -7.895620 80.0200
3  0.698136 -7.988280 78.8083
3  0.000311 -8.018570 80.0207
3  2.076050 -7.745800 78.8085
3  2.742280 -7.535950 80.0211
3  4.599100 -6.569990 78.8086
3  4.010530 -6.944580 80.0218
3 -5.731750 -5.686810 78.8071
3 -6.720700 -4.670110 78.8065
3 -5.166830 -6.134740 80.0136
3  5.671040 -5.670830 78.8088
3  6.142480 -5.155640 80.0218
3 -7.758830 -2.806790 80.0229
3 -7.077610 -4.051610 80.0209
3 -8.140400 -2.156690 78.8171
2 -3.156540 -3.067520 79.7106
2 -4.422260 -2.828330 79.1036
2 -2.756170 -2.171610 80.7299
2 -0.540947 -2.113150 79.6717
3  6.944340 -4.008840 80.0218
3  7.267930 -3.390610 78.8084
3 -8.431800 -0.738051 78.8171
2 -5.122240 -1.719250 79.5489
2 -4.837870 -0.881688 80.6928
2 -1.401210 -1.688970 80.6913
2  0.359587 -1.164900 79.0720
3  7.746360 -2.075740 78.8081
3  7.894660 -1.392740 80.0203
3 -3.391250 -7.263400 81.2299
3 -4.010090 -6.942340 82.4436
3 -2.076190 -7.744340 81.2323
3 -1.393490 -7.896920 82.4450
3  0.698501 -7.988570 81.2333
3  0.000660 -8.019030 82.4458
3  2.076670 -7.745490 81.2341
3  2.743520 -7.534240 82.4469
3  4.599620 -6.568160 81.2350
3  4.011760 -6.940740 82.4496
3 -5.673440 -5.657090 81.2284
3 -6.591390 -4.596260 81.2247
3 -5.155490 -6.136500 82.4406
3  5.670800 -5.666840 81.2367
3  6.140560 -5.144770 82.4496
3 -7.537840 -2.735610 82.4415
3 -7.826120 -2.085760 81.2303
3 -6.939170 -4.000420 82.4432
3  6.944380 -3.997850 82.4525
3  7.261810 -3.385340 81.2345
3 -8.084780 -0.704162 81.2289
3 -8.020520 -0.003805 82.4435
2 -3.575840 -1.082950 81.2580
2 -1.388810 -0.318439 81.1330
3  7.739000 -2.070500 81.2345
3  7.902240 -1.388710 82.4474
3 -3.390240 -7.267160 83.6567
3 -4.009100 -6.945630 84.8701
3 -2.075200 -7.746070 83.6577
3 -1.393010 -7.897140 84.8703
3  0.699056 -7.988040 83.6584
3  0.000932 -8.018560 84.8707
3  2.077310 -7.743890 83.6597
3  2.745100 -7.530190 84.8721
3  4.602660 -6.558950 83.6622
3  4.013190 -6.933870 84.8754
3 -5.669280 -5.669510 83.6564
3 -6.566860 -4.595600 83.6556
3 -5.155320 -6.143030 84.8696
3  5.679430 -5.660650 83.6668
3  6.197990 -5.160860 84.8739
3 -7.534360 -2.742500 84.8709
3 -6.943800 -4.010790 84.8703
1  2.219950 -2.344610 84.0930
1  2.929840 -3.152200 85.0553
1  4.289070 -2.693740 85.0567
3  7.074900 -4.052040 84.8743
3  7.312600 -3.386200 83.6620
3  7.842240 -2.084610 83.6636
3 -7.738800 -2.074330 83.6585
3 -7.980640 -0.697544 83.6586
3 -8.017100 -0.000638 84.8713
1  0.502688 -0.594555 84.0961
1 -0.388195 -0.161674 85.1410
1  0.926791 -1.932800 84.4031
1  2.735670 -0.082447 83.1956
1  3.133870 -1.410500 83.4717
1  4.437650 -1.643280 84.0349
1  5.190050 -0.492772 84.3306
3  8.214590 -1.429690 84.8604
3  8.357480 -0.003182 84.8608
3 -3.389590 -7.267980 86.0828
3 -4.009060 -6.945690 87.2954
3 -2.074780 -7.746170 86.0829
3 -1.392870 -7.897040 87.2954
3  0.699198 -7.987060 86.0831
3  0.000957 -8.018270 87.2953
3  2.077150 -7.742170 86.0836
3  2.745880 -7.528860 87.2949
3  4.614080 -6.553890 86.0847
3  4.014680 -6.932880 87.2938
3 -5.670060 -5.671880 86.0828
3 -6.569510 -4.600260 86.0830
3 -5.155240 -6.143450 87.2955
3  5.716430 -5.678100 86.0865
3  6.273770 -5.212070 87.2935
3 -7.536450 -2.743260 87.2958
3 -6.944950 -4.011190 87.2956
1  0.320078 -2.323040 85.6485
1  1.011960 -3.092280 86.5869
1  2.354210 -3.527080 86.3016
1  4.826830 -2.555150 86.3300
3  7.183710 -4.110740 87.2925
3  7.572080 -3.487450 86.0759
3  8.161260 -2.170530 86.0745
3 -7.746290 -2.076830 86.0835
3 -7.989250 -0.698882 86.0835
3 -8.020080 -0.000483 87.2956
1 -0.500908 -1.230410 86.1012
1  5.493620 -1.373450 86.6107
1  5.620900 -0.413213 85.6709
3  8.344400 -1.449960 87.2971
3  8.457670 -0.005167 87.2961
1  0.909201 -2.791910 87.9939
1  4.347520 -3.052760 87.5841
1  3.053150 -3.532370 87.5817
1 -0.596157 -0.938367 87.4653
1  5.480280 -1.126470 87.9821
3 -8.469850  0.005126 77.5957
3 -8.354510  1.451220 77.5955
2 -5.497690  1.372090 78.0409
2  0.495553  1.230240 78.5474
3  8.020080  0.000474 77.5959
3 -7.189610  4.114280 77.5980
2 -4.824070  2.551740 78.3180
2 -2.353070  3.531850 78.3470
2 -1.008660  3.099520 78.0628
3  6.944950  4.011180 77.5959
3  7.536440  2.743250 77.5958
3 -6.272840  5.210810 77.5976
3  5.155240  6.143450 77.5959
3 -4.014690  6.933090 77.5967
3 -2.745780  7.528840 77.5961
3 -0.000933  8.018230 77.5959
3  1.392880  7.897020 77.5959
3  4.009060  6.945680 77.5959
3 -8.317930  0.002009 80.0288
3 -8.174210  1.423100 80.0287
2 -5.188690  0.491829 80.3175
2 -5.628920  0.413366 78.9788
2 -4.433940  1.640210 80.6075
2 -0.925406  1.937030 80.2476
2 -0.507485  0.595628 80.5526
2  0.379230  0.162025 79.5064
3  7.746110  2.076800 78.8081
3  7.989010  0.698858 78.8080
3  8.016150  0.000748 80.0203
3 -8.135070  2.163340 78.8171
3 -7.549960  3.477750 78.8156
3 -7.052050  4.040410 80.0156
2 -4.287710  2.695060 79.5911
2 -2.929280  3.157630 79.5938
2 -2.219220  2.347680 80.5544
2 -0.319287  2.326650 79.0012
3  6.943420  4.010340 80.0214
3  7.533790  2.741980 80.0210
3 -5.712420  5.675500 78.8036
3 -6.186440  5.154960 80.0170
3  5.670090  5.671820 78.8086
3  6.569500  4.600120 78.8085
3  5.155420  6.142690 80.0220
3 -4.612660  6.553720 78.8061
3 -4.012950  6.934530 80.0157
3 -2.077120  7.742280 78.8075
3 -2.744880  7.530610 80.0191
3 -0.699147  7.987120 78.8081
3 -0.000884  8.018620 80.0206
3  2.074820  7.746170 78.8084
3  1.393080  7.897140 80.0210
3  3.389650  7.267940 78.8085
3  4.009220  6.945490 80.0213
3 -7.818940  2.079260 81.2276
3 -7.895270  1.388470 82.4448
2 -3.130410  1.407550 81.1690
2 -2.733780  0.080871 81.4521
3  7.738240  2.073720 81.2334
3  7.980040  0.697116 81.2334
3  8.029180  0.004026 82.4489
3 -7.297200  3.382220 81.2295
3 -6.942440  3.998660 82.4397
3  6.941190  3.999240 82.4488
3  7.544220  2.736100 82.4512
3 -5.676750  5.660200 81.2249
3 -6.140400  5.146530 82.4421
3  5.669160  5.668440 81.2353
3  6.566520  4.594180 81.2365
3  5.155740  6.135370 82.4513
3 -4.011560  6.941430 82.4421
3 -4.601860  6.560090 81.2293
3 -2.743300  7.534600 82.4444
3 -2.077230  7.744130 81.2316
3 -0.000580  8.019030 82.4455
3 -0.698971  7.988150 81.2329
3  1.393590  7.896820 82.4463
3  2.075340  7.745970 81.2336
3  4.010340  6.941500 82.4479
3  3.390400  7.266880 81.2348
3 -7.739600  2.071500 83.6574
3 -7.895530  1.392980 84.8712
1  1.392410  0.315022 83.5233
1  1.405930  1.681270 83.9710
1  4.840200  0.881267 83.9540
1  3.577130  1.081980 83.3907
1  5.123360  1.719450 85.1000
3  8.114050  0.706793 83.6622
3 -7.262810  3.386550 83.6572
3 -6.944660  4.009350 84.8698
1  0.537634  2.110750 84.9796
1  2.758050  2.166440 83.9274
1  3.158790  3.070500 84.9388
3  7.853700  2.091050 83.6611
3  7.102280  4.063770 84.8696
3  7.784990  2.816380 84.8682
3 -5.670880  5.667770 83.6551
3 -6.142570  5.155920 84.8697
3  5.676390  5.656820 83.6629
3  6.600750  4.600420 83.6669
3  5.169530  6.135830 84.8773
3 -4.599500  6.568680 83.6565
3 -4.010420  6.944740 84.8696
3 -2.076550  7.745590 83.6573
3 -2.742200  7.536000 84.8702
3 -0.698417  7.988570 83.6580
3 -0.000268  8.018500 84.8705
3  2.076370  7.744020 83.6590
3  1.393670  7.895470 84.8711
3  3.391420  7.262800 83.6615
3  4.015060  6.934220 84.8733
3 -7.746540  2.075840 86.0833
3 -7.898110  1.393440 87.2955
1 -0.464670  1.466630 86.9831
1 -0.369198  1.166140 85.5771
1  5.585910  0.891143 86.1141
3  8.443040  0.738946 86.0759
3 -7.268020  3.390660 86.0829
3 -6.945530  4.010310 87.2954
1  0.381518  2.598320 87.2602
1  0.973634  3.012080 86.0145
1  2.272590  3.511690 86.0001
1  2.998550  3.536220 87.2543
1  4.319300  3.092950 86.9704
1  4.426220  2.833660 85.5445
3  8.153820  2.160870 86.0761
3  7.181270  4.100420 87.2953
3  7.891890  2.852360 87.2956
3 -5.671000  5.670920 86.0826
3 -6.142820  5.156180 87.2954
3  5.739880  5.692750 86.0833
3  6.734760  4.679570 86.0838
3  5.181690  6.145030 87.2917
3 -4.599080  6.570020 86.0827
3 -4.010130  6.945070 87.2954
3 -2.076010  7.745810 86.0828
3 -2.742050  7.536050 87.2954
3 -0.698114  7.988250 86.0829
3 -0.000166  8.018210 87.2953
3  2.076830  7.741870 86.0832
3  1.393610  7.894870 87.2951
3  3.391740  7.259630 86.0840
3  4.019340  6.935440 87.2939
1 -0.575143  0.430142 87.9120
1  5.542270  1.147800 87.4460
1  4.919300  2.290210 87.9303