299

2 -3.832030 -2.760610 68.0883
3 -0.961852 -7.254750 68.6858
3 -2.407190 -7.235440 68.6842
3  1.632100 -6.654040 68.7089
3 -6.093520 -5.480220 68.6597
3 -4.925200 -6.292950 68.6655
3  2.991970 -6.176500 68.7343
3  5.362700 -5.113630 68.6330
3 -7.659670 -3.324790 68.6709
2 -3.183800 -2.770560 69.3149
2 -1.287590 -3.971810 68.4244
2 -1.930960 -3.405230 69.5465
2  0.123927 -3.728140 68.2223
2  0.853095 -2.961380 69.1761
3  6.617670 -4.443340 68.6490
3 -7.934100 -1.900710 68.6381
2 -3.333810 -1.640210 70.2020
2 -4.639230 -0.449704 68.3883
2 -4.071090 -0.498590 69.7541
2  1.700370 -0.850222 69.4684
2  1.745500 -2.015210 68.6790
3  8.155440 -2.174730 68.6206
3  8.434810 -0.785286 68.6887
3 -3.091850 -7.082420 70.0965
3 -1.038390 -7.033290 71.5688
3 -2.531580 -7.102760 71.5526
3 -0.385320 -7.144760 70.1153
3  0.973246 -6.744290 70.1863
3  1.518950 -6.569360 71.5594
3 -6.631260 -5.097270 70.0899
3 -6.249010 -5.481010 71.5320
3 -5.052310 -6.320450 71.6075
3 -4.436330 -6.559360 70.0791
3  2.930350 -6.109790 71.5405
3  3.529160 -6.013350 70.2178
3  4.863180 -5.533980 70.2076
3  5.420060 -5.162750 71.5854
3 -7.458540 -3.909810 70.0801
3 -7.689840 -3.288460 71.5218
2 -1.252440 -2.581590 70.5243
2  0.157656 -2.378060 70.3112
3  6.687830 -4.412700 71.5877
3  6.936490 -3.930380 70.0877
3  7.789530 -2.725280 70.0681
3 -7.979350 -1.898610 71.5509
3 -8.006760 -1.314980 70.0523
2 -2.106710 -1.443610 70.9582
2 -1.592920 -0.190532 71.0993
2 -0.175806  0.000699 70.9748
2  0.652505 -1.049000 70.4863
3  8.045210 -2.166810 71.5815
3  8.321800 -0.772746 71.6168
3  8.441770 -0.146562 70.1212
3 -3.132870 -7.094270 73.0554
3 -0.435743 -6.898550 73.0558
3  0.971515 -6.592180 73.0110
3 -6.671850 -5.030310 73.0449
3 -4.481790 -6.633390 73.0253
3  3.587070 -5.997810 72.9961
3  4.974310 -5.530240 72.9995
3 -7.502890 -3.881510 73.0242
3  7.125560 -3.999240 73.0350
3  7.844830 -2.713400 73.0051
3 -8.085270 -1.275230 73.0367
3  8.454160 -0.130902 73.0000
3 -3.105590 -6.961200 75.9615
3 -1.038620 -6.886620 74.5028
3 -2.505850 -7.039710 74.5130
3 -0.417942 -6.876610 75.9108
3  1.004570 -6.641690 75.8600
3  1.658590 -6.595060 74.4837
3 -6.281980 -5.446940 74.4321
3 -6.617380 -4.964440 75.9484
3 -5.071440 -6.275880 74.4164
3 -4.486300 -6.481970 75.9511
3  3.041080 -6.156720 74.4725
3  3.566110 -5.879720 75.9515
3  4.942500 -5.454950 75.9754
3  5.537000 -5.251660 74.4031
3 -7.804360 -3.283210 74.4896
3 -7.542010 -3.871300 75.9749
1 -0.947573 -2.052090 75.2178
1 -2.364540 -2.521580 75.4232
3  6.726300 -4.450570 74.4120
3  7.160510 -3.971960 75.9800
3  7.869030 -2.701120 75.8984
3 -7.957100 -1.845560 74.4749
3 -8.101720 -1.208560 76.0203
1 -3.311690 -1.430890 75.4135
1 -2.995080 -0.065315 75.1378
1 -1.695970  0.280328 74.7863
1 -0.658542 -0.703241 74.7377
1  0.569413 -0.095093 75.2995
3  8.073160 -2.132900 74.4413
3  8.423030 -0.734668 74.4058
3  8.448030 -0.107288 75.8272
3 -1.045040 -6.959620 77.3373
3 -2.440420 -6.972010 77.3734
3  1.548650 -6.488370 77.3205
3 -6.246050 -5.469840 77.4164
3 -5.022760 -6.210100 77.4572
3  3.000140 -6.169520 77.3847
3  5.515900 -5.259850 77.4318
3 -7.882520 -3.331040 77.4229
1 -4.341250 -2.310250 77.5350
1 -3.269480 -3.339350 77.6165
1 -2.286720 -3.300500 76.6254
1 -0.952374 -3.478310 77.0179
1 -0.049087 -2.765690 76.0649
1  1.138310 -2.163800 76.5525
3  6.687340 -4.356360 77.3799
3 -8.019140 -1.862230 77.4125
1 -4.335440 -1.366330 76.4433
1 -4.658600  0.052633 76.7343
1  1.383610 -0.836385 76.2107
1  2.101390 -0.176912 77.2627
3  8.159720 -2.091190 77.3662
3  8.395260 -0.696075 77.3060
3 -3.054710 -6.808810 78.8908
3 -2.467770 -6.909420 80.3039
3 -1.043830 -6.984690 80.3163
3 -0.469542 -6.937740 78.8680
3  0.916700 -6.629430 78.8640
3  1.555480 -6.502270 80.3070
3 -6.700720 -5.069700 78.8721
3 -4.997300 -6.217610 80.2863
3 -4.415030 -6.457630 78.8907
3  2.952500 -6.229970 80.2960
3  3.574110 -6.009490 78.8509
3  4.857900 -5.345140 78.9227
3  5.432260 -5.117260 80.3059
3 -7.537410 -3.918360 78.8428
1 -2.917470 -3.489040 79.0354
1 -3.667100 -2.585920 79.8447
1 -1.531200 -3.683720 79.3470
1 -0.521294 -3.678390 78.3138
1  0.702335 -3.125780 78.8352
1  1.470850 -2.362070 77.9425
3  7.055860 -3.851360 78.8244
3  6.586940 -4.304560 80.3596
3  7.849690 -2.631770 78.8482
3 -8.067470 -1.219930 78.8630
1 -4.861420 -0.489801 79.1121
1 -4.548090 -1.827780 78.8983
1  2.194100 -1.136720 78.3936
1  1.879610 -0.635431 79.6900
3  8.626040 -0.140343 78.8292
3  8.003900 -2.092270 80.2807
3  8.472750 -0.747862 80.3408
3 -6.132000 -5.365610 80.2832
3 -7.860570 -3.253110 80.2768
1 -0.903524 -3.014460 80.5049
1  0.458158 -2.601260 80.1537
3 -8.126680 -1.863340 80.2624
1 -3.031760 -1.960230 80.9778
1 -3.369390 -0.555988 81.1481
1  1.079910 -1.422540 80.6037
3 -7.796150  0.761982 68.7037
2 -3.744830  1.698290 68.8541
2  1.022400  1.473400 69.4113
2  1.937380  0.430938 68.9596
3  8.559480  1.899840 68.6217
3 -7.434540  2.099750 68.6742
3 -6.318430  4.484050 68.7446
2 -2.797070  2.637690 68.4383
2 -1.541420  2.748830 69.1046
2 -0.537595  3.011040 68.1119
2  0.732077  2.368650 68.2864
3  8.196670  3.336550 68.6105
3 -5.192580  5.425340 68.7080
3 -2.799670  6.497710 68.7132
3  5.305000  6.270570 68.6649
3  6.543900  5.441420 68.6845
3 -1.377300  6.899610 68.6688
3  1.248980  6.987500 68.6805
3  2.695180  6.848590 68.7105
3 -7.781270  0.767725 71.6461
3 -7.876810  0.114501 70.0865
2 -3.514850  0.866513 70.0221
2 -2.285000  0.978695 70.6992
2 -1.275660  1.932760 70.2510
2  0.002730  1.300130 70.3931
3  8.518240  1.271840 70.1345
3  8.495960  1.910640 71.5676
3 -7.394540  2.131980 71.6368
3 -7.269770  2.692430 70.2201
3 -6.643170  3.987710 70.2158
3  8.167050  3.326180 71.5532
3  7.866260  3.921340 70.0907
3 -6.207010  4.486310 71.5626
3 -5.127150  5.404390 71.5135
3 -4.640650  5.779870 70.1583
3 -3.376630  6.401910 70.1301
3 -2.757000  6.562900 71.5834
3  5.299560  6.121280 71.5656
3  6.506700  5.399510 71.5477
3  6.966180  5.089680 70.1574
3 -1.345750  6.823340 71.5866
3 -0.754085  6.847930 70.2446
3  0.672184  6.985320 70.2171
3  1.281660  6.843120 71.6059
3  2.711140  6.780030 71.5456
3  4.734770  6.365730 70.1291
3  3.325450  6.678820 70.1242
3 -7.855810  0.138176 73.0609
3  8.609120  1.301720 72.9426
3 -7.274940  2.717890 72.9920
3 -6.614480  3.978860 72.9630
3  7.860070  3.847440 73.0074
3 -4.677520  5.749070 72.9839
3 -3.414940  6.402760 73.0739
3  4.674420  6.283220 73.0693
3  6.983190  5.037930 72.9474
3 -0.777126  6.897140 73.0289
3  0.704640  6.994100 73.0534
3  3.325340  6.694050 73.0109
3 -7.961120  0.811065 74.4727
3 -7.955490  0.229044 75.9822
1 -3.777060  0.814532 75.8788
1 -1.905310  2.466510 75.9135
1 -1.083570  1.532490 75.1894
1  0.337101  1.292620 75.4965
3  8.684370  1.970010 74.3760
3  8.636360  1.286940 75.7967
3 -7.629090  2.205200 74.4487
3 -7.334180  2.725970 75.9019
3 -6.728250  4.021210 75.8893
3  8.208380  3.297100 74.4281
3  7.944120  3.873760 75.9132
3 -6.320940  4.498110 74.4077
3 -5.248560  5.465870 74.4412
3 -4.729730  5.756470 75.9122
3 -3.395400  6.310080 75.9034
3 -2.750640  6.511810 74.5180
3  5.246340  6.079960 74.4570
3  6.594780  5.535800 74.4587
3  6.994820  5.042780 75.9129
3 -1.383910  6.816630 74.5254
3 -0.795244  6.908320 75.9467
3  0.640813  6.881470 75.9573
3  1.255660  6.893840 74.5183
3  2.693200  6.854730 74.5223
3  4.643610  6.272890 75.8864
3  3.292060  6.707540 75.8715
3 -7.947670  0.838119 77.4315
1 -3.231620  2.024820 76.3029
1 -4.805010  0.440692 78.0678
1  0.887860  1.927960 76.6142
1  1.777190  1.239760 77.5206
3  8.625510  1.945600 77.3244
3 -7.628160  2.236260 77.3559
1 -3.483290  2.458740 77.6507
1 -2.282220  3.054460 78.1511
1 -1.288500  3.082760 77.0610
1  0.121064  2.875100 77.3796
3  8.097800  3.275390 77.3335
3 -6.386190  4.572920 77.3816
3 -5.292050  5.471990 77.4251
3 -2.838160  6.493250 77.4406
3  5.203130  6.168670 77.4502
3  6.461980  5.375630 77.4941
3 -1.434160  6.752440 77.4052
3  2.690190  6.832390 77.3612
3  1.255000  6.836210 77.4079
3 -8.012910  0.206065 78.8647
1 -4.284710  1.730850 78.5321
1 -3.880220  1.532530 79.9206
1 -4.219790  0.145758 80.2354
1  1.597280  1.726520 78.9062
1  1.566380  0.744642 79.9246
3  8.758510  1.373560 78.8122
3  8.641580  1.910030 80.2839
3 -7.445280  2.812700 78.8089
3 -6.761410  4.018580 78.8343
1 -2.691790  2.154650 80.3748
1 -1.903110  2.908590 79.4638
1  0.497742  2.685500 78.8000
1 -0.481875  2.796100 79.8224
3  7.793700  3.852920 78.8487
3  8.158320  3.258730 80.2933
3 -4.734670  5.627390 78.8336
3 -3.395540  6.231760 78.8578
3 -2.825110  6.369660 80.3310
3  6.834260  4.916250 78.8842
3  5.212610  6.073240 80.3648
3  6.376070  5.293570 80.3914
3 -1.408540  6.611830 80.3524
3 -0.763852  6.786410 78.8719
3  0.677188  6.902650 78.8623
3  1.144110  6.983610 80.3124
3  2.645970  6.949980 80.3477
3  4.643340  6.383890 78.8931
3  3.243040  6.708640 78.8992
3 -7.945390  0.813712 80.3194
1 -0.409728  1.843780 80.9454
1  0.617067  0.869641 81.0234
3 -7.667160  2.205530 80.3177
3 -6.445720  4.480910 80.2365
3 -5.305550  5.385830 80.2687