288

3 -4.011200 -6.938890 55.7751
3 -3.391880 -7.261620 56.9882
3 -1.393840 -7.896540 55.7729
3 -2.076770 -7.743250 56.9856
3  0.000310 -8.019110 55.7721
3  0.698174 -7.988610 56.9846
3  2.742530 -7.535950 55.7716
3  2.076170 -7.745970 56.9843
3  4.010820 -6.944230 55.7706
3  4.599290 -6.569940 56.9840
3 -5.156850 -6.131990 55.7799
3 -5.686710 -5.657230 56.9903
3 -6.634550 -4.617480 56.9939
3  6.142070 -5.154390 55.7707
3  5.671180 -5.670540 56.9837
3 -7.572460 -2.740040 55.7818
3 -7.945240 -2.107920 56.9854
3 -6.956200 -3.999600 55.7776
2 -3.148690 -2.380590 56.6418
3  6.943250 -4.007020 55.7704
3  7.267650 -3.390210 56.9843
3 -8.252850 -0.719885 56.9819
3 -8.091550 -0.002347 55.7784
2 -4.878960 -0.616908 56.5809
2 -4.465800 -1.994330 56.8999
2 -2.252000 -1.383090 56.1042
2 -2.662320 -0.071416 55.7888
2 -0.972539 -1.580760 56.7339
2 -0.151294 -0.485708 57.0101
3  7.891700 -1.391930 55.7719
3  7.745730 -2.075230 56.9843
3 -4.017700 -6.934040 58.1993
3 -3.391760 -7.259010 59.4094
3 -1.393710 -7.895130 58.1974
3 -2.076950 -7.741690 59.4094
3  0.000146 -8.018350 58.1970
3  0.698104 -7.988220 59.4094
3  2.742120 -7.536070 58.1969
3  2.076000 -7.745800 59.4094
3  4.010230 -6.945030 58.1968
3  4.599190 -6.569920 59.4094
3 -5.175670 -6.138430 58.2028
3 -5.749610 -5.699650 59.4093
3 -6.747560 -4.686720 59.4092
3  6.142950 -5.156030 58.1968
3  5.671100 -5.670790 59.4095
3 -7.860080 -2.841250 58.1934
3 -7.165680 -4.094800 58.1949
3 -8.180180 -2.164560 59.4087
2 -4.910900 -2.283250 58.2372
2 -4.309270 -3.081230 59.1967
2 -2.993150 -3.531710 58.9106
2 -1.085940 -2.649100 57.6932
2 -2.438830 -3.138490 57.6732
2 -0.382407 -2.599050 58.9037
3  6.945610 -4.010040 58.1969
3  7.268160 -3.390500 59.4095
3 -8.471090 -0.737695 59.4090
2 -5.549620 -1.146620 58.7229
2 -5.549440 -0.154467 57.7441
2  0.457850 -1.464570 59.1819
2  0.572676 -0.430459 58.2520
3  7.898070 -1.393450 58.1969
3  7.746820 -2.075730 59.4093
3 -4.017340 -6.933380 60.6194
3 -1.393700 -7.895110 60.6213
3  0.000173 -8.018310 60.6217
3  2.742150 -7.536000 60.6219
3  4.010330 -6.944870 60.6223
3 -5.176060 -6.139040 60.6158
3  6.142830 -5.155970 60.6224
3 -7.837580 -2.830550 60.6214
3 -7.139490 -4.076970 60.6216
2 -3.153180 -3.072140 61.2289
2 -4.418900 -2.831290 60.6204
2 -2.268240 -3.515680 60.1658
2 -0.968945 -3.017920 60.1515
2 -0.538512 -2.113270 61.1865
3  6.945320 -4.009730 60.6224
2 -5.124150 -1.727090 61.0705
2 -5.604800 -0.898270 60.0549
2  0.360781 -1.164430 60.5866
3  7.897180 -1.393510 60.6218
3 -3.391810 -7.261300 61.8306
3 -4.011280 -6.939170 63.0437
3 -2.076760 -7.743140 61.8332
3 -1.393790 -7.896450 63.0458
3  0.698258 -7.988500 61.8342
3  0.000391 -8.018940 63.0467
3  2.076310 -7.745740 61.8347
3  2.742850 -7.535300 63.0475
3  4.599410 -6.569370 61.8352
3  4.011120 -6.942900 63.0492
3 -5.688540 -5.660070 61.8289
3 -6.630340 -4.614530 61.8249
3 -5.157630 -6.133360 63.0393
3  5.671140 -5.669270 61.8362
3  6.141010 -5.150730 63.0495
3 -7.578740 -2.742590 63.0376
3 -7.948150 -2.107910 61.8337
3 -6.955690 -3.998910 63.0410
2 -2.752050 -2.174470 62.2468
3  6.941630 -4.002340 63.0513
3  7.265590 -3.388940 61.8353
3 -8.214000 -0.714357 61.8324
3 -8.076690 -0.002796 63.0403
2 -4.835240 -0.886050 62.2118
2 -3.572470 -1.086810 62.7760
2 -1.386960 -0.319070 62.6483
2 -1.398060 -1.689510 62.2064
3  7.742860 -2.073810 61.8351
3  7.889550 -1.390350 63.0479
3 -3.390850 -7.265940 64.2567
3 -4.009630 -6.944840 65.4705
3 -2.075720 -7.745590 64.2584
3 -1.393270 -7.897140 65.4711
3  0.698794 -7.988380 64.2593
3  0.000777 -8.018810 65.4717
3  2.077070 -7.744670 64.2605
3  2.744350 -7.531790 65.4732
3  4.600290 -6.563220 64.2623
3  4.012420 -6.936520 65.4767
3 -5.669150 -5.664770 64.2555
3 -6.567110 -4.590220 64.2526
3 -5.155720 -6.141240 65.4689
3  5.671960 -5.661020 64.2661
3  6.159260 -5.144490 65.4767
3 -7.531930 -2.739570 65.4694
3 -6.941980 -4.008170 65.4695
1  2.219390 -2.345370 65.6065
3  6.996470 -4.015710 65.4809
3  7.270450 -3.378990 64.2634
3 -7.741410 -2.071760 64.2566
3 -7.984410 -0.695358 64.2558
3 -8.013220 -0.000749 65.4704
1  0.502245 -0.595347 65.6117
1  2.734370 -0.081501 64.7105
1  3.131940 -1.409890 64.9850
1  4.436550 -1.639250 65.5493
1  5.180730 -0.485036 65.8361
3  7.769110 -2.070290 64.2661
3  8.054170 -1.406030 65.4734
1  0.926721 -1.933550 65.9186
3 -7.949710  1.393330 55.7784
2 -4.028960  0.339275 55.9877
2 -3.997440  1.743090 56.4523
2 -1.814930  1.053180 56.0932
2 -0.573239  0.850558 56.6873
3  8.014010  0.001005 55.7719
3  7.745560  2.076590 56.9839
3  7.988260  0.698664 56.9845
3 -7.964300  2.118360 56.9841
3 -7.416370  3.425880 56.9855
3 -6.970600  4.005490 55.7815
2 -2.621100  2.166710 56.5165
3  6.942650  4.009000 55.7705
3  7.532220  2.740170 55.7702
3 -6.147160  5.140750 55.7771
3 -5.695100  5.668010 56.9930
3  5.155660  6.141820 55.7698
3  5.670220  5.671630 56.9837
3  6.569520  4.599630 56.9835
3 -4.012550  6.938360 55.7771
3 -4.607500  6.556780 56.9887
3 -2.744280  7.532950 55.7737
3 -2.077360  7.743210 56.9860
3 -0.000839  8.019120 55.7723
3 -0.699196  7.987720 56.9848
3  1.393240  7.897380 55.7717
3  2.074940  7.746320 56.9844
3  4.009550  6.945200 55.7711
3  3.389840  7.267940 56.9840
3 -8.449720  0.007412 58.1907
3 -8.327980  1.448220 58.1872
2 -5.495640  1.129240 58.1857
2  0.591563  0.937399 58.6997
2 -0.120080  1.730050 57.7336
3  8.020000  0.000490 58.1968
3  7.746530  2.076620 59.4089
3  7.989540  0.698630 59.4091
3 -8.204030  2.181680 59.4091
3 -7.593450  3.495880 59.4092
3 -7.146660  4.090110 58.1992
2 -4.778180  2.148860 57.5352
2 -3.052430  3.531180 58.5876
2 -4.342740  3.042850 58.5886
2 -2.179420  3.033780 57.5495
2 -0.904804  2.797840 58.1717
3  6.944990  4.011060 58.1966
3  7.536430  2.743030 58.1965
3 -6.253770  5.198930 58.1975
3 -5.726960  5.688640 59.4080
3  5.155330  6.143380 58.1966
3  5.670160  5.671740 59.4094
3  6.569660  4.600120 59.4092
3 -4.014530  6.933740 58.2000
3 -4.617710  6.557340 59.4088
3 -2.745670  7.529320 58.1979
3 -2.077110  7.741940 59.4092
3 -0.000959  8.018380 58.1971
3 -0.699210  7.986950 59.4093
3  1.392890  7.897120 58.1969
3  2.074790  7.746160 59.4094
3  4.009130  6.945680 58.1968
3  3.389590  7.267980 59.4094
3 -8.454750  0.006536 60.6300
3 -8.308460  1.445390 60.6303
2 -5.625040  0.408425 60.4991
2 -5.503930  1.368670 59.5614
2  0.379963  0.162276 61.0214
2  0.496274  1.230650 60.0628
3  8.018940  0.000374 60.6214
3 -7.136480  4.086840 60.6187
2 -4.824030  2.546200 59.8384
2 -4.289520  2.693280 61.1114
2 -2.930070  3.156380 61.1120
2 -2.351940  3.531680 59.8659
2 -1.007650  3.100190 59.5798
2 -0.318175  2.326890 60.5173
3  6.944590  4.011010 60.6219
3  7.535600  2.742770 60.6214
3 -6.230110  5.181170 60.6183
3  5.155330  6.143290 60.6223
3 -4.013900  6.933090 60.6177
3 -2.745490  7.529270 60.6205
3 -0.000957  8.018380 60.6217
3  1.392940  7.897080 60.6219
3  4.009080  6.945680 60.6220
3 -7.940560  1.392710 63.0404
2 -5.180890  0.486633 61.8343
2 -3.128480  1.405640 62.6873
2 -4.432390  1.636840 62.1271
2 -2.731620  0.078579 62.9692
2 -0.924834  1.936820 61.7632
2 -0.506612  0.595614 62.0678
3  7.741930  2.075260 61.8338
3  7.984130  0.697810 61.8341
3  8.011390  0.001997 63.0479
3 -7.910690  2.101760 61.8264
3 -7.364480  3.403430 61.8279
3 -6.955650  3.998880 63.0358
2 -2.218640  2.346150 62.0714
3  6.939080  4.004190 63.0486
3  7.530850  2.736520 63.0489
3 -5.689500  5.665300 61.8241
3 -6.143300  5.141180 63.0408
3  5.669780  5.670890 61.8354
3  6.568260  4.597960 61.8358
3  5.155530  6.138900 63.0506
3 -4.605300  6.556740 61.8296
3 -4.012270  6.938740 63.0417
3 -2.077380  7.743210 61.8327
3 -2.744070  7.533100 63.0451
3 -0.699179  7.987700 61.8339
3 -0.000754  8.018970 63.0465
3  2.075060  7.746160 61.8345
3  1.393390  7.897080 63.0472
3  3.390060  7.267540 61.8352
3  4.009840  6.943750 63.0483
3 -7.742030  2.068450 64.2537
3 -7.891960  1.392350 65.4701
1  1.390880  0.314870 65.0385
1  1.403470  1.681190 65.4855
1  4.838480  0.885810 65.4662
1  3.575130  1.084750 64.9052
3  7.770580  2.075350 64.2616
3  8.020760  0.697757 64.2640
3  8.199260  0.000584 65.4724
3 -7.260730  3.381900 64.2551
3 -6.943340  4.006490 65.4682
1  2.754550  2.167190 65.4406
3  7.011890  4.020740 65.4752
3  7.672650  2.774560 65.4747
3 -5.670740  5.663770 64.2535
3 -6.142150  5.154070 65.4693
3  5.669830  5.659840 64.2636
3  6.575300  4.590350 64.2670
3  5.162550  6.134010 65.4795
3 -4.599950  6.566180 64.2565
3 -4.010910  6.943930 65.4697
3 -2.076960  7.745140 64.2579
3 -2.742600  7.535710 65.4709
3 -0.698678  7.988520 64.2589
3 -0.000295  8.018730 65.4715
3  2.076020  7.744970 64.2599
3  1.393830  7.895940 65.4724
3  3.391130  7.264560 64.2621
3  4.012690  6.936490 65.4748