287

3 -0.421381 -8.291080 81.7718
3  0.222285 -8.366390 80.4439
3  1.672920 -8.261130 80.4546
3 -3.599080 -7.020870 80.3810
3 -2.348630 -7.666530 80.4083
3  2.316470 -8.159530 81.7915
3  3.625580 -7.663300 81.7518
3  4.094000 -7.289700 80.3781
3  5.241120 -6.444930 80.3898
3 -5.604210 -5.184420 80.4071
3  5.614610 -5.976530 81.6866
3  6.327110 -4.740980 81.7076
3 -6.156420 -3.855220 80.4002
3  6.568490 -4.112350 80.3937
3  6.950140 -2.739540 80.4059
3  7.076080 -2.097140 81.6870
3 -6.990080 -1.284380 80.3736
3 -6.773400 -1.892960 81.7464
2 -3.601590 -0.674546 81.7587
2 -2.510700 -1.627380 81.5336
2 -0.484474 -1.323580 80.0474
2 -1.907750 -1.295340 80.2774
2  1.508860 -0.176631 79.9028
2  0.365176 -1.727390 81.1800
2  1.586720 -0.990685 81.1127
3  7.102610 -0.702647 81.7071
3  0.279238 -8.287050 83.0712
3  1.699580 -8.327160 83.0882
3 -4.093810 -6.634280 81.6854
3 -3.630660 -7.039380 83.0467
3 -2.365740 -7.659490 83.0610
3 -1.764950 -7.905240 81.7796
3  4.159020 -7.340400 83.0666
3  5.224430 -6.416610 83.0593
3 -5.113330 -5.647040 81.7348
3 -5.433910 -5.056030 83.0735
3 -6.397410 -3.258480 81.7537
3 -6.168880 -3.810420 83.0639
3  6.653710 -4.148600 83.0113
3  7.039650 -2.779920 83.0181
3 -6.926810 -1.230130 83.0413
2 -3.836390 -0.102526 82.9815
2 -1.645920 -2.037050 82.5628
2 -0.172705 -2.046910 82.4159
2  0.408319 -1.634740 83.6681
2  1.651300 -0.860745 83.5428
2  2.152920 -0.514091 82.2664
3  7.168910 -0.069855 83.0260
3 -0.388494 -8.388610 84.3984
3  0.255189 -8.486870 85.7070
3  1.697840 -8.537630 85.7223
3 -4.091750 -6.643690 84.4429
3 -2.337500 -7.682470 85.7570
3 -3.565230 -6.972300 85.7853
3 -1.769010 -7.882040 84.4260
3  2.332440 -8.236500 84.4297
3  3.659470 -7.761860 84.4133
3  5.300300 -6.427120 85.6900
3  4.205840 -7.358170 85.7258
3 -5.013690 -5.544850 84.4233
3 -5.350690 -4.920940 85.7804
3  5.690190 -6.021570 84.3631
3  6.429760 -4.784930 84.3279
3  6.677330 -4.160220 85.6742
3 -6.356190 -3.144560 84.3921
3 -6.037500 -3.706380 85.6950
3  7.206250 -2.834180 85.6552
3  7.177830 -2.199640 84.3530
3 -6.729840 -1.793530 84.3926
3 -6.969660 -1.200890 85.7274
2 -2.951020 -0.487924 84.0752
2 -0.628104 -1.205480 84.5472
2 -1.910670 -1.479440 83.9388
3  7.179780 -0.753154 84.3266
3  7.144940 -0.134184 85.7013
3 -0.355838 -8.280920 87.0468
3  2.377480 -8.284160 87.0303
3 -4.057390 -6.560080 87.1055
3 -1.718360 -7.916290 87.1200
3  3.660350 -7.699970 87.0253
3 -4.991340 -5.494800 87.0875
3  5.724570 -5.931170 87.0198
3  6.556930 -4.786070 86.9974
3 -6.394890 -3.138960 87.0484
3  7.241980 -2.205240 87.0420
3 -6.808460 -1.800830 87.0425
3  7.305670 -0.789661 87.0561
3 -0.286021 -8.396030 89.7082
3  0.327549 -8.432240 88.4015
3  1.778560 -8.389840 88.4061
3  2.417500 -8.275160 89.7509
3 -3.474360 -6.933190 88.4533
3 -2.227490 -7.617300 88.4887
3 -3.944140 -6.443340 89.7467
3 -1.614640 -7.943290 89.7495
3  3.716040 -7.717460 89.7061
3  4.172690 -7.295610 88.3412
3  5.350280 -6.483660 88.3205
3 -5.361010 -4.929740 88.3989
3 -4.854910 -5.365690 89.7913
3  5.808300 -5.972250 89.6311
3  6.644880 -4.833290 89.6208
3  6.877840 -4.238400 88.2646
3 -6.142900 -3.058470 89.7339
3 -6.008680 -3.629820 88.4149
1  0.689960 -2.837010 89.8847
3  7.238770 -2.873600 88.3038
3  7.451500 -2.274900 89.6488
3 -7.122220 -1.188630 88.3449
3 -6.892420 -1.823690 89.7404
1 -0.462790 -1.944890 89.6707
1  0.148918 -0.566667 89.5302
1  1.606960 -0.665734 89.5756
1  1.916870 -2.036390 89.7654
3  7.373810 -0.822688 89.6570
3  7.356070 -0.138803 88.3965
3  0.361383 -8.550480 91.0490
3  1.752280 -8.358120 91.0481
3 -3.376930 -6.860880 91.1016
3 -2.167000 -7.638230 91.0315
3  4.342410 -7.453900 91.0326
3  5.399470 -6.469130 90.9877
3 -5.196560 -4.831370 91.0875
1  1.788520 -4.331160 91.5639
3  7.030870 -4.291120 90.9507
3 -6.007010 -3.668000 91.0595
1 -1.565610 -2.136510 90.5228
1 -1.605520 -3.291370 91.3754
1 -0.578109 -4.183090 91.5204
1  0.581785 -3.919350 90.7929
1  2.999000 -3.642560 91.4058
1  3.098130 -2.507710 90.5277
3  7.420930 -2.927640 90.9431
3 -7.062810 -1.202940 91.0540
1 -2.170600 -0.988747 91.1943
1  3.917470 -1.493770 91.1616
3  7.312480 -0.182103 91.0069
3 -7.235100  0.070654 80.3474
3 -7.351120  0.800890 81.6393
2 -3.735590  0.135785 80.5656
2 -4.041860  1.477170 80.7418
2  2.036380  1.129860 79.9528
2  2.653070  1.575310 81.1489
3  7.099450 -0.105002 80.3434
3  6.958360  1.360620 80.3567
3  6.761190  1.924880 81.6890
3 -7.324710  2.849240 80.3253
3 -7.471540  2.256300 81.6686
2 -3.266570  2.475280 79.9417
2 -3.070040  3.647590 80.7601
2  1.477710  3.344850 80.1767
2  2.335000  2.988420 81.2895
3  5.769100  3.821320 80.4023
3  6.183830  3.239960 81.7222
3 -7.030840  4.272610 80.2794
3 -6.795290  4.861950 81.6532
3 -5.911710  5.981230 81.6612
2 -1.876030  4.388400 80.6134
2  0.463785  4.295010 80.3655
2  0.165816  4.854600 81.7105
3  5.129100  5.070900 80.4357
3 -5.438950  6.398370 80.3318
3 -4.286510  7.244400 80.3671
3 -3.770710  7.615910 81.6993
3 -2.499000  8.206130 81.7602
3  1.539500  8.040360 81.8223
3  2.165810  7.914700 80.5080
3  3.358810  7.074620 80.5208
3 -1.834440  8.340820 80.3988
3 -0.429698  8.471010 80.4488
3  0.142530  8.326120 81.7818
3 -7.285030  0.152462 83.0158
2 -4.218310  1.288650 83.1636
2  2.786730  0.750826 82.2749
2  2.565840  1.324220 83.5813
3  6.932980  1.296230 83.0351
3 -7.461380  2.907580 83.0035
2 -4.291750  2.117610 82.0354
2 -3.611390  3.396200 82.0737
2 -3.015420  3.789560 83.2407
2  2.158760  3.558560 82.5465
2  2.281410  2.664060 83.7097
3  5.814670  3.731400 83.0974
3 -7.089660  4.292530 83.0389
2 -1.288740  4.755730 81.8580
2 -1.782530  4.510830 83.1088
2  1.044040  4.503810 82.7883
3  4.747520  5.563980 81.8148
3  5.082380  4.973510 83.1078
3 -5.455740  6.460540 83.0553
3 -4.369660  7.359030 83.0640
3  3.863610  6.639860 81.7709
3  2.096790  7.785110 83.0609
3  3.306490  7.029850 83.0924
3 -1.874620  8.287540 83.1258
3 -0.514391  8.405050 83.1259
3 -7.383590  0.821119 84.3252
3 -7.308380  0.219476 85.7065
2 -2.756670  0.646180 84.9326
2 -3.548100  1.724580 84.4196
2 -0.407847 -0.116141 85.3397
2 -1.471550  0.797573 85.4938
2  0.809927  0.658888 85.2555
2  1.898750  0.291492 84.3807
3  6.891460  1.285870 85.6857
3  6.874680  1.978260 84.4004
3 -7.518080  2.225300 84.3265
3 -7.470490  2.891830 85.6774
2 -2.906790  3.004960 84.4338
2 -0.960646  2.108100 85.5747
2 -1.589760  3.226750 84.9975
2  1.174560  3.031500 84.5603
2  0.490126  2.058420 85.3902
3  5.906030  3.736060 85.7104
3  6.276910  3.274630 84.3783
3 -6.882190  4.908250 84.3706
3 -7.146380  4.256580 85.6946
3 -5.966010  6.034040 84.4130
2 -0.913278  4.218900 84.2605
2  0.480012  4.200500 84.0709
3  5.018220  4.917580 85.7159
3  4.574950  5.425900 84.4148
3 -5.506190  6.438940 85.7769
3 -4.379680  7.254290 85.7963
3 -2.520660  8.172250 84.4639
3 -3.905390  7.676740 84.4565
3 -1.928150  8.273190 85.7895
3  1.496930  8.028960 84.4037
3  3.269900  6.908200 85.7430
3  3.753360  6.552860 84.4034
3  2.060900  7.650370 85.7198
3 -0.533043  8.409040 85.7917
3  0.150149  8.349350 84.3979
3 -7.478940  0.856679 87.0026
3  6.811220  1.859470 87.0214
3 -7.594880  2.282250 87.0110
3  6.217260  3.151670 86.9999
3 -6.842030  4.823300 87.0855
3 -5.973440  5.996990 87.1112
3  4.633790  5.372020 87.0466
3 -3.800760  7.537920 87.1047
3 -2.477290  8.082380 87.1326
3  1.504460  7.887460 87.0759
3  3.690780  6.387990 87.0876
3  0.190634  8.306410 87.1066
3 -7.463490  0.172891 88.3495
3 -7.467720  0.870505 89.7510
3  7.110720  1.236160 88.3694
3  6.897010  1.852560 89.6731
3 -7.536210  2.275560 89.7186
3 -7.534440  2.909560 88.4252
3  5.971500  3.716840 88.3417
3  6.382790  3.146910 89.7019
3 -7.236340  4.295850 88.4711
3 -6.863850  4.869640 89.7758
3 -6.020950  6.040070 89.7295
3  5.118470  4.831410 88.3748
3  4.631880  5.268920 89.6900
3 -5.504680  6.389830 88.4476
3 -4.361290  7.234570 88.4722
3 -3.883110  7.641980 89.8161
3  1.462010  7.829660 89.7806
3  2.071190  7.635100 88.4411
3  3.218880  6.758780 88.4338
3  3.715130  6.320010 89.7258
3 -2.530120  8.184370 89.8172
3 -1.878400  8.218760 88.4909
3 -0.448047  8.420080 88.4595
3  0.172758  8.394600 89.7859
3 -7.323240  0.217852 91.0280
1 -1.670040  0.308714 90.9654
1 -0.443243  0.505118 90.2242
1  0.387200  1.508440 90.8768
1  1.777990  1.418080 90.8308
1  2.427930  0.323412 90.1893
1  3.455770 -0.145132 91.0468
3  7.117370  1.217900 91.0166
3 -7.548070  2.957650 91.0527
3  5.976340  3.652800 91.0410
3 -7.142880  4.309350 91.0625
3  5.049720  4.785780 91.0020
3 -5.539690  6.483650 91.0854
3 -4.386790  7.368240 91.1561
3  1.957860  7.441100 91.0839
3  3.125100  6.550740 91.0949
3 -1.953650  8.447270 91.1280
3 -0.482313  8.389740 91.1090