290

3 -2.514900 -6.892510 42.2965
3 -1.065050 -7.087030 42.3458
3  1.500100 -6.590130 42.3689
3 -6.181340 -5.058160 42.3951
3 -5.020310 -5.909760 42.4147
3  5.379810 -5.294110 42.4619
3  6.505330 -4.366510 42.4198
3 -7.968520 -3.082290 42.4336
3  8.087670 -2.197200 42.3652
3 -8.367610 -1.747850 42.4114
3  8.442130 -0.796569 42.3740
3 -3.112020 -6.783190 43.8149
3 -0.497625 -7.060800 43.8762
3  0.936188 -6.758320 43.8392
3 -6.673520 -4.708570 43.8574
3 -4.465100 -6.255370 43.8380
3  2.874020 -6.122790 42.4358
3  3.436990 -5.841170 43.8604
3  4.834320 -5.437810 43.8649
3 -7.573990 -3.624050 43.8610
3  6.884780 -3.831430 43.8197
3  7.675040 -2.633830 43.8081
3 -8.488660 -1.110980 43.8323
2 -0.791424 -0.135228 44.3669
2  0.421203 -0.106923 43.6820
2  1.330790 -1.217950 43.7293
2  2.723330 -0.612932 43.5168
2  3.712900 -1.027340 44.3933
3  8.607870 -0.159650 43.8250
3 -1.063050 -7.115790 45.1951
3 -2.497890 -6.938400 45.1830
3  1.508140 -6.536460 45.2398
3 -6.229990 -5.204690 45.2764
3 -5.081160 -6.068710 45.2551
3 -6.638450 -4.733530 46.7780
3  2.859360 -6.017150 45.2625
3  5.366750 -5.197460 45.3511
3  6.480160 -4.258640 45.3276
3 -7.970780 -3.090770 45.3609
3 -7.588670 -3.583720 46.8024
2 -0.120881 -2.163950 45.5305
2  1.103420 -2.237950 44.6865
2  2.232020 -2.676630 45.5341
2  3.500180 -2.133550 45.3493
3  8.047900 -2.119350 45.3563
3 -8.544430 -1.749340 45.3186
2 -1.665950 -0.536637 46.5570
2 -1.114880 -1.148300 45.3367
2  4.563330 -0.054072 44.9919
2  4.305420 -1.764810 46.5464
2  4.987910 -0.521451 46.3108
3  8.513850 -0.766963 45.3318
3 -3.115760 -6.770010 46.7562
3 -1.069290 -7.192230 48.1155
3 -2.483990 -7.024560 48.1028
3 -0.466909 -7.087410 46.6601
3  0.963600 -6.799080 46.5974
3  1.533770 -6.625110 48.1512
3 -6.184560 -5.195260 48.2113
3 -5.009230 -5.970680 48.1898
3 -4.470990 -6.308900 46.8263
3  2.866020 -6.056810 48.1359
3  4.832520 -5.474210 46.6879
3  3.457000 -5.824020 46.6780
3  5.321860 -5.136160 48.2232
3 -7.895940 -3.082980 48.2419
2  0.288974 -2.551120 46.8914
2 -0.347903 -2.069440 48.0229
2  1.672890 -2.819990 46.8299
2  2.420900 -2.544380 47.9857
2  3.745000 -2.033140 47.8132
3  6.891540 -3.810410 46.8355
3  6.447460 -4.288170 48.2384
3  7.689730 -2.637500 46.9127
3 -8.503810 -1.136410 46.8951
3 -8.408980 -1.723810 48.2612
2 -1.342590 -0.938354 47.8514
2  3.890470 -1.043800 48.8428
2  4.683590  0.109554 48.6893
3  8.557320 -0.177927 46.7152
3  7.961040 -2.123610 48.3364
3  8.459310 -0.758059 48.2669
3 -3.123200 -6.943610 49.6408
3 -0.468583 -7.139700 49.5368
3  0.923516 -6.849090 49.5655
3 -6.582420 -4.714720 49.6258
3 -4.475250 -6.410890 49.6842
3  3.456410 -6.027720 49.7321
3  4.821060 -5.528840 49.7358
3 -7.532790 -3.612760 49.6814
2  1.774170 -2.082500 49.1622
3  6.831540 -3.794710 49.7225
3  7.696630 -2.643590 49.7488
3 -8.500640 -1.134260 49.7106
2  0.394959 -1.750210 49.1756
2 -1.169910 -0.024264 48.9013
2 -0.080620 -0.482680 49.6867
2  2.282190  0.108285 50.3445
2  2.660770 -1.083700 49.7360
3  8.626740 -0.160589 49.7046
3 -3.138590 -6.966670 52.4739
3 -2.506130 -7.059460 51.0634
3 -1.077430 -7.080030 51.0277
3 -0.451526 -7.145330 52.5219
3  0.900760 -6.804860 52.5327
3  1.522310 -6.633350 51.1130
3 -6.103940 -5.134590 51.0423
3 -6.527240 -4.750510 52.5041
3 -5.057980 -6.097500 51.1172
3 -4.459900 -6.393180 52.4967
3  2.896790 -6.220030 51.1671
3  3.447160 -6.065600 52.5798
3  4.766160 -5.427810 52.6118
3  5.366250 -5.167190 51.1689
3 -7.357860 -3.577980 52.5834
3 -7.781420 -3.095470 51.1448
3  6.423180 -4.218880 51.1706
3  6.874690 -3.820740 52.6519
3  7.698820 -2.641550 52.6180
3 -8.288610 -1.735990 51.1654
3 -8.434060 -1.085620 52.6679
3  7.961150 -2.099300 51.2357
3  8.551500 -0.811851 51.2381
3  8.518010 -0.215741 52.6675
3 -2.564810 -7.095790 54.0228
3 -1.075300 -7.144310 54.0258
3  1.483510 -6.606670 54.0117
3 -6.178060 -5.382790 53.9618
3 -4.941240 -6.152400 53.9396
3  2.860100 -6.187750 54.0219
3  5.262560 -5.100300 54.0510
3 -7.627530 -3.131720 54.0445
1  0.282850 -1.630560 54.5382
3  6.479810 -4.245980 54.0630
3 -8.072820 -1.718610 54.0812
1  2.158330 -0.360908 53.5697
1  0.755295 -0.609453 53.6967
1  3.059660 -1.249350 54.1345
1  4.292800 -0.644718 54.6558
3  8.486060 -0.784794 54.1067
3  8.001440 -2.142540 54.0966
3 -8.559400  0.971413 42.3718
3  8.191680  1.868910 42.4060
3 -8.060500  2.333750 42.3559
3  7.821900  3.250330 42.4444
3 -6.397400  4.465780 42.3524
3 -5.321240  5.426220 42.3336
3 -2.832730  6.409340 42.2926
3  6.400450  5.414720 42.3477
3  5.134030  6.082710 42.3375
3 -1.437200  6.843120 42.2392
3  1.129110  7.016190 42.2298
3  2.569390  6.969520 42.2982
3 -8.537570  0.345845 43.8118
2 -0.763247  2.395020 44.6345
2  0.512389  2.382820 43.8329
2  1.071800  1.100860 43.4609
2  2.439180  0.827743 43.4482
2  3.335010  1.794400 43.8906
2  4.408620  1.331090 44.7743
3  8.343060  1.243370 43.8057
3 -7.740580  2.876000 43.8207
3 -6.910120  4.057750 43.8348
2  1.437250  3.311380 44.4484
2  2.870360  3.063380 44.4290
3  7.700560  3.890910 43.7982
3 -4.769120  5.671290 43.7779
3 -3.393970  6.160080 43.7462
3  4.559630  6.424600 43.7445
3  6.778370  4.992230 43.7965
3 -0.908026  7.038180 43.7682
3  0.539324  7.150680 43.7450
3  3.180460  6.858530 43.7814
3 -8.374530  0.963298 45.2751
3 -8.460990  0.298218 46.8749
3 -7.947270  2.331810 45.2901
2 -1.349780  1.148440 44.9342
2 -1.868830  0.884619 46.2608
2  4.612890  2.213420 45.8633
2  4.973930  1.851050 47.1880
3  8.166390  1.859840 45.2953
3 -6.484200  4.507820 45.2731
2 -0.528222  3.229190 45.7833
2  0.773802  3.854340 45.6142
2  1.493530  4.124610 46.7776
2  2.901610  3.829490 46.7524
2  3.588440  3.255450 45.7106
3  7.861920  3.276560 45.2384
3 -5.346690  5.397140 45.2552
3 -2.865600  6.423190 45.2181
3  5.139530  6.229560 45.2675
3  6.330160  5.439490 45.2594
3 -1.487780  6.876900 45.2514
3  2.627660  6.987280 45.2450
3  1.166970  7.220220 45.2597
3 -8.154600  0.906690 48.2373
3 -7.804850  2.299520 48.2269
2 -1.792760  1.790860 47.3770
2 -1.354720  1.343460 48.6774
2  4.232810  2.386010 48.2335
2  5.254320  0.443040 47.3596
3  8.383940  1.280100 46.7296
3  8.323710  1.891030 48.1975
3 -7.626270  2.894870 46.7649
3 -6.784510  4.054670 46.7658
3 -6.472690  4.571790 48.3240
2 -0.949310  2.984140 47.1134
2 -0.247552  3.309490 48.2992
2  0.995345  3.911010 48.1099
2  2.107070  3.434510 48.9158
2  3.351760  3.443800 48.0813
3  7.639300  3.856000 46.7456
3  7.954760  3.290640 48.2366
3 -5.316840  5.473850 48.3294
3 -4.833680  5.819600 46.7515
3 -3.472100  6.347110 46.7172
3 -2.804440  6.404710 48.1141
3  6.814920  5.058010 46.7485
3  5.134350  6.297150 48.2456
3  6.320850  5.440960 48.2098
3 -1.414940  6.884120 48.1749
3 -0.856357  6.961240 46.6604
3  0.587353  7.250960 46.6867
3  2.633990  7.117330 48.2229
3  1.201970  7.169060 48.1904
3  4.589600  6.583340 46.8342
3  3.271960  7.055600 46.8082
3 -8.217340  0.325657 49.6771
2 -0.392848  2.245520 49.2675
2  0.624279  1.818140 50.1056
2  0.838738  0.438389 50.2976
2  1.942560  2.402360 49.8004
2  4.093000  1.344620 49.2284
2  2.935920  1.326700 50.0043
3  8.403050  1.226810 49.7082
3 -7.597510  2.940040 49.7125
3 -6.892610  4.167600 49.7200
3  7.604330  3.726590 49.6838
3 -4.738600  5.799590 49.6521
3 -3.374560  6.284410 49.6398
3  6.839640  4.939490 49.6828
3 -0.858834  6.987310 49.6761
3  0.572375  7.224910 49.6536
3  4.646430  6.565330 49.6773
3  3.256460  7.044460 49.7016
3 -8.234760  0.896923 51.1688
3 -8.325130  0.372341 52.5881
3 -7.838470  2.287760 51.1890
3  8.405930  1.243490 52.6290
3  8.197730  1.805310 51.1575
3 -7.543800  2.877160 52.6306
3 -6.867430  4.111180 52.6571
3 -6.477670  4.628310 51.1413
3  7.907470  3.196820 51.1259
3  7.708110  3.754480 52.6243
3 -5.375490  5.564080 51.1650
3 -4.839120  5.857910 52.5936
3 -3.498950  6.410720 52.5908
3 -2.864100  6.519210 51.1549
3  6.373220  5.378550 51.1365
3  6.829590  4.952590 52.6295
3  5.207550  6.291390 51.1744
3 -1.475480  6.983320 51.1242
3 -0.817455  6.949290 52.6588
3  0.564927  7.262350 52.6592
3  2.663680  7.126600 51.1465
3  1.229140  7.312920 51.1570
3  4.605550  6.441500 52.5884
3  3.256300  6.966620 52.6308
3 -8.171860  0.936059 54.1670
3 -7.861520  2.366050 54.1347
1  1.102600  1.718580 53.5015
1  0.077376  0.705094 53.7042
1 -1.073200  0.900501 54.5061
1  2.373760  1.037200 53.4003
1  3.504470  1.612390 53.9274
1  4.446080  0.731212 54.5690
3  8.270710  1.844790 54.1097
3 -6.423950  4.653420 54.1677
1  1.049650  2.929140 54.1692
1  2.266840  3.542590 54.7008
1  3.518370  2.841980 54.5729
3  7.895910  3.231910 54.0638
3 -5.328150  5.623650 54.1337
3 -2.869090  6.486400 54.1246
3  5.131190  6.135990 54.0302
3  6.415310  5.344740 54.0786
3 -1.445130  6.887980 54.1415
3  1.228480  7.149230 54.0156
3  2.664430  7.075830 54.0316