314

3 -0.797584 -8.798900  9.54579
3  1.258290 -8.752250  8.40426
3  1.980200 -8.696780  9.64541
3 -4.126510 -6.269430  9.38090
3 -2.046400 -8.141070  9.47922
3  3.809340 -7.608820  8.53537
3  3.306970 -8.150240  9.71113
3  4.983670 -6.826580  8.61274
3  5.614900 -6.511220  9.83806
3 -4.996530 -5.161930  9.36308
3  6.533920 -5.472520  9.95074
3  6.934890 -4.822860  8.77519
3 -6.598420 -2.851850  9.27238
3  7.660870 -3.610570  8.84419
3  7.586020 -2.907270 10.04330
3 -7.149910 -1.532650  9.23228
3  8.094530 -0.855472  8.93554
3  7.751680 -1.526960 10.12860
3 -0.138763 -8.981010 10.84450
3 -0.855881 -8.789730 12.07530
3  1.288770 -8.816310 10.86300
3  1.986240 -8.671170 12.08940
3  3.297190 -8.253300 12.10330
3 -3.718270 -6.825450 10.60740
3 -2.627740 -7.703820 10.68780
3 -2.094710 -8.144940 11.99570
3  3.977720 -7.914240 10.91560
3  5.153860 -7.164080 11.01330
3 -5.434650 -4.539080 10.55080
3 -5.050880 -5.111620 11.78780
3 -4.209780 -6.239730 11.81240
3  6.791070 -4.852690 11.17770
3 -6.246720 -3.414450 10.51090
3 -6.499000 -2.681070 11.67310
3  7.452830 -3.612590 11.21970
3 -7.253700 -0.762486 10.40560
3 -7.026230 -1.399640 11.66110
3  7.848250 -0.876475 11.34900
3 -0.113221 -8.810380 13.33930
3  1.317110 -8.901610 13.31770
3 -3.677530 -6.584140 13.09090
3 -2.635410 -7.528110 13.18890
3  3.989690 -8.088840 13.36100
3  5.090210 -7.182210 13.45420
3  5.571440 -6.615680 12.26460
3 -5.572500 -4.505520 12.92810
3 -5.032710 -4.843240 14.16440
3  6.312290 -5.460560 12.34540
3  6.551100 -4.818600 13.57940
3 -6.729250 -2.648200 14.09920
3 -6.320120 -3.296660 12.92470
3  7.288670 -3.605300 13.64340
3  7.606990 -2.957140 12.44120
3 -7.440800 -0.743156 12.82530
3 -7.332770 -1.405960 14.05750
3  8.080850 -0.948245 13.72710
3  8.027350 -1.633050 12.50730
3 -0.703668 -8.241960 14.47970
3  0.035869 -8.185100 15.66920
3  2.073600 -8.827480 14.57340
3  1.427470 -8.572210 15.78830
3  3.479980 -8.584430 14.62130
3 -3.460980 -6.119480 15.50820
3 -1.934140 -7.607730 14.42740
3 -2.374890 -6.971970 15.57460
3  4.255930 -8.353350 15.87970
3  5.350630 -7.459170 15.96740
3  5.540830 -6.712680 14.75650
3 -5.480740 -4.212290 15.36390
3 -4.080780 -5.861950 14.24230
3  6.271990 -5.534170 14.78820
3  6.806820 -5.047080 16.03290
3 -6.414900 -3.176420 15.35720
3  7.413880 -3.781050 16.02120
3  7.589540 -3.032070 14.85490
3 -7.556380 -0.706296 15.26160
3  7.963030 -1.690090 14.86780
3  7.955840 -1.058980 16.08310
3 -0.519003 -7.782720 16.88430
3  0.064372 -7.993340 18.12480
3  1.408490 -8.393000 18.20300
3  2.150610 -8.577790 17.00420
3  3.575660 -8.567110 17.08800
3 -3.632110 -6.098590 17.93280
3 -1.793440 -7.217340 16.84930
3 -2.387310 -6.798640 18.02890
3  4.220600 -8.250480 18.30530
3  5.417850 -7.467200 18.38450
3  6.032700 -7.034400 17.17090
3 -5.631490 -4.180190 17.82210
3 -5.036280 -4.635040 16.62590
3 -4.038640 -5.586750 16.66550
3  6.744510 -5.786880 17.19010
3  7.152020 -5.195360 18.39540
3 -6.861450 -2.605160 16.52640
3 -6.578060 -3.157050 17.78560
3  7.707690 -3.899560 18.45230
3  7.797110 -3.169030 17.26510
3 -7.754340 -0.700515 17.69910
3 -7.428680 -1.344300 16.48080
3  7.867430 -1.774440 17.30330
3  2.021650 -8.399900 19.46380
3  3.376070 -8.056800 19.49350
3 -1.890810 -7.131930 19.29430
3 -0.681113 -7.828690 19.31220
3  5.684840 -6.747890 19.57170
3 -3.901310 -6.215790 20.40340
3 -5.329490 -4.732160 19.06630
3 -4.274260 -5.708220 19.12840
3  6.636870 -5.698770 19.60730
3 -6.066670 -4.401370 20.20990
3 -7.019290 -2.588800 18.99480
3 -6.904750 -3.284320 20.17500
3  7.804890 -3.159040 19.67930
3 -7.574760 -1.332050 18.92400
3 -7.824170 -0.642627 20.12770
3  7.802850 -1.090860 18.50220
3  7.883660 -1.752040 19.72960
3  1.217040 -8.363090 20.62210
3  1.852740 -8.361260 21.87950
3  3.236500 -8.114060 21.93800
3 -2.714210 -6.953670 20.42470
3 -2.240000 -7.346070 21.67060
3 -0.132454 -8.077780 20.59130
3 -0.924482 -7.806720 21.75510
3  3.904840 -7.735170 20.74110
3  5.105380 -7.079840 20.80160
3  5.535660 -6.581130 21.99990
3 -5.673450 -4.858290 21.44950
3 -4.681480 -5.870580 21.55410
3  6.935610 -5.102700 20.85470
3  6.537460 -5.614380 22.07960
3 -7.352000 -2.648710 21.40030
3  7.552310 -3.795310 20.89610
3  7.796840 -3.133090 22.16530
3 -7.674170 -1.296380 21.35890
3  8.035240 -1.010610 20.92640
3  7.996130 -1.725910 22.16050
3  1.113770 -8.256940 23.07670
3 -0.267278 -7.865430 22.97040
3 -3.013590 -7.050830 22.78380
3  3.798970 -7.751560 23.16800
3  4.969520 -7.035430 23.18240
3 -6.202120 -4.340400 22.66950
3 -5.828830 -4.901210 23.89900
3 -4.230980 -6.350340 22.77020
3 -4.768060 -5.835220 23.94610
3  6.859170 -4.965960 23.29000
3 -7.410870 -2.623820 23.83390
3 -7.009000 -3.223180 22.59290
3  7.655930 -3.854690 23.36100
3 -7.826090 -0.644174 22.58190
3 -7.894140 -1.322940 23.80120
3  8.041060 -0.972999 23.38640
2 -1.484450 -1.033650 23.80600
3  4.086970  6.153350 15.96980
3 -7.660750  1.173990  9.15396
3  8.176990  0.528466  8.96369
3  8.035320  1.224350 10.20700
3 -7.256890  2.498570  9.13389
3  7.724150  3.221370  9.00258
3  8.034480  2.633350 10.22450
3 -5.447680  4.522170  9.30067
3 -4.536450  5.548800  9.35284
3  6.851080  4.308700  8.99989
3  6.419140  5.011190 10.15520
3  5.273990  5.840180 10.03390
3 -2.444110  7.204180  9.48932
3 -1.145150  7.711630  9.52269
3  1.022280  7.821630  8.43989
3  1.582830  7.640530  9.70643
3  2.867800  7.114720  9.81518
3  4.749520  6.104380  8.74992
3  3.521620  6.722330  8.63538
3 -7.730300  0.548365 10.38210
3 -7.782900  1.268100 11.57740
3  7.973690  0.510936 11.39420
3 -7.697010  2.690590 11.51320
3 -7.232100  3.205800 10.31380
3 -6.294320  4.252100 10.38590
3  7.541100  3.226890 11.45850
3 -6.059270  4.907680 11.58260
3 -5.009130  5.818000 11.69910
3 -4.211270  6.083830 10.56840
3  6.811870  4.425130 11.42150
3 -3.190100  6.980800 10.61670
3 -2.776090  7.511930 11.80770
3 -1.442130  7.850440 11.87780
3 -0.575731  7.824370 10.75580
3  0.786001  7.907510 10.84070
3  2.671030  7.303950 12.21170
3  1.362950  7.783990 12.09320
3  4.655620  6.302380 11.17130
3  3.413010  6.942470 11.10070
3 -7.690760  0.632260 12.81950
3 -7.782340  1.318220 14.04220
3  7.892380  1.169360 12.61040
3  8.081020  0.447712 13.78070
3 -7.650260  2.699210 13.98560
3 -7.442900  3.359600 12.71630
3  7.048310  3.065360 13.77840
3  7.524590  2.502700 12.62320
3 -6.762150  4.580960 12.73210
3 -6.429020  5.156290 13.96590
3 -5.409190  6.117230 14.02780
3 -4.698790  6.454040 12.88630
3  5.057010  5.861740 12.41990
3  6.051140  4.883050 12.54710
3  6.249580  4.207550 13.75680
3 -3.601620  7.333170 12.94410
3 -0.878092  7.942960 13.14610
3  0.509708  7.941910 13.25010
3  4.423970  6.276080 13.59970
3  3.233590  7.047900 13.49420
3 -7.805040  0.668105 15.27890
3  7.753130  1.064530 14.96860
3  7.797590  0.321433 16.14170
3 -7.547130  3.416190 15.18900
3  6.707800  2.931060 16.18190
3  7.301500  2.410960 14.99530
3 -7.055460  4.733150 15.16320
3  4.715580  5.672800 14.84480
3  5.744460  4.741650 14.95380
3  6.027480  4.120510 16.18430
3 -5.033140  6.633650 15.31260
3 -3.820450  7.286700 15.37120
3 -1.690060  7.942940 14.35360
3 -3.071980  7.685280 14.21880
3 -1.071300  7.928300 15.58640
3  0.310785  7.861410 15.68410
3  1.059900  7.687330 14.50060
3  2.436090  7.270700 14.62330
3  2.932350  6.877100 15.87040
3 -7.963650  0.691933 17.69240
3 -7.905270  1.361200 16.48150
3  7.457640  0.948300 17.33560
3 -7.775350  3.502760 17.61970
3 -7.731030  2.748330 16.41720
3  6.992420  2.216160 17.33850
3 -7.320900  4.859390 17.64340
3 -6.825100  5.410530 16.39760
3  4.614840  5.753860 17.26070
3  3.852030  6.068730 18.36890
3  5.568580  4.685960 17.36530
3 -5.332620  6.682830 17.70730
3 -5.780870  6.311410 16.44570
3 -4.038400  7.115220 17.79340
3 -3.254140  7.447180 16.63350
3 -1.875380  7.670510 16.74060
3 -1.286620  7.570070 17.99580
3  0.077092  7.531300 18.10360
3  0.887214  7.563620 16.91920
3  2.205180  7.180300 17.02090
3  2.768700  6.901610 18.28010
3 -8.089050  0.735284 20.11840
3 -8.031530  1.415400 18.89670
3  7.605970  0.256360 18.52500
3  7.374680  0.941069 19.72650
3 -7.995500  2.816180 18.86910
3 -7.815480  3.429740 20.09370
3  6.488110  2.800300 18.50750
3  5.708240  3.941800 18.49480
3  6.680530  2.154390 19.71830
3 -7.322880  4.751440 20.06930
3 -6.948860  5.346170 18.88080
3  4.102630  5.417080 19.56890
3  5.054780  4.398450 19.63280
3 -6.044910  6.383930 18.88600
3 -5.562430  6.780060 20.14500
3 -4.205680  7.039450 20.23250
3 -3.426070  7.069070 19.07700
3 -2.054780  7.291950 19.14390
3 -1.491800  7.352720 20.42360
3  0.657358  7.536310 19.36710
3  2.006700  7.189170 19.44320
3 -8.088310  1.364320 21.32750
3 -8.174420  0.705142 22.57400
3  7.354830  1.000070 22.13640
3  7.729160  0.381130 20.95490
3 -7.948150  2.743400 21.31500
3 -8.031900  3.416610 22.52800
3  6.134350  2.684240 20.86580
3  6.494160  2.140270 22.07290
3  5.307730  3.808730 20.87220
3 -7.473140  4.666580 22.56340
3 -7.071810  5.301190 21.29890
3  3.930250  5.373480 21.97140
3  3.535200  5.897160 20.74680
3  4.870960  4.372120 22.03670
3 -6.169260  6.372390 21.34070
3 -3.677410  7.365360 21.45900
3 -2.296600  7.482110 21.55730
3 -0.132740  7.592560 20.50360
3  0.464533  7.697940 21.77320
3  2.575020  6.909870 20.70160
3  1.817300  7.270180 21.86170
3 -8.481660  1.345500 23.75160
2 -1.108390  0.350858 23.62740
3  7.637700  0.368047 23.37380
3 -8.485730  2.766910 23.70460
3  6.119290  2.751420 23.27480
3  5.362750  3.937620 23.26840
3 -7.275560  5.266000 23.80660
3  3.344310  5.906540 23.10880
3 -5.709340  6.712910 22.62080
3 -6.238560  6.216560 23.84710
3 -4.398880  7.196860 22.62750
3 -3.874260  7.415520 23.90140
3 -1.767300  7.746730 22.79420
3 -2.542130  7.726830 23.98590
3 -0.363826  7.781000 22.88780
3  2.174490  6.738470 23.08350
2 -2.019690  1.365430 23.95950
2  0.280750  0.487377 23.94970