305

2  0.083552 -1.173960 69.5695
3 -4.757670 -6.895520 70.3497
3 -3.515300 -7.701930 70.4038
3 -0.825062 -8.071470 70.4331
3  0.596138 -7.673400 70.4218
3 -6.626230 -5.017830 70.3747
3  2.851590 -6.377560 70.4076
3  4.146520 -5.639770 70.4038
3 -7.381210 -3.773450 70.4011
2  1.031530 -2.508360 71.3223
3  5.900700 -3.671570 70.4016
3  6.846830 -2.548240 70.3944
3 -8.024160 -1.231610 70.4074
2 -2.050040 -0.336777 71.2971
2 -1.207660 -1.430760 71.5851
2 -0.258072 -1.967110 70.7227
2  2.101620 -1.975070 70.4740
2  3.254030 -1.529820 71.1295
3 -5.233250 -6.602960 71.9286
3 -2.940380 -7.775870 72.0144
3 -1.417820 -7.941800 71.9767
3  1.072440 -7.387350 71.9727
3  2.417580 -6.728940 71.9978
3 -6.274620 -5.513690 71.9655
3  4.534530 -5.136620 71.9950
3 -7.527110 -3.188130 72.0107
2  1.168770 -2.410960 72.7299
2  0.105957 -1.987410 73.6092
3  5.521240 -4.082740 72.0149
3 -7.970990 -1.834960 71.9900
2 -2.382650  0.300540 72.5019
2 -1.105960 -1.607650 72.9992
2 -1.864520 -0.446452 73.6211
2  3.474900 -1.583800 72.5722
2  2.414440 -2.067260 73.3782
2  4.287480 -0.422949 72.9647
3  7.139260 -2.086380 71.9599
3  7.582350 -0.657530 71.9814
3 -4.782800 -6.902070 73.5556
3 -5.369560 -6.619420 75.1011
3 -3.514790 -7.608770 73.5752
3 -2.942110 -7.810000 75.1435
3 -0.846123 -7.913320 73.5723
3 -1.536690 -7.993010 75.1264
3  0.532247 -7.665600 73.5726
3  1.104560 -7.459720 75.0943
3  2.879420 -6.410530 73.6094
3  2.290110 -6.624990 75.1504
3 -6.693230 -5.094940 73.5360
3 -6.363830 -5.599380 75.1490
3  4.099630 -5.614210 73.5678
3  4.465800 -5.099520 75.1736
3 -7.288390 -3.765060 73.5333
3 -7.521980 -3.187540 75.1019
3  5.568470 -4.134050 75.1920
3  5.916960 -3.628520 73.6057
3  6.905650 -2.579420 73.5722
3 -7.992070 -1.791770 75.1741
3 -8.227560 -1.270140 73.5607
2 -1.252790  0.231024 74.6967
2  0.015968 -0.249497 75.2653
2  0.657163 -1.344690 74.7952
2  2.093890 -1.431730 74.6158
2  2.845590 -0.229751 75.0062
3  7.042640 -2.102870 75.1755
3  7.631530 -0.659669 75.1867
3 -4.920700 -7.110220 76.6601
3 -3.545190 -7.755190 76.6902
3 -0.908893 -7.865680 76.7109
3  0.522348 -7.606960 76.6852
3 -6.676430 -5.073690 76.7545
3  2.757460 -6.258260 76.6983
3  4.068600 -5.541200 76.7429
3 -7.263120 -3.724680 76.7374
3  6.019190 -3.810510 76.8242
3  6.745490 -2.545120 76.7632
3 -8.059780 -1.254270 76.7564
3 -5.383920 -6.670630 78.2578
3 -2.973680 -7.780830 78.3099
3 -1.510400 -8.038280 78.3060
3  1.047540 -7.378420 78.2695
3  2.301220 -6.642110 78.2408
3 -6.407360 -5.613960 78.2611
3  4.519750 -5.199940 78.3452
3 -7.595510 -3.271410 78.2877
3  5.632140 -4.214560 78.3784
3 -7.959410 -1.870370 78.3219
3  7.029770 -1.928080 78.3247
3  7.534100 -0.564303 78.3333
3 -5.032300 -7.089550 79.8798
3 -3.617520 -7.628110 79.8712
3 -0.882272 -7.897200 79.8467
3  0.502116 -7.528130 79.8527
3  2.770420 -6.321990 79.8590
3 -6.739850 -5.183260 79.8488
3  3.997510 -5.564000 79.9145
3 -7.339200 -3.836940 79.8807
3  5.994880 -3.768190 79.8637
3  6.754810 -2.496990 79.8680
3 -8.074920 -1.317520 79.9409
1  1.296220 -0.607874 80.1112
1  0.064639 -1.091480 80.5607
3 -5.441000 -6.789830 81.4552
3 -4.960320 -7.086640 83.0059
3 -2.974730 -7.819310 81.4393
3 -3.603240 -7.719830 83.0283
3 -1.546890 -7.992280 81.4085
3 -0.904115 -7.802330 82.9640
3  1.011280 -7.264090 81.4429
3  0.491843 -7.509260 83.0227
3  2.347230 -6.704180 81.4494
3 -6.476030 -5.750770 81.4525
3 -6.887520 -5.273730 83.0188
3  2.882980 -6.415090 83.0604
3  4.078250 -5.553540 82.9827
3  4.520050 -5.138040 81.4440
3 -7.507500 -3.314020 81.4615
3 -7.372320 -3.859880 83.0226
3  5.595350 -4.176470 81.4434
3  5.896180 -3.668020 83.0400
3  6.828300 -2.526960 83.0351
3 -7.978490 -1.340740 83.0465
3 -7.915570 -1.882000 81.4893
1 -1.828890 -0.454872 81.8161
1 -1.188800 -1.596690 82.5068
1  0.016447 -1.906120 81.7434
1  1.170950 -2.359340 82.4438
1  2.449900 -1.035680 80.8140
1  2.432920 -1.897050 81.9260
3  7.083370 -1.963640 81.4456
3  7.578070 -0.643796 81.4210
1 -1.129190 -1.620390 83.9253
1  1.224930 -2.297470 83.8474
1  3.323670 -1.667290 83.0361
1  4.210260 -0.590167 83.0040
3 -7.837050  0.200585 70.4474
2 -1.772680  0.332516 70.0646
2 -1.779330  1.876980 70.0897
2  3.427640  0.398494 69.5479
2  4.000580 -0.372232 70.5898
3  7.850310  1.375240 70.3533
3  7.741850 -0.082247 70.3717
3 -6.777730  2.626900 70.4224
3 -5.759110  3.668650 70.3932
2 -2.116340  2.498580 71.3414
2  0.079880  3.403830 69.6779
2 -0.262671  4.020390 70.9226
2  1.557800  3.416070 69.5511
2  3.488210  1.860280 69.5534
2  3.957440  2.576700 70.6793
3  7.318600  3.922150 70.4143
3 -4.036840  5.534940 70.3795
2  2.066800  4.125300 70.7209
3  6.715700  5.271130 70.4458
3 -2.900630  6.428980 70.3360
3 -0.484389  7.553940 70.3735
3  0.955821  7.986310 70.4511
3  3.551380  7.800490 70.3980
3  4.845750  7.083920 70.3641
3 -7.616940  0.708568 71.9940
3 -7.070970  2.079230 71.9823
2 -2.331840  1.699840 72.5303
2  4.516270  0.358172 71.7582
3  7.803320  1.960060 71.9340
3 -5.482910  4.131220 72.0138
2 -1.349890  3.666910 71.7178
2  4.213350  2.401760 72.9782
2  3.276430  3.707930 71.2927
2  3.443670  3.621550 72.7250
2  4.507170  1.770720 71.7717
3  7.541060  3.425040 71.9633
3 -4.444930  5.128560 72.0075
2  1.006040  4.554930 71.5429
3  6.384120  5.770450 71.9939
3 -2.369620  6.596740 71.9669
3 -1.017610  7.288670 71.9723
3  1.514410  8.037780 72.0453
3  3.044180  7.894390 71.9515
3  5.338000  6.787280 71.9818
3 -7.808210  0.775463 75.1581
3 -7.016410  2.016460 75.2189
3 -7.956820  0.245142 73.5679
2 -1.785220  2.390140 73.6282
2 -1.239130  1.660210 74.7089
2 -0.056309  2.125590 75.3131
2  2.155250  0.899073 75.5476
2  3.934660  0.254159 74.1511
2  2.805990  2.114090 75.0363
2  3.834700  1.672540 74.1044
3  7.872010  1.404160 73.5565
3  7.690750 -0.087358 73.5794
3 -6.731210  2.462000 73.5978
3 -5.880630  3.681890 73.6356
3 -5.489220  4.099340 75.1320
2 -1.169850  3.629960 73.1527
2  0.038859  4.079160 73.7267
2  0.563380  3.261180 74.8225
2  2.030750  3.266260 74.7445
2  2.380300  3.944190 73.5744
3  7.820150  2.029560 75.1185
3  7.260010  3.897570 73.5602
3  7.513400  3.449210 75.1425
3 -4.452870  5.111040 75.1226
3 -4.048680  5.541870 73.6255
2  1.167170  4.475890 72.9192
3  6.707380  5.331420 73.5670
3  6.373960  5.783860 75.0389
3 -2.887950  6.448070 73.5703
3 -2.388750  6.741650 75.1482
3 -0.583423  7.639090 73.5608
3 -1.092020  7.410920 75.1015
3  0.881386  7.936560 73.6466
3  1.485850  7.998720 75.1518
3  3.510670  7.758260 73.5580
3  2.900540  7.904660 75.1445
3  4.862760  7.190030 73.5883
3  5.313740  6.802610 75.1139
3 -7.972780  0.195532 76.7206
2  0.753933  0.955684 75.6827
3  7.899740  1.470110 76.7285
3  7.626200  0.027040 76.7449
3 -6.673520  2.449450 76.7914
3 -5.828500  3.650760 76.7484
3  7.370430  4.004750 76.6936
3 -3.861820  5.406700 76.6956
3  6.681530  5.346470 76.6395
3 -2.788010  6.350180 76.6550
3 -0.565589  7.771380 76.7027
3  0.851059  8.059360 76.6848
3  3.414080  7.680540 76.7040
3  4.763380  7.082930 76.6773
3 -7.694230  0.705988 78.3007
3 -6.867640  1.937430 78.3069
3  7.798710  2.032530 78.2751
3  7.547960  3.479490 78.3235
3 -5.476310  4.141380 78.2970
3 -4.314910  5.079570 78.2951
3  6.300110  5.772400 78.2612
3 -2.375640  6.832780 78.2254
3 -1.018780  7.510380 78.2116
3  1.460550  8.131540 78.2677
3  2.950240  7.891020 78.2388
3  5.282850  6.851900 78.2912
3 -7.920690  0.188275 79.9279
1 -0.825763  1.162950 80.2313
1 -1.082760 -0.161392 80.6186
1  1.485820  0.719549 79.6347
1  2.794630  1.160380 80.0902
3  7.864820  1.400460 79.8480
3  7.584960 -0.004398 79.8834
3 -6.806700  2.551580 79.8985
3 -5.912600  3.802030 79.9097
1  0.447572  1.649590 79.7962
1  0.616414  3.035640 80.2569
1  1.918640  3.457080 80.6058
1  2.995520  2.519350 80.5164
3  7.333720  4.003170 79.8192
3 -3.924460  5.496050 79.8978
3  6.661300  5.302600 79.8287
3 -2.929860  6.550270 79.8396
3 -0.501357  7.660000 79.7732
3  0.907368  8.062530 79.8014
3  3.502080  7.804800 79.8586
3  4.809320  7.156240 79.8324
3 -7.678750  0.728032 81.4684
3 -7.869840  0.128735 83.0450
1 -2.421200  0.620413 82.6079
1  3.428450  0.043831 80.7730
1  4.275090  0.306036 81.8747
3  7.939110  1.416250 82.9636
3  7.695420 -0.028393 82.9905
3 -7.100170  2.018240 81.4925
3 -6.770900  2.568450 83.0366
3 -5.871160  3.721130 83.0511
1 -2.076850  1.916000 82.2247
1 -1.507500  2.249970 80.9734
1 -0.594643  3.385750 81.0029
1  3.772550  2.721490 81.7428
1  4.466290  1.638910 82.3164
3  7.885620  2.025480 81.3675
3  7.605310  3.458380 81.3893
3  7.365500  4.002290 82.9384
3 -5.473420  4.158160 81.4905
3 -4.332120  5.052930 81.4404
3 -3.954710  5.536330 82.9714
1 -0.441460  4.152800 82.2216
1  2.057590  4.264460 81.8132
1  0.955599  4.544070 82.6153
1  3.270270  3.813160 82.4830
3  6.165850  5.759670 81.3887
3  6.536250  5.246960 82.9780
3 -2.483430  7.001410 81.4145
3 -2.974930  6.619750 82.9856
3 -1.084760  7.461930 81.3876
3 -0.583195  7.744090 82.9982
3  1.444770  8.158580 81.4239
3  0.861775  8.045050 83.0021
3  2.892110  7.904990 81.3977
3  3.448470  7.710060 82.9557
3  5.267750  6.872790 81.3864
3  4.815100  7.192840 82.9942
1 -1.950400  2.741770 83.4206
1 -1.148150  3.850790 83.4178
1  3.273960  3.757920 83.8830
1  4.530010  1.582580 83.7520