303

3 -0.292266 -8.496600  92.4130
3  0.338733 -8.528600  93.7463
3  1.775530 -8.343520  93.7348
3  2.379750 -8.277680  92.4022
3 -3.864440 -6.442210  92.4540
3 -2.156970 -7.687070  93.7932
3 -3.352130 -6.840670  93.7556
3 -1.610130 -7.924120  92.3995
3  3.729980 -7.765500  92.3252
3  4.360220 -7.476760  93.6723
3  5.514930 -6.620070  93.6334
3 -4.863010 -5.384780  92.4289
3 -5.161320 -4.798650  93.7269
1 -0.126064 -4.755080  92.7431
1 -0.775708 -4.314820  93.9159
1  1.358450 -4.872050  92.8392
1  2.061590 -4.470320  93.9824
3  5.923310 -6.127230  92.3264
3  6.746930 -4.932120  92.3004
3  6.885860 -4.275640  93.6383
3 -6.246630 -3.097170  92.3866
3 -5.887990 -3.618700  93.7234
1 -2.339980 -2.899350  92.5940
1 -1.891260 -3.397210  93.8085
1  3.223430 -3.638480  93.9061
1  3.775730 -3.298320  92.6237
3  7.284880 -2.899760  93.6288
3  7.519250 -2.236370  92.2965
3 -6.913530 -1.824700  92.4151
3 -7.077720 -1.136430  93.7383
1 -2.549770 -1.463390  92.4591
1 -2.598800 -0.647142  93.5563
1  4.267600 -1.964460  92.4766
1  4.301330 -1.087130  93.5744
3  7.533580 -0.801857  92.3197
3  7.460960 -0.204183  93.6437
3 -0.286231 -8.451160  95.1270
3  2.418740 -8.280810  95.0133
3 -3.867530 -6.425590  95.0832
3 -1.576040 -7.981030  95.1183
3  3.753550 -7.714410  95.0255
3 -4.838200 -5.374440  95.0725
1  1.355050 -4.132120  95.2496
3  5.961750 -6.214430  94.9966
3  6.658040 -4.944770  94.9617
3 -6.084110 -3.002370  95.0325
1 -1.847700 -2.477870  94.9523
1 -0.010977 -3.965860  95.1438
1 -0.684376 -2.836840  95.7894
1  2.154940 -3.033060  95.8659
1  3.317240 -2.789310  95.0639
3  7.377300 -2.287280  94.9333
3 -6.674440 -1.692190  95.0497
1 -2.271010 -1.165780  94.8644
1 -1.410780 -0.128125  95.5070
1  3.852940 -1.513540  94.8967
1  3.222720 -0.410936  95.5927
3  7.573970 -0.846512  94.9729
3 -0.189981 -8.346200  97.7453
3  0.400110 -8.446680  96.4148
3  1.833890 -8.462300  96.3943
3  2.506340 -8.281140  97.7119
3 -3.881980 -6.434390  97.7608
3 -3.387570 -6.881530  96.4482
3 -2.184300 -7.620150  96.4669
3 -1.552570 -7.822850  97.8049
3  3.837520 -7.849820  97.6584
3  4.355290 -7.509930  96.2932
3  5.457810 -6.628230  96.2855
3 -5.119260 -4.779060  96.4443
3 -4.760190 -5.281040  97.7691
3  5.881450 -6.134520  97.6374
3  6.658050 -4.904010  97.6292
3  6.866460 -4.325750  96.2970
3 -6.074630 -2.954750  97.8100
3 -5.838550 -3.541920  96.4069
1  1.514090 -1.966310  96.5651
3  7.262600 -2.920670  96.3230
3  7.360960 -2.376710  97.6507
3 -6.699850 -1.658970  97.7439
3 -6.953750 -1.089960  96.4112
1 -0.306587 -0.457499  96.3475
1  0.090116 -1.860300  96.5512
1  2.061440 -0.624780  96.3771
3  7.511920 -0.920667  97.6606
3  7.425710 -0.272137  96.3133
3  1.897980 -8.357280  99.0247
3  0.472202 -8.371700  99.0295
3 -3.301690 -6.807640  99.1181
3 -2.116290 -7.564250  99.1230
3  4.378590 -7.489580  98.9652
3  5.515300 -6.618010  98.9852
3 -5.044080 -4.681560  99.1089
3  6.928930 -4.335220  98.9628
3 -5.806320 -3.511820  99.1292
3  7.320680 -2.920600  98.9896
3 -6.837800 -1.055970  99.1326
2  0.164937 -0.674301 100.0510
3  7.530370 -0.221308  99.0178
3 -0.117127 -8.378450 100.3570
3  0.568356 -8.407370 101.6720
3  2.006930 -8.378750 101.6310
3 -3.262040 -6.889130 101.8090
3 -2.049710 -7.691860 101.7530
3 -3.740490 -6.377760 100.4720
3 -1.494970 -7.884670 100.4200
3  2.545990 -8.275660 100.3180
3  3.856830 -7.750250 100.3140
3  4.415670 -7.413400 101.6760
3  5.596080 -6.611220 101.6910
3 -4.524720 -5.229800 100.4290
3 -4.896370 -4.745860 101.8030
3  5.986310 -6.177420 100.3020
3  6.836930 -4.980810 100.3160
3  7.062520 -4.354540 101.6000
3 -5.920190 -2.933550 100.4800
3 -5.662630 -3.553230 101.7980
2 -0.647785 -2.244860 101.7370
3  7.356640 -2.972080 101.6390
3  7.381880 -2.331340 100.3090
3 -6.595970 -1.692120 100.4790
3 -6.896070 -1.138210 101.7910
2 -2.892290 -1.390460 101.8410
2 -2.234680 -0.883679 100.5940
2 -0.875613 -1.402710 100.6040
2  1.475740 -0.688401 100.6740
2  1.642670 -1.367810 101.8750
3  7.495690 -0.877523 100.3370
3  7.485540 -0.247180 101.6440
3 -0.066048 -8.390110 103.0210
3 -3.718770 -6.462800 103.1260
3 -1.373740 -7.859820 103.0510
3  2.595420 -8.188530 103.0030
3  3.906280 -7.707730 103.0020
3  6.037620 -6.091940 102.9670
3 -4.442010 -5.251720 103.0970
3  6.761710 -4.909750 102.9160
3 -6.083010 -3.069660 103.1120
2 -1.919130 -2.238510 102.5120
2  0.566328 -2.155280 102.4080
2  0.573274 -1.967820 103.8310
3  7.417820 -2.329620 102.9740
3 -6.697310 -1.789080 103.1330
2 -3.784060 -0.502220 102.4670
2 -3.748280 -0.382316 103.9310
2 -1.889020 -2.106950 103.9160
2  2.410130 -0.744304 102.9540
3  7.544880 -0.882159 102.9590
3  4.440140 -7.352260 104.3080
3  5.612550 -6.519120 104.2810
3  7.065900 -4.359720 104.3030
2  1.733900 -1.158390 104.2180
3 -7.383140  0.886525  92.3643
3 -7.415660  0.234162  93.7303
1 -2.057870  0.674569  93.4353
1 -1.551160  1.130670  92.1429
1 -0.299867  1.853960  92.0655
1  3.563360  0.778544  92.2007
1  2.500070  1.745560  92.0614
1  3.985690  0.295454  93.4600
3  7.082180  1.206160  93.6889
3  6.793850  1.787510  92.3887
3 -7.528330  2.323970  92.3346
3 -7.438950  2.908630  93.7272
1  0.342045  2.149170  93.2736
1  1.794730  2.121110  93.2363
3  5.863790  3.522980  93.7459
3  6.202020  3.087950  92.4194
3 -7.045760  4.289330  93.7585
3 -6.789490  4.850020  92.4079
3 -5.983970  6.017940  92.3628
3  4.706270  5.210520  92.3900
3  5.067820  4.750220  93.7244
3 -5.574470  6.538560  93.7356
3 -4.415260  7.411830  93.7271
3 -3.788510  7.671300  92.4677
3  1.449970  7.658270  92.4535
3  2.001670  7.356130  93.7633
3  3.152350  6.550250  93.7347
3  3.619800  6.122010  92.3725
3 -2.528220  8.300240  92.4845
3 -1.866450  8.365750  93.7786
3 -0.464982  8.350740  93.7736
3  0.142821  8.240250  92.4601
3 -7.470050  0.936538  95.1129
1 -0.127404  1.702500  94.5243
1 -1.316100  0.998139  94.6275
1  1.001120  1.355880  95.2993
1  2.184700  1.579530  94.5102
1  3.295820  0.786383  94.6679
3  6.889290  1.742980  95.0398
3 -7.554630  2.322360  95.1064
3  6.259140  3.012480  95.0829
3 -6.725230  4.840390  95.0746
3 -5.941230  6.048740  95.0860
3  4.694930  5.250310  95.1135
3 -3.906170  7.798130  95.0564
3  1.442850  7.651080  95.1270
3  0.159379  8.254890  95.1198
3  3.645660  6.187390  95.1387
3 -2.525800  8.293010  95.1016
3 -7.381250  0.971966  97.8515
3 -7.291760  0.329391  96.4268
1  0.910052  0.305930  96.2795
3  7.077280  1.123480  96.3599
3  7.000730  1.812480  97.7328
3 -7.464890  2.370450  97.8115
3 -7.431140  2.997040  96.4412
3  5.927760  3.553850  96.3935
3  6.241530  3.026460  97.7366
3 -6.980620  4.300090  96.4388
3 -6.723670  4.894650  97.7685
3 -5.955150  6.039640  97.7489
3  3.669840  6.212360  97.7381
3  5.102170  4.716520  96.4018
3  4.627500  5.230090  97.7217
3 -5.529420  6.475300  96.4058
3 -4.454160  7.427770  96.4144
3 -3.961270  7.765500  97.7501
3  1.396640  7.652110  97.8002
3  1.984870  7.370430  96.4631
3  3.140530  6.538750  96.4375
3 -2.631330  8.234290  97.7490
3 -0.516141  8.317720  96.4501
3 -1.942280  8.386290  96.4406
3  0.023454  8.111140  97.7818
3 -7.198360  0.342305  99.1940
2 -2.565400  0.325918 100.0790
2 -1.434490  1.078430  99.4949
2 -0.119960  0.584502  99.4842
2  1.018020  1.414440  99.7510
3  7.191740  1.178710  99.0677
3 -7.504550  2.988680  99.1424
2 -1.618140  2.442980  99.8303
2  0.801201  2.818740 100.0700
3  5.858470  3.555170  99.0331
3 -6.990360  4.362990  99.1568
3  5.054200  4.725130  99.0234
3 -5.573970  6.486540  99.1126
3 -4.555010  7.521980  99.0894
3  1.983990  7.326460  99.1268
3  3.229420  6.637340  99.0572
3 -2.007970  8.383190  99.1099
3 -0.569303  8.345380  99.1593
3 -7.421090  0.937075 100.5220
3 -7.271210  0.216742 101.7870
2 -4.058010  0.837330 101.9390
2 -3.446830  1.223710 100.7360
2  2.044740  0.625559 100.4810
2  2.737240  1.301040 101.5760
3  7.234920  1.182890 101.6960
3  6.969460  1.790170 100.3510
3 -7.601890  2.322900 100.5400
3 -7.416960  2.948640 101.8560
2 -2.886900  2.551820 100.5870
2 -2.927040  3.424970 101.6360
2 -0.577468  3.357060 100.0400
2  1.602280  3.434850 101.1260
2  2.565640  2.698970 101.8630
3  5.971160  3.556280 101.6800
3  6.245660  3.014670 100.3530
3 -6.987330  4.329350 101.8520
3 -6.731460  4.875060 100.4760
3 -5.930930  6.044710 100.4510
2 -1.844010  4.297920 101.9720
2 -0.649832  4.281640 101.1980
2  0.668188  4.314770 101.8400
3  3.710100  6.259380 100.4110
3  4.707940  5.234020 100.3410
3  5.185260  4.740720 101.7010
3 -5.546040  6.569270 101.8220
3 -4.514360  7.545730 101.7940
3 -3.978090  7.767070 100.4010
3  1.381320  7.642380 100.4630
3  2.079280  7.461990 101.8000
3  3.216600  6.648290 101.7370
3 -2.588370  8.216660 100.4520
3 -1.946330  8.267570 101.8370
3 -0.522473  8.202960 101.8460
3  0.061103  8.101280 100.4960
3 -7.297900  0.853187 103.1300
2 -4.094350  1.756140 103.0310
2 -3.938630  1.020080 104.2660
2  2.875410  0.583826 102.8170
2  2.760400  1.522710 103.9030
3  6.929030  1.725050 103.0740
3 -7.325820  2.269650 103.1440
2 -3.585820  3.039590 102.8870
2 -2.876100  3.702950 103.9550
2  1.630540  3.677920 103.9970
2  2.543690  2.801330 103.3040
3  6.328190  3.014140 103.1100
3 -6.751510  4.958930 103.1770
3 -6.072660  6.190060 103.1430
2 -1.789290  4.409350 103.4120
2 -0.530385  4.395480 104.0220
2  0.647965  4.353880 103.2490
3  4.746090  5.210800 103.0440
3 -3.843950  7.780720 103.1660
3 -2.554730  8.271270 103.1490
3  1.542120  7.690740 103.1190
3  0.164170  8.167140 103.1370
3  3.729790  6.180320 103.0620