315

3 -4.704040 -6.990680 26.3377
3 -3.391160 -7.642880 26.3029
3 -0.732176 -7.690110 26.2935
3  0.665292 -7.427240 26.2822
3  3.179780 -6.623380 26.3119
3 -6.610650 -5.089130 26.3787
3  4.308560 -5.653270 26.2756
3 -7.422150 -3.862040 26.3749
3  6.134200 -3.868020 26.2493
3  6.885960 -2.586050 26.2695
3 -8.238520 -1.483090 26.4033
3 -8.045870  0.007074 26.3484
3 -5.181480 -6.604660 27.9309
3 -2.804940 -7.686370 27.9007
3 -1.346130 -7.833810 27.8993
3  1.229450 -7.200810 27.8541
3  2.576410 -6.747160 27.8784
3 -6.249210 -5.638630 27.9467
3  4.796990 -5.349450 27.7887
3 -8.182980 -2.030850 27.9372
3 -7.718340 -3.403700 27.9803
3  5.825780 -4.364810 27.7793
3  7.213530 -2.071970 27.8474
3  7.753270 -0.715187 27.8274
3 -4.636420 -6.838740 29.5008
3 -3.389630 -7.514570 29.4423
3 -2.826730 -7.727690 31.0329
3 -0.784662 -7.668160 29.4813
3 -1.364600 -7.722040 31.0167
3  0.666730 -7.455590 29.4370
3  3.155940 -6.609490 29.4611
3 -6.650870 -5.144750 29.5204
3  4.345600 -5.717260 29.3918
3 -7.437870 -3.918260 29.5070
3 -7.798640 -3.306770 31.0720
3  6.279160 -3.943810 29.3787
3  6.945460 -2.617450 29.4063
3 -8.276040 -1.382380 29.5156
3 -8.074310  0.080846 29.5144
2 -1.266840 -1.313550 31.1392
2 -0.579579 -1.044240 29.9770
2  0.773659 -1.470810 29.8606
2  1.618360 -0.460583 29.2175
2  1.388300 -2.327530 30.8092
2  3.007730 -0.246007 29.5188
2  3.558490 -1.057350 30.6305
3  7.934200 -0.199763 29.4330
3 -5.166420 -6.492450 31.0889
3 -4.627830 -6.783190 32.6301
3 -3.362040 -7.480910 32.6224
3 -0.779054 -7.648760 32.5784
3  1.273910 -7.293100 30.9721
3  0.718241 -7.434260 32.5718
3  2.680140 -6.917530 30.9930
3  3.199880 -6.583240 32.5655
3 -6.331250 -5.605440 31.0768
3 -6.751420 -5.179020 32.6671
3  4.384940 -5.716120 32.5168
3  4.839650 -5.400820 30.9233
3 -7.536540 -3.856990 32.6559
3 -8.172040 -1.949480 31.0905
2  0.656430 -2.614090 32.0194
3  5.890910 -4.423430 30.9910
3  6.314750 -3.944140 32.5822
3  7.072440 -2.670530 32.5908
3 -8.224940 -1.372640 32.6281
3 -8.104120  0.137360 32.6931
2 -0.673841 -2.133410 32.1571
2  2.810110 -2.109370 31.2041
2  2.870840 -2.382020 32.6788
2  4.348660 -0.178479 31.4415
2  4.379380 -0.405204 32.8243
3  7.763150 -0.753994 31.0404
3  7.204820 -2.077580 30.9933
3  7.843860 -0.170474 32.6215
3 -5.112350 -6.386840 34.2296
3 -2.837260 -7.641740 34.2231
3 -1.341130 -7.673330 34.2002
3  1.273700 -7.233820 34.1676
3  2.637340 -6.849540 34.1462
3 -6.236920 -5.496640 34.2216
3  4.775360 -5.318110 34.1364
3 -8.015900 -1.882110 34.2470
3 -7.711530 -3.361300 34.2720
2  1.550360 -2.657950 33.1412
3  5.839560 -4.299220 34.1378
2 -1.168280 -1.676450 33.3994
2 -0.323182 -1.705360 34.5205
2  1.009450 -2.155490 34.3605
2  3.176610 -1.003350 34.7510
2  3.622540 -1.489830 33.4570
3  7.262320 -2.180190 34.2018
3  7.795620 -0.828073 34.2064
3 -4.633900 -6.772800 35.7543
3 -3.315320 -7.459130 35.7910
3 -0.728990 -7.524960 35.7440
3  0.680580 -7.328470 35.7247
3  3.086570 -6.478540 35.7508
3 -6.723750 -5.214740 35.8060
3  4.301790 -5.639960 35.7258
3 -7.485420 -3.904960 35.8329
3  6.206360 -3.939630 35.7134
3  7.008340 -2.696540 35.7727
3 -8.126420 -1.395630 35.8764
3 -7.972530  0.071330 35.8997
2  1.886340 -1.363200 35.2207
3  7.886230 -0.188760 35.7420
3 -5.208140 -6.557690 37.3408
3 -4.778620 -6.980270 38.8648
3 -2.789180 -7.457620 37.3269
3 -3.388840 -7.427200 38.9028
3 -1.305630 -7.596810 37.3424
3 -0.761196 -7.598410 38.8864
3  1.205250 -7.236570 37.3377
3  0.687841 -7.454570 38.9432
3  2.600870 -6.722080 37.3510
3  3.067840 -6.446430 38.9564
3 -6.249330 -5.568010 37.3535
3 -6.655650 -5.001980 38.8936
3  4.381820 -5.727410 38.9249
3  4.800160 -5.345990 37.3289
3 -8.197700 -1.969260 37.3818
3 -7.783730 -3.332750 37.4175
3 -7.449850 -3.774630 38.9635
3  5.901730 -4.335140 37.2928
3  6.306290 -3.939080 38.8788
3  7.065410 -2.711330 38.8761
3 -8.209000 -1.333510 38.9627
3 -7.923960  0.102601 38.9444
3  7.319650 -2.167940 37.3626
3  7.849640 -0.794909 37.3260
3  7.956150 -0.195684 38.8858
3 -5.176060 -6.540250 40.4395
3 -2.834240 -7.452960 40.4656
3 -1.359870 -7.649850 40.4950
3  1.231900 -7.307810 40.4691
3  2.602990 -6.820490 40.5383
3 -6.272360 -5.543200 40.4434
3  4.752210 -5.307520 40.5244
3 -7.569990 -3.288220 40.4888
3  5.834190 -4.338450 40.4646
3 -8.105270 -1.964120 40.5087
1  0.958274 -0.674062 39.3963
1  0.837730 -1.718990 40.3429
1  3.369530 -0.502874 40.0319
1  2.300860 -0.084147 39.1747
3  7.307200 -2.149930 40.4849
3  7.851560 -0.798820 40.4749
3  7.972090  1.283240 26.2640
3 -6.993610  2.406240 26.3478
3 -6.101790  3.562920 26.3395
3  7.494170  3.837410 26.2452
3 -4.118630  5.218970 26.2945
3 -2.926800  6.107020 26.2440
3  6.743230  5.128390 26.2192
3 -0.627250  7.377690 26.2541
3  0.843788  7.607810 26.3262
3  3.510890  7.499730 26.2849
3  4.774650  6.825310 26.3017
3 -7.893650  0.592867 27.8973
3 -7.163630  1.846660 27.8939
2  0.694601  0.665945 28.9688
3  7.944050  1.856410 27.8801
3 -5.667120  4.002510 27.9221
2  1.182620  2.017290 29.1184
3  7.786650  3.358040 27.8699
3 -4.575480  4.979030 27.8933
3  6.424130  5.622720 27.7977
3 -2.408880  6.556380 27.8188
3 -1.120430  7.273680 27.8117
3  1.404630  7.744370 27.8277
3  2.890510  7.731030 27.8533
3  5.359720  6.599590 27.8355
2 -2.282830  0.950484 31.2427
2 -0.627222  0.283324 29.4603
2 -1.408330  1.228640 30.1317
2  3.383460  1.140420 29.7468
2  4.306840  1.140630 30.9333
3  7.893260  1.283870 29.4897
3  7.771370  1.847970 31.0396
3 -6.880660  2.419150 29.4808
3 -6.023070  3.576280 29.5229
2 -0.917137  2.572680 30.2950
2  0.294363  2.948630 29.7604
2  1.158620  3.768610 30.6428
2  2.543260  2.267700 29.5412
2  2.528410  3.428800 30.4684
3  7.511500  3.880840 29.4436
3 -4.064420  5.431490 29.4562
3  6.795290  5.130120 29.3880
3  6.359150  5.529590 30.9997
3 -2.898730  6.285470 29.4025
3 -0.532602  7.467860 29.3944
3 -1.105320  7.245990 30.9589
3  0.913588  7.814070 29.4328
3  1.483660  7.723120 31.0554
3  3.466180  7.596330 29.4757
3  4.806320  6.912800 29.4424
3 -7.998130  0.697046 31.0868
3 -7.239610  1.951810 31.0923
2 -2.213260 -0.370117 31.7412
2 -2.054480 -0.583237 33.2013
3  7.817560  1.267250 32.6467
3 -6.936360  2.435270 32.7045
3 -5.938730  3.488170 32.6485
3 -5.455270  3.943250 31.1112
2 -1.402450  3.106490 31.5401
2 -2.244200  2.107030 32.1477
2  3.490100  3.437590 31.5258
2  2.976300  3.838670 32.8803
2  4.344940  2.252650 31.7733
3  7.608870  3.309790 31.0407
3  7.505080  3.852220 32.6629
3 -4.587470  5.047460 31.0522
3 -4.118230  5.504630 32.6230
2 -0.571915  3.979870 32.3145
2  0.762178  4.252390 31.8762
2  1.633560  4.259780 33.0319
3  6.763390  5.168810 32.6228
3 -2.419640  6.569390 31.0115
3 -2.886710  6.260570 32.6078
3 -0.496128  7.409130 32.5601
3  0.945055  7.686040 32.6073
3  2.949410  7.773850 31.0808
3  3.557190  7.534000 32.6180
3  5.319580  6.579510 31.0242
3  4.936210  7.059890 32.6202
3 -7.864310  0.648751 34.3184
3 -7.255470  1.982230 34.2855
2 -2.125680  0.509720 34.0603
2 -1.170240  0.477723 35.1720
2  3.664190  0.352991 34.8895
2  4.358430  1.991650 33.1767
2  4.373860  0.726326 33.6935
3  7.926890  1.860370 34.1802
3 -5.517520  3.993110 34.2115
2 -2.139510  1.905500 33.5222
2 -0.488916  3.722720 33.7662
2 -1.261020  2.704550 34.3598
2  1.409220  3.109930 35.1120
2  2.818440  2.679530 35.0709
2  3.569110  2.992410 33.8776
3  7.668260  3.292850 34.2200
3 -4.507790  5.097460 34.1747
2  0.848845  3.971900 34.2196
3  6.299870  5.546120 34.2330
3 -2.310370  6.527280 34.1709
3 -1.091930  7.260010 34.1527
3  1.521490  7.751200 34.1456
3  2.955700  7.684250 34.1772
3  5.328170  6.657020 34.2016
2 -0.282446 -0.585387 35.4228
2  1.082670 -0.341938 35.7774
2  1.538900  0.952188 35.9467
2  2.893340  1.292360 35.6290
3  7.862200  1.254710 35.7279
3 -6.971060  2.529390 35.8313
3 -5.910590  3.551870 35.7887
2 -0.668586  1.801890 35.3563
2  0.642277  2.045400 35.6862
3  7.434700  3.827350 35.7845
3 -4.096720  5.544900 35.6901
3  6.678560  5.084070 35.7753
3 -2.826720  6.279880 35.7442
3 -0.527164  7.533950 35.7185
3  0.921395  7.754060 35.7299
3  3.474840  7.513820 35.8116
3  4.825750  6.959810 35.7699
3 -7.865030  0.693115 37.4056
3 -7.239870  1.947680 37.4080
1  0.681310  1.557260 38.9093
1  2.124920  1.332880 38.8905
3  7.895260  1.837080 37.2679
3  7.939490  1.222380 38.8553
3 -6.877750  2.544240 38.9683
3 -5.855720  3.547410 38.9125
3 -5.517330  4.003980 37.3459
3  7.532120  3.225360 37.2985
3  7.444110  3.800620 38.9137
3 -4.501410  5.049190 37.2689
3 -4.050070  5.485000 38.8643
3  6.316570  5.580790 37.3751
3  6.655180  5.030210 38.9502
3 -2.343550  6.623920 37.3558
3 -2.832490  6.359290 38.8242
3 -1.066150  7.334080 37.2987
3 -0.547132  7.555400 38.8683
3  1.465850  7.727480 37.3042
3  0.923234  7.848660 38.9091
3  2.903470  7.655010 37.3249
3  3.508430  7.525300 38.8762
3  5.254260  6.529030 37.3661
3  4.752520  6.940170 38.9154
3 -7.763360  0.763286 40.4963
3 -7.139230  2.009820 40.5148
1 -1.725920  1.522900 40.4990
1 -1.150490  0.308761 40.0189
1 -0.003814  0.328806 39.2168
1  4.020280  1.887590 40.2628
1  4.302530  0.492441 40.5544
3  8.050760  1.768740 40.4629
3 -5.446880  3.963880 40.5045
1 -1.145150  2.778510 40.1826
1  0.083942  2.801070 39.3438
1  1.008330  3.707070 39.9725
1  2.430410  3.536490 39.9308
1  2.965570  2.326690 39.3987
3  7.588150  3.161310 40.4669
3 -4.472820  5.091230 40.4711
3  6.406930  5.628180 40.4004
3 -2.359810  6.577790 40.4691
3 -1.071500  7.275410 40.4553
3  1.495420  7.985440 40.5176
3  2.917190  7.745620 40.4721
3  5.290940  6.614550 40.4172