251

3  1.543590 -6.756740  1.76699
3  2.980770 -6.593750  1.73674
1 -2.745130 -3.423630  2.41190
1 -1.326800 -3.546610  2.20610
1  0.836117 -2.514430  2.68587
3  8.029760 -2.531960  1.69621
1 -5.235680 -0.316046  2.00049
1 -4.947920 -1.702550  2.30405
1  1.743670  0.112070  1.74464
3  8.317250 -1.175620  1.70716
3 -3.203830 -6.727540  3.12537
3 -1.198210 -6.858190  4.61531
3 -2.574310 -6.762760  4.60136
3 -0.515532 -6.865570  3.17796
3  0.933678 -6.809560  3.13691
3  1.495250 -6.765660  4.58430
3  2.954110 -6.611360  4.63225
3 -6.267710 -5.181860  4.52184
3 -6.647810 -4.699550  3.04966
3 -5.073000 -5.950300  4.58129
3 -4.484500 -6.197730  3.12823
3  3.577370 -6.489290  3.11527
3  4.926420 -6.033290  3.10701
3  5.445270 -5.705560  4.58844
3  6.624610 -4.880950  4.59929
3 -7.560020 -3.587580  3.10160
3 -7.849750 -3.065190  4.56194
1 -3.221250 -2.866120  3.58375
1 -2.243650 -2.288620  4.49325
1 -0.863245 -2.504520  4.32256
1 -0.392947 -3.133930  3.12202
3  7.063090 -4.397130  3.15053
3  7.804730 -3.166650  3.21519
3  7.976850 -2.603710  4.65401
3 -8.510810 -1.772130  4.58286
3 -8.639880 -1.177700  3.07224
1 -4.339310 -1.933080  3.49583
1 -4.063300 -0.862564  4.43576
1  0.057242 -1.464580  4.67745
1  1.105680 -1.406150  3.63600
1  1.529150 -0.148812  3.14794
3  8.316650 -1.206800  4.67146
3  8.349470 -0.578953  3.20679
3 -3.189750 -6.618320  6.07796
3 -0.525960 -6.867110  6.11779
3  0.932008 -6.807860  6.04891
3 -6.723880 -4.711220  6.09650
3 -4.544210 -6.223560  6.05635
3  3.552020 -6.476470  6.04905
3  4.914640 -6.066350  6.07342
3 -7.660840 -3.602130  6.05906
3  7.048600 -4.492240  6.05701
3  7.668110 -3.170310  6.06572
3 -8.653800 -1.121270  6.05227
1 -2.773190 -1.117600  5.00740
1 -1.927230 -0.114700  5.51784
1 -0.481133 -0.257531  5.26060
3  8.312270 -0.584892  6.02495
3 -3.141330 -6.556870  8.90290
3 -2.542660 -6.603160  7.49568
3 -1.120740 -6.789600  7.48859
3 -0.528000 -6.955740  8.96774
3  0.937991 -6.864480  8.95664
3  1.500540 -6.786390  7.55264
3  2.943800 -6.552440  7.56160
3 -6.319830 -5.119300  7.58028
3 -6.713980 -4.728730  8.96438
3 -5.102440 -5.910920  7.55120
3 -4.499260 -6.042770  9.00889
3  4.854020 -5.981280  9.00531
3  3.526370 -6.423000  9.00710
3  5.377820 -5.693320  7.53789
3  6.602590 -4.909200  7.54777
3 -8.100630 -3.129370  7.51412
3 -7.730010 -3.673680  8.96042
3  7.002280 -4.395780  8.99610
3  7.742640 -3.153940  8.93610
3  7.969760 -2.625690  7.49275
3 -8.508510 -1.757960  7.57576
3 -8.598070 -1.214960  9.00450
3  8.270810 -1.235450  7.50163
3  8.459660 -0.602795  8.93851
3 -2.499320 -6.763550 10.40090
3 -1.085750 -6.926740 10.36370
3  1.522750 -6.833860 10.42310
3  2.955470 -6.560610 10.40830
3 -6.279810 -5.130190 10.42900
3 -5.007690 -5.819640 10.42000
3  5.489390 -5.705740 10.42250
3  6.675770 -4.891180 10.43570
3 -8.089630 -3.174990 10.39150
3  8.086270 -2.609860 10.32410
3 -8.721700 -1.834030 10.44160
3  8.369170 -1.178030 10.38540
3 -3.072410 -6.498440 11.84100
3 -1.061380 -6.941740 13.35290
3 -2.482890 -6.731150 13.37300
3 -0.439592 -7.010480 11.91310
3  0.972191 -6.950060 11.88420
3  3.102190 -6.747320 13.33310
3 -6.746190 -4.750360 11.86490
3 -4.456250 -6.075880 11.85760
3  3.555810 -6.491950 11.86500
3  4.917790 -6.023640 11.88770
3  5.427940 -5.678510 13.26130
3  6.654020 -4.902630 13.27040
3 -7.746930 -3.738600 11.86400
3  7.084960 -4.416820 11.83140
3  7.929240 -3.248080 11.78280
3  8.180320 -2.615890 13.20790
3 -8.671480 -1.191510 11.86290
3 -8.499650 -1.826560 13.30100
3  8.523050 -0.589505 11.86590
3  8.532370 -1.201700 13.29670
3 -3.005850 -6.512870 14.78390
3 -0.399108 -6.939100 14.74790
3  1.021680 -7.044400 14.79070
3  1.629890 -6.889980 13.38480
3 -6.150400 -5.077500 13.34800
3 -6.697900 -4.817240 14.75200
3 -4.947090 -5.818140 13.32200
3 -4.386380 -6.029560 14.77690
3  3.664630 -6.573930 14.80260
3  5.016050 -6.016350 14.75810
3 -7.938350 -3.140240 13.22890
3 -7.661960 -3.710500 14.71360
3  7.110860 -4.353920 14.68690
3  7.950050 -3.182490 14.66180
3 -8.577420 -1.206220 14.75660
3  8.558550 -0.591601 14.71620
1 -4.589000  2.107280  2.50124
1  0.918612  2.088540  2.68758
1 -0.084961  3.072050  2.65931
3 -8.280470  0.841735  4.58015
3 -8.466060  0.247425  3.05933
1 -5.045470  0.747219  2.91716
1 -4.440180  0.484745  4.17655
1 -3.579540  1.581830  4.53050
1 -1.093810  1.971700  4.69683
1  0.043364  0.990331  4.76491
1  1.069170  1.123200  3.78072
3  8.209600  0.862329  3.19129
3  8.155070  1.478510  4.65164
3 -7.878310  2.193320  4.53855
3 -7.687000  2.786240  3.11593
3 -6.941820  4.043080  3.13247
1 -3.657510  2.588690  3.47690
1 -2.535510  3.202920  3.01272
1 -1.240370  2.881230  3.62331
3  7.827260  2.859140  4.66297
3  7.611130  3.512950  3.13339
3 -6.590670  4.530440  4.56891
3 -5.450640  5.377760  4.60641
3 -5.058730  5.856690  3.16465
3 -3.786190  6.469560  3.16515
3 -3.123450  6.652080  4.55507
3  2.438320  6.700290  4.48866
3  3.055870  6.464310  3.13361
3  4.442200  6.053440  3.09638
3  4.907840  5.739810  4.53174
3  6.133430  4.964450  4.56988
3  6.668830  4.593040  3.12006
3 -1.690220  6.765310  4.51509
3 -1.069280  6.852970  3.04687
3  0.403665  6.885730  3.04745
3  0.989656  6.784910  4.50278
3 -8.454820  0.289341  6.06846
1 -2.308730  1.321720  5.14752
3  8.154050  0.885876  6.04797
3 -7.836750  2.841330  6.00455
3 -7.076380  4.062330  6.01419
3  7.533520  3.384600  6.04625
3 -4.917530  5.633630  6.06685
3 -3.704320  6.418690  6.00077
3  3.050750  6.572740  5.96501
3  4.355500  5.928300  5.99729
3  6.569130  4.478170  6.04515
3 -1.050660  6.848990  5.94869
3  0.392887  6.844330  5.96667
3 -8.255770  0.851892  7.50610
3 -8.438950  0.236091  8.98598
3  8.150730  1.462370  7.51808
3  8.313670  0.781580  8.92526
3 -8.071780  2.276140  7.50691
3 -7.918880  2.925800  8.98203
3 -7.011970  4.057520  8.97589
3  7.782710  2.899850  7.52808
3  7.312500  3.344820  9.00222
3 -6.608180  4.503540  7.51237
3 -5.422470  5.342330  7.50904
3 -4.888880  5.645940  8.98204
3 -3.712890  6.442900  8.92443
3 -3.093930  6.591400  7.51993
3  2.354910  6.664480  7.52913
3  3.016340  6.492070  8.98913
3  4.368330  6.104910  9.00069
3  4.855420  5.741140  7.55551
3  6.060950  4.947650  7.54188
3  6.541990  4.538180  9.05988
3 -1.656860  6.672640  7.49773
3 -1.080270  6.849070  8.91843
3  0.366691  6.782710  8.93537
3  0.943865  6.729770  7.48765
3 -8.447200  0.884233 10.41470
3  8.261780  1.442780 10.41090
3 -8.115130  2.293510 10.43690
3  7.623780  2.704580 10.40660
3 -6.616520  4.485680 10.41210
3 -5.390220  5.288310 10.40350
3 -3.105900  6.571390 10.36320
3  2.438960  6.719580 10.41920
3  4.973520  5.956310 10.47830
3  6.102410  5.035790 10.48550
3 -1.661380  6.816350 10.35860
3  1.001270  6.830970 10.38810
3 -8.631740  0.222447 11.87450
3  8.395050  0.860951 11.81970
3  8.117570  1.458450 13.29620
3 -7.907990  2.830930 11.83680
3 -6.979940  3.977210 11.87880
3  7.328820  3.347810 11.91000
3  7.619290  2.803770 13.29360
3 -4.910080  5.597930 11.89420
3 -6.475660  4.305200 13.32230
3 -5.374150  5.262230 13.35040
3 -3.662850  6.331950 11.87940
3  3.018970  6.512160 11.88740
3  2.401010  6.749320 13.35290
3  4.434270  6.161660 11.92500
3  4.933720  5.876730 13.34700
3  6.478160  4.549830 11.89280
3  6.081620  4.995140 13.30800
3 -3.070540  6.520060 13.38480
3 -1.062500  6.996470 11.86100
3 -1.688670  6.953480 13.37110
3  0.386024  6.935190 11.84900
3  0.985449  7.003870 13.34330
3 -8.572940  0.901027 13.26880
3 -8.702180  0.274012 14.77670
3  8.429100  0.869463 14.67680
3 -8.212920  2.287970 13.30750
3 -7.794800  2.729830 14.76660
3 -6.958900  3.875440 14.75460
3  7.361400  3.369720 14.73500
3 -4.891680  5.505690 14.83020
3 -3.628600  6.242240 14.81660
3  4.406080  6.178600 14.80500
3  3.037170  6.680200 14.81740
3  6.483430  4.536000 14.77250
3 -1.069010  7.049120 14.88230
3  0.381365  7.046760 14.81810