413

3 -3.417550 -6.530430 39.9589
3  0.513161 -7.761330 40.1103
3 -0.888565 -7.535680 40.0534
3  3.217990 -7.386730 40.1527
3  4.591740 -7.127130 40.1395
3 -4.572720 -5.719550 39.8738
3  6.562710 -5.252310 40.1228
3 -7.680430 -3.060130 39.7379
3 -6.755790 -4.083580 39.7802
3  6.850290 -3.860120 40.1151
3 -8.873670 -0.573864 39.7212
3  6.470230 -1.068900 40.0938
3 -3.556480 -6.563890 42.3893
3 -1.621020 -7.451890 41.2505
3 -2.862440 -6.828080 41.2143
3 -0.975732 -7.517170 42.5198
3  0.414835 -7.488900 42.5348
3  1.129480 -7.640340 41.3662
3  2.477800 -7.420660 41.3294
3  3.195430 -7.264320 42.5336
3  4.551650 -7.030780 42.5516
3  5.242640 -6.804660 41.3292
3 -6.953370 -4.258490 42.2823
3 -6.369020 -4.637050 41.0693
3 -5.185300 -5.384020 41.1316
3 -4.768080 -5.900250 42.3674
3  6.297830 -5.907250 41.3207
3  6.599420 -5.228600 42.5078
3 -8.105610 -2.546610 40.9537
3 -7.841570 -3.186930 42.2167
3  6.724740 -3.822300 42.4857
3  6.669430 -3.143180 41.2877
3 -8.705460 -1.273300 40.9822
3 -8.894580 -0.614207 42.1960
1 -4.045720 -0.415289 41.6955
1 -1.553490 -1.792080 42.0443
1 -1.696430 -0.864220 40.9390
1 -2.923810 -0.180536 40.7964
1 -0.207658 -1.651700 42.5711
1 -0.439276 -0.140541 40.8009
1  0.470532 -0.623069 41.8154
3  5.360600 -1.152450 54.3931
3  6.280800 -1.794080 41.2552
3  5.979480 -1.130220 42.4488
3 -3.703750 -6.659900 44.8879
3 -3.026070 -6.866070 43.6554
3 -1.691330 -7.280130 43.7167
3 -0.962971 -7.196600 44.9229
3  0.396837 -7.233810 44.9354
3  1.113510 -7.382570 43.7372
3  2.505770 -7.323930 43.7401
3  3.225440 -7.158050 44.9119
3  4.600930 -6.952120 44.9407
3  5.202000 -6.641390 43.7378
3 -5.473550 -5.651020 43.5709
3 -6.549660 -4.742980 43.5254
3 -7.090260 -4.267510 44.7653
3 -5.020460 -6.105500 44.8191
3  6.212160 -5.738390 43.7334
3  6.591630 -5.086800 44.9231
3 -8.209460 -2.615060 43.4720
3 -7.944090 -3.198950 44.7269
1 -2.625870 -2.001760 42.9377
1 -2.337920 -2.022920 44.3486
3  6.723090 -3.718380 44.9060
3  6.655470 -3.038600 43.6620
3 -8.648980 -0.561095 44.6624
3 -8.593840 -1.249720 43.4540
1 -3.904720 -1.328410 42.7584
3  5.596920 -1.772090 53.1554
1 -4.427760 -0.982252 44.0817
1  0.076205 -1.769640 43.9437
1  0.994948 -0.829731 44.5653
2  1.153670 -0.409944 54.5704
3  6.215520 -1.714320 43.6590
3  6.011170 -1.034160 44.8427
3 -3.011020 -6.747710 46.0911
3 -1.661770 -7.066880 46.1353
3  1.129960 -7.287920 46.1190
3  2.525780 -7.260820 46.0951
3  5.213540 -6.647720 46.1172
3 -5.605020 -5.663490 46.0269
3 -6.711870 -4.827890 45.9996
3  6.291670 -5.785330 46.1132
3 -8.101380 -2.503970 45.9292
1 -1.029070 -1.959510 44.8528
3  6.577070 -2.989460 46.1034
3 -8.406480 -1.160580 45.8954
1 -3.433040 -1.416630 45.0542
1 -3.137280 -0.667097 46.2004
1 -1.794180 -0.541124 46.6815
1 -0.745676 -1.196680 46.0467
1  0.469201 -0.461988 45.8426
3  6.269490 -1.630680 46.0501
3 -3.633470 -6.410750 47.3189
3 -2.943380 -6.590340 48.5160
3 -1.585060 -6.971970 48.5197
3 -0.919252 -7.214450 47.3196
3  0.443739 -7.338730 47.3052
3  1.173350 -7.445130 48.4636
3  2.562330 -7.512030 48.4601
3  3.204270 -7.257030 47.2940
3  4.565760 -6.968790 47.3168
3  5.220970 -6.768150 48.5035
3 -5.602960 -5.608970 48.5013
3 -6.703730 -4.755940 48.4752
3 -7.240770 -4.355980 47.2186
3 -4.965190 -5.959080 47.3001
3  6.542480 -5.120730 47.3124
3  6.288460 -5.852930 48.4977
3 -7.948970 -3.134220 47.1652
3 -8.324590 -2.558470 48.3756
3  6.555000 -3.746300 47.2967
3  6.443240 -3.037800 48.4778
3 -8.699900 -0.545501 47.1250
3 -8.710230 -1.224960 48.3479
3  5.999450 -1.725970 48.4103
3  5.990790 -0.974982 47.2214
3 -3.590990 -6.329160 49.7238
3 -2.922600 -6.600190 50.9367
3 -1.620570 -6.995450 50.9371
3 -0.924674 -7.172770 49.7260
3  0.455958 -7.426240 49.6857
3  1.147390 -7.701050 50.8543
3  2.559320 -7.768140 50.8340
3  3.251840 -7.525890 49.6529
3  4.557580 -7.152710 49.6464
3  5.115300 -6.867790 50.8422
3 -5.482590 -5.362120 50.9239
3 -6.629000 -4.578180 50.8880
3 -7.124710 -4.134790 49.6739
3 -4.909470 -5.780130 49.7079
3  6.017250 -5.824520 50.8635
3  6.486700 -5.203120 49.7030
3 -8.568310 -2.602350 50.8425
3 -8.150080 -3.181140 49.6072
3  6.440200 -3.782660 49.6698
3  6.020250 -3.111010 50.7767
3 -9.090570 -0.575893 49.5493
3 -9.081310 -1.286600 50.8073
2 -2.849800 -0.520128 50.5052
2 -1.520010 -1.030480 50.6353
2 -0.444532 -0.143531 50.7877
3  5.359480 -1.889270 50.7282
3  5.344560 -1.213500 49.5179
3 -3.583330 -6.384530 52.1509
3 -0.903841 -7.287440 52.1010
3  0.487563 -7.632290 52.0764
3  3.229340 -7.785410 52.0749
3  4.555290 -7.342270 52.0555
3 -7.134270 -4.112980 52.0736
3 -4.854700 -5.757360 52.1099
3  6.205700 -5.143450 52.0637
3 -8.117080 -3.135750 52.0769
2 -2.968440 -2.556340 51.6740
2 -1.577180 -2.284340 51.3575
2 -0.612159 -2.585080 52.3429
3  6.112140 -3.758380 52.0148
3 -9.189020 -0.586987 52.0136
2 -4.857630 -0.935749 51.7955
2 -3.757920 -1.474040 51.0960
2  0.460686 -1.625500 52.5570
2  0.523889 -0.437752 51.8180
3  5.266800 -1.206980 51.9593
3 -3.548370 -6.545450 54.5637
3 -2.956820 -6.771410 53.3301
3 -1.615980 -7.210000 53.3154
3  0.422946 -7.882950 54.5445
3 -0.962601 -7.556400 54.5090
3  1.129740 -7.919990 53.3094
3  2.551360 -8.026790 53.2937
3  3.211250 -7.825300 54.5126
3  5.109130 -6.922760 53.2721
3  4.469930 -7.289450 54.4781
3 -6.547220 -4.518570 53.3100
3 -5.358460 -5.335240 53.3292
3 -4.732220 -5.735290 54.5569
3  5.920610 -5.796390 53.2450
3  6.177850 -5.186410 54.4627
3 -8.439040 -2.525610 53.2802
3 -7.846980 -2.924310 54.5065
3 -6.981570 -4.015620 54.5075
2 -3.294690 -3.003320 52.9703
2 -4.385600 -2.404470 53.6858
2 -2.297980 -3.378320 53.9444
2 -0.955436 -3.146090 53.6392
2 -0.114226 -2.536580 54.6356
3  6.262770 -3.811130 54.3914
3  6.037440 -3.109690 53.2120
3 -8.965030 -1.235270 53.2386
3 -8.857110 -0.493478 54.4510
2 -5.727840 -0.373941 53.9221
2 -5.213910 -1.448150 53.0986
2  0.773259 -1.618120 53.9663
2 -4.080940 -2.419340 55.0790
3  1.421300  7.931960 53.2460
3  3.113940  6.766540 54.4591
3 -9.247900  0.806285 39.7016
1 -2.915360  1.230960 40.4481
1 -1.693700  1.928350 40.3546
1 -0.448739  1.234910 40.5311
3  6.021240  0.276292 40.0471
3 -8.936700  3.488680 39.6716
3  4.141170  4.090460 39.9218
3  4.800270  2.851450 39.9685
3 -8.001900  4.554960 39.6944
3 -5.805600  6.190990 39.7335
3 -4.612350  6.909110 39.7518
3 -2.134200  8.014700 39.8164
3  2.814570  6.597720 39.8201
3  1.858930  7.624780 39.7925
3 -0.774131  8.382060 39.8274
3 -9.240970  1.459710 40.9396
3 -9.167190  0.786582 42.1741
1 -3.984110  1.874550 41.1872
1 -4.679300  0.863002 41.9559
1  0.486944  2.141980 41.1583
1  1.390650  1.666010 42.1033
3  5.421740  0.167357 42.3839
3  5.503290  0.872746 41.1697
3 -9.115220  2.855610 40.8966
3 -8.850180  3.485220 42.0974
1 -3.776670  3.160590 41.7150
1 -1.511540  3.270940 40.8591
1 -2.553530  3.898630 41.5272
1 -0.174677  3.402590 41.3893
1  0.133672  4.184080 42.5235
3  5.173620  2.231430 41.1584
3  4.409200  4.269920 42.3086
3  4.947580  2.949220 42.3491
3 -7.467190  5.064780 40.9171
3 -8.015260  4.599640 42.1197
3 -6.322250  5.811190 40.9687
3  3.333510  6.068430 41.0234
3  4.038140  4.867200 41.0733
3 -5.778680  6.185510 42.2022
3 -4.014550  7.175170 41.0109
3 -4.643780  6.969680 42.2626
3 -2.683980  7.607080 41.0516
3 -2.072700  7.872010 42.2858
3 -0.718221  8.244130 42.2782
3 -0.049617  8.229250 41.0275
3  2.940640  6.591380 42.2545
3  1.285090  7.944100 41.0249
3  1.947310  7.603960 42.1823
3 -8.942370  0.805374 44.6264
3 -9.089330  1.443990 43.3766
1 -5.172580  1.193600 43.2334
1  1.862200  1.491170 44.3775
3  5.396880  0.219379 44.7779
3  5.182410  0.837677 43.5766
3 -9.049380  2.829160 43.3315
3 -8.825840  3.483440 44.6040
1 -4.934160  2.510230 43.7735
1 -4.277400  3.484620 43.0205
1 -3.318710  4.350330 43.6584
1  1.064930  3.678480 43.5111
1  1.681970  2.433970 43.2928
3  4.982700  2.233830 43.5777
3  4.675180  2.920240 44.7528
3 -8.092010  4.674940 44.6094
3 -7.579390  5.057990 43.3736
1 -2.248970  4.605400 42.7478
1 -0.947997  4.851320 43.2164
1 -0.675001  4.766980 44.6547
3  3.436480  6.149690 43.4545
3  4.386400  4.307990 44.7300
3  4.179530  4.968260 43.5197
3 -6.418580  5.832320 43.3922
3 -5.911640  6.310450 44.6257
3 -4.699340  7.011400 44.7186
3 -4.039190  7.245830 43.4840
3 -1.958670  7.860660 44.7134
3 -2.731420  7.712340 43.5212
3 -0.666622  8.368880 44.7019
3  0.010261  8.261700 43.4804
3  2.915060  6.677220 44.6384
3  1.371730  8.041140 43.3924
3  2.046020  7.754990 44.6061
3 -8.923570  1.477600 45.8519
1 -4.775300  1.008640 45.5430
1 -3.837000  0.550925 46.4913
1  0.667972  0.814295 46.3977
1  1.369350  1.836930 45.6475
3  5.246670  0.932112 45.9785
3 -8.910070  2.883810 45.8505
1 -4.677160  2.398870 45.1811
1 -3.760400  3.263060 45.7960
1 -3.074880  4.264130 45.0197
1 -1.737210  4.431690 45.5238
1 -2.844060  2.806640 46.8054
1 -1.591770  3.521560 46.6307
1  0.713259  3.110690 45.8836
1  0.580789  4.046490 44.8274
3  4.793670  2.234140 45.9745
3 -7.633780  5.139960 45.8518
3  3.892170  4.872510 45.9096
3 -6.411940  5.872950 45.8590
3 -3.990930  7.213910 45.8661
3 -4.561360  6.865800 47.0902
3 -2.635920  7.602340 45.9048
3  0.099189  8.471160 45.8673
3  1.494310  8.241450 45.8061
3  3.292040  6.156860 45.8735
3 -9.173300  1.475440 48.3043
3 -8.953670  0.817515 47.0919
1 -2.891160  1.450140 47.1717
1 -1.626560  0.752612 47.2768
1 -0.408085  1.446320 47.1236
3  5.515870  0.308643 47.2085
3  5.106520  0.897168 48.3657
3 -8.777250  3.511460 47.1027
3 -8.959490  2.856600 48.3167
1 -0.381231  2.852320 46.7938
3  4.471030  2.898500 47.1415
3  4.628420  2.233860 48.3397
3 -8.183550  4.735060 47.0860
3 -7.662600  5.276850 48.2887
3  3.981050  4.215170 47.1401
3  3.714410  4.844600 48.3689
3 -5.811190  6.233580 47.0755
3 -6.454250  5.981140 48.3032
3 -3.863770  7.114850 48.3143
3 -2.502510  7.498160 48.3213
3 -1.857930  7.688200 47.0877
3 -0.554072  8.336830 47.0907
3  0.185386  8.425440 48.3183
3  1.604080  8.329210 48.3356
3  2.993770  6.818710 47.0983
3  2.128290  7.917190 47.0635
3  3.329150  6.222900 48.3570
3 -9.162030  1.503400 50.7481
3 -9.185460  0.797106 49.5193
2 -3.079290  0.866509 50.5117
2 -1.986590  1.800070 50.6535
2 -0.685665  1.294540 50.8172
3  4.804400  0.804588 50.7476
3  4.960910  0.115361 49.5040
3 -8.819690  2.841870 50.7608
3 -8.643850  3.504940 49.5300
3  4.332890  2.862570 49.5455
3  4.435470  2.160850 50.7778
3 -8.090930  4.767240 49.5239
3 -7.500140  5.287820 50.7691
3  3.911620  4.176730 49.5558
3  3.883300  4.858870 50.7765
3 -6.415260  6.192370 50.7324
3 -5.856050  6.451900 49.5062
3 -4.572860  7.085550 49.5397
3 -3.975070  7.628970 50.6976
3 -2.617610  8.035670 50.7089
3 -1.894710  7.950590 49.5059
3 -0.506446  8.293170 49.5238
3  0.092776  8.450130 50.7866
3  1.474390  8.133610 50.8047
3  3.001440  6.816210 49.5857
3  2.122280  7.889350 49.5930
3  3.442530  6.189630 50.7726
3 -9.206850  0.799511 51.9681
2 -5.091400  0.495657 51.8422
2 -4.198540  1.385390 51.2439
2  0.936647  0.795812 52.4344
2  0.167562  1.865190 51.8352
3  4.919560  0.136999 51.9695
3 -8.526710  3.504080 51.9966
2 -3.824880  2.645460 51.8257
2 -4.369060  3.002240 53.0725
2 -2.448510  2.894000 51.4874
2 -1.616950  3.460840 52.4638
2 -0.295915  2.913150 52.6504
3  4.280770  2.827650 51.9983
3 -7.850930  4.718160 52.0028
3  4.049960  4.179700 52.0016
3 -5.889450  6.805920 51.9044
3 -4.667250  7.495810 51.8944
3 -1.971880  8.260140 51.9627
3 -0.592312  8.463920 52.0507
3  3.051450  6.740160 51.9924
3  2.050090  7.687940 52.0140
3 -8.895000  0.894480 54.4180
3 -9.057530  1.527070 53.1997
2 -5.645610  0.844073 53.1337
2  0.761545  1.891250 54.6235
2  1.230610  0.807034 53.8050
3  4.648420  0.782191 53.1718
3  4.890400  0.141948 54.3892
3 -8.729220  2.858030 53.2239
3 -8.310380  3.574530 54.4276
2 -5.216580  2.036260 53.7414
2 -3.496280  3.599970 54.0632
2 -1.125940  3.495770 54.7500
2 -2.140050  3.838390 53.7633
2  0.001782  2.922410 54.0562
3  4.142100  2.755590 54.3876
3  4.378050  2.151240 53.1944
3 -7.613670  4.778120 54.3952
3 -7.281010  5.279000 53.1329
3  3.767900  4.089440 54.4182
3  3.401560  6.122010 53.2382
3  3.778530  4.785900 53.2283
3 -5.984400  7.076640 54.3129
3 -6.454910  6.430490 53.1431
3 -4.738290  7.802250 54.2979
3 -4.025960  7.821680 53.1008
3 -2.650200  8.106450 53.1764
3 -2.006140  8.448310 54.3925
3 -0.589573  8.451100 54.4631
3  0.080231  8.338360 53.2678
3  2.087360  7.727500 54.4747
1  1.367030  0.264957 42.4354
1 -5.102500  0.243767 44.3265
1  1.670760  0.150364 43.8360
2 -4.879650  2.031280 55.1361