280

3  0.713025 -8.424430 -4.896960
3  2.122930 -8.484240 -4.904820
3 -2.972840 -6.565350 -4.961680
3 -1.799580 -7.404110 -4.915390
3  4.604930 -7.528120 -5.018380
3  5.648670 -6.565570 -5.062120
3 -4.812590 -4.586780 -4.981360
3  6.974310 -4.341720 -5.045440
3 -5.759530 -3.548480 -5.025700
3  7.312530 -2.981730 -5.056850
3 -7.061320 -1.164280 -4.980690
3  7.285510 -0.301755 -4.984600
3  0.102423 -8.197920 -3.555100
3  0.695316 -8.274360 -2.199390
3  2.114810 -8.394220 -2.240930
3  2.759470 -8.417340 -3.587410
3 -3.056140 -6.620110 -2.300060
3 -1.863620 -7.392170 -2.249990
3 -1.231340 -7.707460 -3.548160
3  4.061030 -7.868980 -3.645870
3  4.585760 -7.526970 -2.239830
3  5.622610 -6.559510 -2.305800
3 -4.341370 -5.009750 -3.665640
3 -4.727350 -4.531300 -2.342990
3 -3.464300 -6.163150 -3.658740
3  5.986890 -6.102110 -3.691430
3  6.755890 -4.895550 -3.658740
3  7.062730 -4.374440 -2.289880
3 -6.015560 -2.897820 -3.695890
3 -5.590030 -3.375950 -2.321660
3  7.386450 -2.954220 -2.340180
3  7.508820 -2.393120 -3.689520
3 -6.808550 -1.756310 -3.693140
3 -7.030130 -1.201320 -2.330660
2 -0.930628 -1.104570 -2.320140
2  0.503106 -0.809471 -2.383240
3  7.469600 -0.932280 -3.698080
3  7.352720 -0.306003 -2.343960
3  0.083402 -8.071170 -0.897330
3  2.757620 -8.298640 -0.900424
3 -3.476080 -6.170820 -0.973948
3 -1.256760 -7.642630 -0.921176
3  4.077000 -7.800820 -0.878550
3 -4.316070 -4.991970 -1.012670
3  5.916640 -5.957480 -0.943208
3  6.821000 -4.895700 -0.932164
3 -5.855400 -2.835820 -0.953324
2  0.050168 -2.081340 -0.431497
3  7.500260 -2.323290 -1.002860
3 -6.770860 -1.755260 -0.990412
2 -2.300250 -1.522550 -0.320936
2 -3.212670 -0.405298 -0.670333
2 -1.187270 -1.885930 -1.127620
2  1.097040 -1.512880 -1.242380
2  2.199280 -0.959188 -0.572001
3  7.569390 -0.921560 -1.008630
3  0.046042 -8.192080  1.718130
3  0.700250 -8.309960  0.381232
3  2.110690 -8.393500  0.397795
3  2.716750 -8.415610  1.791800
3 -3.078350 -6.698760  0.406529
3 -3.583920 -6.213850  1.782220
3 -1.871770 -7.451700  0.403754
3 -1.295640 -7.689410  1.742850
3  3.940940 -7.682080  1.819030
3  4.578370 -7.446780  0.459595
3  5.561920 -6.401330  0.421027
3 -4.753730 -4.559650  0.407673
3 -4.483910 -5.101340  1.763700
3  5.871110 -5.874120  1.746900
3  6.879790 -4.817980  1.738540
3  7.126890 -4.292930  0.359244
3 -5.874750 -2.844810  1.735380
3 -5.558350 -3.364680  0.341793
2  0.172711 -2.182700  0.937095
3  7.372120 -2.895840  0.365037
3  7.582500 -2.276680  1.701260
3 -6.734940 -1.720820  1.703860
3 -7.009020 -1.211550  0.355572
2 -2.244780 -1.562380  1.154710
2 -3.104360 -0.442129  1.619490
2 -1.021390 -1.913270  1.716770
2  1.265000 -1.482030  1.578770
2  2.312310 -0.905348  0.856990
3  7.601490 -0.824756  1.660370
3  7.505630 -0.212778  0.320184
3  0.608826 -8.368350  3.053980
3  2.003270 -8.425420  3.098880
3 -3.077910 -6.680070  3.050050
3 -1.880240 -7.383630  3.062420
3  4.477850 -7.378820  3.110540
3  5.513330 -6.343130  3.107430
3 -4.875990 -4.599770  3.094350
3  7.063650 -4.184780  3.052560
3 -5.660370 -3.439930  3.045160
3  7.359050 -2.812450  3.054130
3 -6.997550 -1.173390  3.028510
2 -1.380940 -0.017650  3.292120
2 -0.587890 -1.105360  2.883730
2  0.828621 -0.906850  2.788890
3  7.437620 -0.129548  3.006770
3 -0.043917 -8.258580  4.370770
3  0.549994 -8.363400  5.750840
3  1.961750 -8.434410  5.798800
3  2.569720 -8.227820  4.471080
3 -3.166450 -6.766170  5.724530
3 -3.708640 -6.324780  4.381510
3 -1.936580 -7.491830  5.672950
3 -1.310500 -7.651810  4.419650
3  3.860380 -7.624420  4.480100
3  4.261120 -7.154090  5.828530
3  5.366190 -6.231420  5.820640
3 -4.529710 -5.169150  4.358830
3 -4.853810 -4.631460  5.666200
3  5.809530 -5.800900  4.440270
3  6.696040 -4.695920  4.426950
3  6.982950 -4.098290  5.763960
3 -6.028740 -2.962750  4.370120
3 -5.725720 -3.536200  5.702710
3  7.427070 -2.731800  5.695550
3  7.438020 -2.169380  4.365420
3 -6.754230 -1.743740  4.409260
3 -7.106960 -1.251420  5.736750
3  7.543510 -0.714848  4.336230
3  7.703420 -0.031607  5.619610
3 -7.411230  0.184840 -4.965700
1 -2.461890  1.535030 -6.081320
1 -1.553040  0.396215 -6.096530
1 -0.181028  0.618781 -6.170920
3  7.237290  1.141370 -5.027370
3 -7.494080  2.933970 -5.029370
1 -0.492196  3.038200 -6.187360
3  6.159070  3.674150 -5.025950
3 -7.085010  4.299990 -4.983740
3  5.343290  4.830050 -4.996230
3 -5.426160  6.395160 -4.960760
3 -4.242120  7.182180 -4.937180
3 -1.726780  8.196810 -4.930240
3 -0.344318  8.322340 -4.990790
3  2.300550  7.539840 -4.968850
3  3.558810  6.820540 -4.936930
3 -7.539260  0.830427 -3.646300
3 -7.454700  0.160045 -2.348630
2 -1.181590  1.243290 -3.034760
2 -1.731790  0.003122 -2.595610
2  0.206996  1.454430 -3.171310
2  1.135220  0.408501 -2.792370
2  2.317490  0.979568 -2.204840
3  7.189150  1.143060 -2.319830
3  7.056340  1.740890 -3.678760
3 -7.585100  2.243730 -3.639150
3 -7.483520  2.849380 -2.328180
2 -2.012690  2.280370 -2.595430
2 -1.415700  3.550780 -2.216880
2 -0.017611  3.766210 -2.293200
2  0.787637  2.702850 -2.728610
2  2.024690  2.396990 -2.109460
3  6.212590  3.687530 -2.308170
3  6.574520  3.071300 -3.684280
3 -7.134770  4.217250 -2.328600
3 -6.845600  4.857250 -3.650190
3 -5.849120  5.907360 -3.637220
3  5.062060  5.395580 -3.623010
3  5.447160  4.917040 -2.355720
3 -5.321710  6.284490 -2.305770
3 -4.133530  7.015770 -2.272380
3 -3.660850  7.441530 -3.605680
3 -2.356770  7.994090 -3.576460
3 -1.675680  8.263390 -2.272670
3 -0.209456  8.257520 -2.331010
3  1.725110  7.842920 -3.689870
3  0.339101  8.247360 -3.641190
3  4.062810  6.417960 -3.649590
3  2.400470  7.643510 -2.296410
3  3.635440  6.930580 -2.262400
3 -7.640750  0.782503 -1.015010
2 -2.930040  0.323460 -1.865070
2 -3.154240  1.780190 -1.844860
2  2.771320  0.315397 -1.043380
3  7.034100  1.774150 -0.975919
3 -7.668580  2.209100 -0.974896
2 -3.654640  2.431130 -0.699054
2 -3.008850  3.688660 -0.249700
2  2.475160  3.126110 -1.000450
3  6.472150  3.082900 -1.008030
3 -6.841830  4.865340 -0.978406
3 -5.902150  5.947790 -0.990271
2 -1.924060  4.217060 -1.017750
2 -0.774277  4.739440 -0.315381
2  0.411604  4.451220 -1.079780
2  1.606180  4.172220 -0.453100
3  5.038090  5.404620 -1.013580
3 -3.552110  7.258790 -0.939718
3 -2.214550  7.889760 -0.928574
3  1.793520  7.867820 -0.958308
3  0.435907  8.225890 -0.929880
3  4.131290  6.505090 -0.950087
3 -7.682090  0.734659  1.681490
3 -7.483690  0.120995  0.346770
2 -3.886680  1.653100  0.507895
2 -3.656640  0.227219  0.517504
2  3.308170  1.061720  0.099782
2  2.993900  0.309354  1.271110
3  7.369520  1.221120  0.301644
3  7.205570  1.869480  1.624590
3 -7.674640  2.173240  1.703130
3 -7.603370  2.878730  0.335853
2 -2.861980  3.623390  1.167440
2 -3.466850  2.400290  1.675310
2  3.077930  2.467700  0.172511
2  2.597420  3.133570  1.375060
3  6.296430  3.714410  0.294001
3  6.605800  3.176790  1.613380
3 -7.157620  4.265500  0.376675
3 -6.740760  4.750440  1.708920
3 -5.827740  5.850000  1.709160
3 -5.423090  6.331710  0.359618
2 -0.749350  4.793990  1.099170
2 -1.784430  4.153150  1.872530
2  0.517512  4.498850  1.710900
2  1.699480  4.169260  0.981302
3  5.493300  4.878300  0.333422
3  5.197670  5.415180  1.655900
3 -4.164180  6.992990  0.348444
3 -3.527200  7.205900  1.702190
3 -2.194560  7.746890  1.702400
3 -1.617800  8.051170  0.391197
3 -0.208457  8.261820  0.370551
3  1.812360  7.720380  1.692700
3  2.370490  7.597620  0.358779
3  3.652090  6.844390  0.372293
3  4.213620  6.439750  1.665370
3  0.446973  8.093940  1.700540
3 -7.669160  0.094318  3.062190
2 -2.825400  1.680240  2.747670
2 -2.664280  0.231099  2.712340
2 -0.801605  1.214160  3.811650
2  0.603090  1.357460  3.632970
2  1.424960  0.330689  3.163650
2  2.558490  0.925536  2.480740
3  7.368820  1.277400  2.970880
3 -7.585000  2.806410  3.011730
2 -1.618370  2.305310  3.383280
2 -1.153260  3.551950  3.015440
2  0.271849  3.719700  2.914850
2  1.127370  2.676820  3.300120
2  2.329240  2.365740  2.528010
3  6.466890  3.862380  2.971840
3 -7.081100  4.148320  3.047070
3 -5.345140  6.172570  3.017050
3  5.625490  4.955910  2.957490
3 -4.081840  6.798400  3.048620
3 -1.639570  8.028480  3.037160
3 -0.188830  8.212940  3.023780
3  2.371400  7.448740  2.970490
3  3.616090  6.775090  3.014010
3 -7.794800  0.716393  4.405660
3 -7.635550  0.064250  5.741820
3  7.411560  1.392010  5.660260
3  7.339670  1.995830  4.293370
3 -7.750360  2.138710  4.394570
3 -7.556510  2.728560  5.679800
3 -6.943410  4.026270  5.646820
3  6.550850  3.909770  5.685660
3  6.798680  3.288010  4.296960
3 -6.633580  4.600190  4.323810
3 -5.748600  5.669420  4.341580
3  5.224540  5.505050  4.330230
3  5.676370  5.030260  5.656240
3 -5.260050  6.110180  5.638470
3 -4.088860  6.964690  5.632920
3 -3.496710  7.162960  4.351710
3 -2.222710  7.758170  4.338500
3 -1.594450  7.988870  5.658930
3 -0.153395  8.208510  5.666140
3  1.822220  7.842180  4.295610
3  0.484700  8.238950  4.306330
3  2.501480  7.691360  5.634450
3  3.750370  6.970890  5.642670
3  4.183170  6.548860  4.315940