312

3 -4.772500 -6.936690  98.7446
3 -3.451700 -7.542370  98.7560
3 -0.922847 -7.903120  98.7105
3  0.523399 -7.636880  98.7291
3  2.909250 -6.478790  98.7550
3 -6.690080 -5.083980  98.8121
3  3.967430 -5.561310  98.7764
3 -7.461710 -3.879840  98.7964
3  5.801150 -3.582430  98.7200
3  6.575240 -2.324470  98.7742
3 -8.087950 -1.361110  98.7807
3 -5.310660 -6.592900 100.3080
3 -2.865790 -7.678430 100.3070
3 -1.490590 -7.937000 100.2940
3  1.074980 -7.384850 100.3650
3  2.397030 -6.743690 100.3140
3 -6.280480 -5.436060 100.3590
3  4.375050 -5.017050 100.3260
3 -7.594380 -3.282690 100.3900
3  5.377120 -3.979410 100.2970
3 -8.029600 -1.904870 100.3980
1 -1.746840 -1.215590 101.6570
1 -1.197930 -1.177510 100.4020
1  0.115631 -1.668210 100.1600
1  0.822663 -2.272810 101.2270
1  2.209620 -2.103750 101.3640
1  2.919890 -1.225060 100.5370
3  6.820430 -1.821570 100.3120
3  7.511300 -0.569720 100.2880
3 -4.842950 -6.945660 101.9030
3 -5.188770 -6.507620 103.4820
3 -3.491530 -7.570590 101.8950
3 -2.960180 -7.769330 103.4830
3 -0.834693 -7.838840 101.8860
3 -1.493780 -7.824970 103.4700
3  0.573337 -7.537980 101.8620
3  1.099930 -7.416450 103.4610
3  2.871390 -6.424830 101.9250
3 -6.676080 -5.047300 101.9110
3  4.002590 -5.479850 101.9300
3 -7.345100 -3.830100 101.9550
1  0.184726 -2.459420 102.4800
1  1.228060 -2.394970 103.5080
3  5.877910 -3.599100 101.8970
3  5.590090 -4.061510 103.4730
3  6.607770 -2.322520 101.9030
3 -8.087490 -1.341940 101.9940
1 -1.122430 -1.966970 102.6800
1 -1.406510 -1.241270 103.9360
1 -2.289680 -0.152089 103.6480
1 -2.538780 -0.120052 102.2430
1  2.518720 -2.104290 102.7840
1  3.398330 -1.195840 103.3620
1  4.165610 -0.284682 102.4990
3  6.998010 -1.793610 103.4850
3  7.586530 -0.491914 103.4360
3 -4.862320 -6.939100 105.0880
3 -3.544930 -7.627300 105.0330
3 -0.898491 -7.884410 105.0280
3  0.560478 -7.609340 105.0560
3  2.338290 -6.654350 103.5010
3  2.899610 -6.394190 105.0440
3 -6.265690 -5.482100 103.4910
3 -6.633830 -5.060360 105.0930
3  4.509170 -5.095360 103.5160
3  4.100570 -5.513560 105.0300
3 -7.626160 -3.313880 103.5470
3 -7.403420 -3.888050 105.1010
1  0.954566 -1.676990 104.7440
3  5.984370 -3.611370 105.0650
3  6.737540 -2.329200 105.0250
3 -8.020230 -1.907460 103.5470
3 -8.055880 -1.286420 105.0580
1 -0.410346 -1.118090 104.9430
1 -0.179339  0.194241 105.5660
1  1.884050 -0.734704 105.2250
1  3.101680 -0.499371 104.5830
3  7.657180  0.082891 105.0490
3 -5.250090 -6.564280 106.5690
3 -2.917540 -7.818780 106.6180
3 -1.426990 -7.981700 106.6010
3  1.136180 -7.340090 106.6350
3  2.425750 -6.651770 106.6400
3 -6.285020 -5.555390 106.6280
3  4.560250 -4.982220 106.5620
3 -7.724940 -3.258590 106.6590
3  5.546150 -3.915170 106.5960
3 -8.031510 -1.882020 106.6670
1  1.180660  0.395324 105.7900
3  7.060070 -1.843030 106.5960
3  7.613950 -0.466351 106.5690
3 -4.798320 -6.946550 108.1160
3 -3.470500 -7.561700 108.1690
3 -0.870699 -7.787890 108.1560
3  0.569770 -7.520600 108.2070
3  2.900820 -6.312100 108.1550
3 -6.629890 -5.081800 108.1870
3  4.133580 -5.528580 108.1260
3 -7.378770 -3.837920 108.2130
2 -1.821110 -3.250250 109.3840
2 -0.473634 -2.761390 109.1210
3  5.915240 -3.552120 108.1540
3  6.774730 -2.361130 108.1660
3 -8.090240 -1.318480 108.2170
2 -2.607490 -0.982325 108.8860
2 -2.878660 -2.336560 109.2740
2 -1.283640 -0.504108 108.5570
2 -0.231766 -1.412440 108.7750
2  0.991438 -0.705557 109.2860
3  7.767360  0.082021 108.1240
3 -5.236780 -6.674650 109.7470
3 -4.746360 -6.968810 111.3370
3 -2.893180 -7.836910 109.7530
3 -3.459240 -7.704880 111.3160
3 -1.396620 -7.858200 109.7730
3 -0.847854 -7.780610 111.2850
3  1.070130 -7.246990 109.7070
3  0.568876 -7.511380 111.2810
3  2.380050 -6.607760 109.6800
3  2.913660 -6.297880 111.2840
3 -6.231430 -5.540700 109.7650
3 -6.613500 -5.132230 111.3550
2 -0.380253 -4.128540 111.0320
3  4.043260 -5.411980 111.2830
3  4.605550 -5.147120 109.7150
3 -7.614850 -3.310210 109.8370
3 -7.414300 -3.898070 111.3740
2 -2.804700 -4.194610 111.5050
2 -3.914280 -3.272600 111.3240
2 -1.738350 -4.105020 110.5870
2  0.392589 -3.253260 110.1980
2  1.558080 -2.646570 110.6690
3  5.601180 -4.096810 109.7470
3  5.984070 -3.624120 111.2560
3  6.741410 -2.384180 111.2780
3 -7.989390 -1.880640 109.8210
3 -8.107340 -1.296150 111.4450
2 -4.468170 -1.027760 110.3490
2 -3.954330 -2.364270 110.2560
2  1.806510 -1.256340 110.3150
2  2.124800 -0.503793 111.4850
3  7.134850 -1.902940 109.7540
3  7.489720 -0.461104 109.7210
3  7.742090  0.022603 111.3280
2 -0.064597 -4.238670 112.4370
2 -4.298090 -2.814640 112.6420
2  1.751120 -2.725010 112.1120
2 -4.749980 -1.477210 112.7950
2 -4.730460 -0.580147 111.6880
2  2.195630 -1.433490 112.6190
3 -7.810780  0.083859  98.7927
1  0.848746 -0.732455  99.3227
1  0.027022  0.385603  99.1333
1  2.233260 -0.527670  99.4761
3  7.853260  1.498790  98.7586
3  7.614220  0.082102  98.7653
3 -6.742200  2.429390  98.8227
3 -5.891580  3.624360  98.8123
1  0.529642  1.670770  98.9662
3  7.257680  3.994530  98.7351
3 -4.085080  5.582830  98.7866
3  6.476560  5.223570  98.8088
3 -3.001480  6.530230  98.7725
3 -0.692942  7.799630  98.8309
3  0.774725  7.896530  98.8263
3  3.373050  7.857860  98.8196
3  4.605850  7.106920  98.7506
3 -7.704980  0.659034 100.4010
3 -7.002690  1.956090 100.3170
1 -1.254530  0.108317  99.7373
1 -2.011160  1.208060 100.3160
1  2.761890  0.816043  99.4227
1  3.947230 -0.324115 101.1220
1  3.813800  0.956283 100.4340
3  7.899770  2.097920 100.2870
1 -1.435870  2.526810 100.2160
1 -0.216749  2.772240  99.5436
1  1.921550  1.923290  99.0931
1  2.065290  3.227120  99.7495
3  7.479970  3.478440 100.3480
3 -5.438160  4.077760 100.3560
3 -4.452290  5.146940 100.3510
1  0.695946  3.714410 100.0780
3  6.235360  5.839420 100.3420
3 -2.550370  6.913550 100.3790
3 -1.229210  7.547640 100.4150
3  1.284990  7.885560 100.3920
3  2.756910  8.029180 100.4000
3  5.136200  6.806440 100.3390
3 -7.857440  0.110899 101.9880
1 -2.722670  1.093120 101.5440
1  4.244260  0.977898 103.1690
3  7.776810  1.510220 101.8840
3  7.745320  0.030446 101.8560
3 -6.800280  2.506950 101.9180
3 -5.838310  3.591180 101.9190
1 -2.527600  2.334440 102.2630
1 -1.737250  3.205320 101.4030
1 -0.801709  4.143240 101.9210
1  2.980380  3.261260 100.8220
1  2.745630  3.988960 102.0200
1  3.858810  2.214350 101.0860
1  4.152740  2.194980 102.4870
3  7.200380  3.980550 101.9310
3 -4.121460  5.611540 101.9510
1  0.426523  4.432050 101.2480
1  1.498290  4.596560 102.2560
3  6.584050  5.324850 101.9250
3 -3.028110  6.653930 101.9590
3 -0.717571  7.825820 102.0250
3  0.741460  7.985220 102.0220
3  3.360470  7.733750 101.9330
3  4.643110  7.077260 101.9250
3 -7.708960  0.696350 103.4910
3 -7.238410  2.054490 103.4940
3 -7.853670  0.174056 105.0470
1 -2.211440  2.336070 103.6590
1 -2.123110  1.093290 104.3670
1 -1.087260  1.219540 105.3940
1  3.651670  0.838671 104.4750
1  3.047760  1.995410 105.0640
3  7.822390  2.091390 103.4960
3  7.883590  1.514330 105.0300
3 -6.837210  2.514790 105.0980
3 -5.529990  4.103110 103.5170
3 -5.905470  3.626380 105.1080
1 -1.166980  3.231990 104.1900
1 -0.566623  4.184490 103.3770
1  0.862075  4.457770 103.5640
1  1.560090  3.744910 104.5540
1  3.519400  3.373880 103.0970
1  2.886040  3.258330 104.3180
3  7.425390  3.535760 103.4610
3  7.306270  4.094130 105.0810
3 -4.495370  5.169850 103.5590
3 -4.161930  5.599390 105.1010
3  6.303530  5.839240 103.5380
3  6.614620  5.341280 105.0910
3 -2.626650  7.039930 103.5400
3 -3.110940  6.646660 105.0990
3 -1.281830  7.721730 103.5040
3 -0.673397  7.889420 105.0900
3  1.342680  7.901660 103.4590
3  0.808965  7.961140 105.0750
3  2.817980  7.848520 103.5180
3  3.338760  7.644600 105.0560
3  5.197480  6.796400 103.4860
3  4.714770  7.230350 105.0750
3 -7.749770  0.645657 106.6550
3 -7.179450  2.006280 106.6650
1 -0.524107  2.578070 105.2440
1  0.871811  2.851120 105.4490
1  1.729070  1.707170 105.7380
3  7.903760  2.127090 106.6270
3 -5.616520  4.164020 106.6990
3  7.482930  3.512470 106.6730
3 -4.596330  5.167760 106.6900
3  6.290980  5.925880 106.6820
3 -2.597390  6.970160 106.6710
3 -1.230660  7.545070 106.6670
3  1.380600  7.960190 106.6770
3  2.806350  7.838550 106.6580
3  5.232670  6.953480 106.6380
3 -7.989400  0.100255 108.2500
2 -0.921506  0.778263 109.0680
3  7.877180  1.519860 108.1170
3 -6.938080  2.507570 108.2810
3 -5.921040  3.612010 108.2670
3  7.229160  4.057430 108.1860
3 -4.182720  5.599710 108.2280
3  6.599450  5.401320 108.2010
3 -3.143860  6.623460 108.2020
3 -0.629109  7.565190 108.2080
3  0.808725  7.878200 108.1900
3  3.406280  7.733120 108.2570
3  4.761880  7.187210 108.2300
3 -7.804380  0.675002 109.8390
3 -7.194590  1.989800 109.8380
3 -8.053010  0.158227 111.4310
2 -3.571910 -0.186716 109.5560
2 -3.241470  1.091530 109.9900
2 -3.638220  1.611110 111.2780
2 -1.886910  1.571130 109.7360
2  0.484963  0.695297 109.5010
2  0.838320  1.398810 110.6170
3  7.826990  2.057190 109.7300
3  7.881910  1.478470 111.3210
3 -6.961920  2.609160 111.3990
3 -6.041530  3.730750 111.3430
3 -5.566320  4.147090 109.7990
2 -1.409480  2.329440 110.8700
3  7.363050  3.489430 109.8030
3  7.144730  3.985000 111.3360
3 -4.544440  5.186290 109.8410
3 -4.215650  5.653760 111.3980
3  6.329040  5.866780 109.7870
3  6.597390  5.332260 111.3350
3 -2.580580  6.825090 109.7930
3 -3.095470  6.536310 111.4010
3 -1.249780  7.512880 109.7640
3 -0.686190  7.532900 111.3870
3  1.261200  7.911120 109.8300
3  0.723066  7.931860 111.4540
3  2.752430  7.901560 109.8460
3  3.311550  7.812360 111.4310
3  5.240520  6.867020 109.8370
3  4.620710  7.151440 111.4010
2 -4.365100  0.730550 112.1170
2 -0.096815  2.190560 111.3450
2  0.274504  2.123900 112.7260
2  1.757390  0.823574 111.6180
2 -2.484240  2.338850 111.8420