97

2 -0.755722 -0.113550 132.973
2 -1.534700 -1.304820 133.176
3 -3.803890 -6.393130 118.302
2 -1.147700 -3.082710 117.959
2 -2.388860 -2.425580 117.854
2 -0.104340 -2.482170 118.757
2  1.168460 -2.818410 118.155
2 -3.293550 -0.292053 117.590
2 -2.563110 -1.140670 118.507
2  2.192310 -1.850690 118.167
2  1.985290 -0.579417 118.819
3 -6.601800 -6.229510 120.402
3 -4.580650 -5.961940 119.347
3 -5.268630 -5.800060 120.430
2 -1.539440 -0.571436 119.261
2 -0.276135 -1.254150 119.421
2  0.772846 -0.267881 119.468
3 -4.947790 -5.099840 121.594
3 -4.462300 -4.054580 122.254
1 -2.322140 -2.510060 124.646
1 -0.951613 -2.639940 124.209
1 -3.854780 -0.582923 124.592
1 -1.894370 -0.823468 123.051
1 -2.914420 -1.398770 123.924
1 -0.676042 -1.603000 123.235
1  0.535960 -0.924573 123.251
1  1.516770 -1.292990 124.223
1  2.223900 -0.092769 124.631
1 -2.687100 -2.805910 125.970
1 -1.679060 -3.196320 126.929
1  0.026709 -3.035330 125.137
1 -0.347809 -3.273810 126.509
1  1.308370 -2.333320 125.133
1  1.731040 -2.173740 126.508
1 -4.237040 -0.838680 125.969
1 -3.645690 -1.940610 126.622
1  2.366720 -0.983474 126.907
2 -2.937760 -0.952209 133.164
1 -1.997140 -2.531250 128.171
1  0.707658 -2.749740 127.339
1  0.390356 -2.117400 128.548
1 -3.205560 -1.763640 127.985
1 -3.387040 -0.536687 128.673
1 -0.982361 -2.035860 128.993
1  1.069190 -0.931752 128.985
1  2.040390 -0.363082 128.173
1 -1.152640 -0.777262 129.677
1 -2.331240 -0.035768 129.539
1  0.118895 -0.085896 129.660
1  2.630380  0.063199 125.961
2 -1.962360  1.663700 118.316
2  0.807744  2.038910 118.559
2  2.664760  0.440923 118.051
2  2.048550  1.694490 117.880
2  0.051794  2.933780 117.693
3 -6.840360  6.724340 117.660
3 -5.609060  6.951200 117.979
3 -4.260140  7.130140 117.948
3 -2.900000  7.247650 118.035
3 -1.574510  7.809520 118.412
3 -0.185597  8.206670 118.428
2 -1.268900  0.848545 119.203
2  0.158445  1.037570 119.314
3  1.153790  8.346140 118.629
3  2.348280  8.894900 118.866
1 -1.827560  0.579764 122.885
1 -0.555809  1.268260 122.868
1 -3.708040  0.842413 124.462
1 -2.735510  1.420570 123.643
1  0.598083  0.505184 123.073
1  1.631780  1.022040 123.948
1 -2.039930  2.613460 124.053
1  0.320242  3.034870 124.436
1 -0.677105  2.515730 123.598
1  1.512080  2.251860 124.610
1 -4.339460  0.425551 126.658
1 -4.008000  1.461200 125.723
1  2.511550  1.333720 126.650
1 -3.372410  2.635630 126.103
1 -2.351550  3.238560 125.264
1 -1.323110  3.775690 126.125
1  0.020294  3.705840 125.699
1  1.025570  3.295470 126.667
1  1.959000  2.429960 125.984
1 -3.954840  0.591728 127.992
1 -3.236080  1.782770 128.384
1  1.241860  1.898240 128.685
1  2.125280  1.067100 128.012
1 -2.965030  2.813880 127.477
1 -1.688620  3.506170 127.495
1 -0.707897  3.162150 128.440
1  0.669095  3.041760 128.005
1 -2.236410  1.413440 129.362
1 -0.988004  2.080170 129.374
1  0.220477  1.301470 129.515
2 -1.672220  0.989081 132.808
2 -3.023670  0.472690 132.920