316

1 -0.382808 -1.690240 41.1975
1 -1.325770 -0.689132 41.0312
1  3.188850 -1.433010 41.1120
3 -4.682290 -6.820900 42.0636
3 -3.387000 -7.366270 42.0513
3 -0.821206 -7.544840 42.0810
3  0.666560 -7.406580 42.1105
3  3.040790 -6.412730 42.0935
3 -6.686050 -5.133280 42.0741
3  4.274660 -5.601710 42.1281
3 -7.469250 -3.890560 42.0804
1 -0.019840 -1.978490 42.5692
1  1.934550 -2.022520 41.2549
1  1.435180 -2.240040 42.5945
3  6.234380 -3.896690 42.0522
3  7.090110 -2.725760 42.0441
3 -8.103640 -1.306450 42.1023
3 -7.940150  0.146461 42.0807
1 -1.887480 -0.040389 42.1642
1  3.918570 -1.077780 42.2410
1  4.634910  0.171301 41.9773
3  8.140270 -0.250030 42.0540
3 -5.246110 -6.605430 43.6104
3 -2.778010 -7.497230 43.6192
3 -1.389030 -7.606230 43.6071
3  1.248260 -7.295330 43.6942
3  2.519640 -6.630610 43.6746
3 -6.260960 -5.564410 43.6419
3  4.718620 -5.255550 43.6327
3 -7.744220 -3.259970 43.6750
1  2.141710 -1.893580 43.7555
3  5.805240 -4.229140 43.6714
3 -8.072370 -1.894800 43.7015
1 -1.666320 -0.431397 43.4513
1 -0.636185 -1.423580 43.7502
1  0.150221 -0.973174 44.9042
1  1.537130 -1.257130 44.8652
1  3.475120 -1.289680 43.5896
1  3.663830 -0.262494 44.5577
3  7.281830 -2.157480 43.6520
3  7.855990 -0.827313 43.6253
3 -4.747800 -6.876030 45.2156
3 -5.374270 -6.694780 46.7798
3 -3.381150 -7.362840 45.2196
3 -2.808500 -7.579920 46.7977
3 -0.811519 -7.623240 45.2105
3 -1.364640 -7.781220 46.8148
3  0.637090 -7.448390 45.2035
3  1.234550 -7.340150 46.7521
3  2.989000 -6.286230 45.1955
3  2.520250 -6.713550 46.7897
3 -6.648030 -5.084060 45.2253
3 -6.375670 -5.651630 46.7821
3  4.237700 -5.520360 45.2243
3  4.774950 -5.207250 46.8132
3 -7.492320 -3.914790 45.2179
3 -7.629170 -3.396000 46.8250
3 -7.844890 -1.943990 46.8611
3  5.829670 -4.237260 46.8741
3  6.225810 -3.831520 45.2820
3  7.062140 -2.634380 45.1933
3 -8.037740 -1.365250 45.2915
3 -7.875020  0.085950 45.2656
1 -0.358263  0.252529 45.3396
1  2.426750 -0.192284 45.3588
3  7.335620 -2.066880 46.7945
3  7.905280 -0.754383 46.7600
3 -4.767590 -6.801920 48.3700
3 -3.397670 -7.339970 48.3772
3 -0.747804 -7.846770 48.3685
3  0.673734 -7.526740 48.3361
3  3.088560 -6.463350 48.3623
3 -6.719620 -5.153540 48.3497
3  4.215220 -5.558310 48.3686
3 -7.487000 -3.918650 48.3265
2 -2.135650 -2.336610 48.9914
2  0.300956 -2.289120 49.2033
3  6.192330 -3.714520 48.4198
3  7.055410 -2.559410 48.3734
3 -7.845130 -1.352340 48.4071
3 -7.838500  0.081025 48.4116
2 -0.899320 -1.737450 48.6480
2 -0.799601 -0.316727 48.6742
2  0.487788  0.091584 49.1537
3 -5.190110 -6.451010 49.9450
3 -2.813980 -7.544370 49.8746
3 -1.363230 -7.734860 49.9315
3  1.241080 -7.245520 49.8708
3  2.515700 -6.671360 49.9121
3 -6.325160 -5.542900 49.9224
3  4.646670 -5.202780 49.9940
3 -7.581610 -3.338690 49.9489
2 -2.277450 -3.525980 49.8415
2 -3.367640 -3.273280 50.7563
2 -1.102880 -4.088190 50.4043
2  0.156022 -3.472260 50.0331
2  1.044250 -3.450130 51.2068
3  5.675620 -4.043270 49.9405
3 -7.852660 -1.929360 49.8810
2 -4.011480 -2.093070 50.3365
2 -3.265930 -1.515230 49.2747
2 -3.142870 -0.123705 49.1922
2  1.209860 -1.141740 49.5074
2  2.038010 -1.152820 50.6306
3  7.322000 -1.998760 49.9686
3  7.930590 -0.669537 49.8869
3 -4.686230 -6.662130 51.4558
3 -5.272080 -6.473270 53.0754
3 -3.387150 -7.308410 51.4735
3 -2.828720 -7.474070 53.0230
3 -0.832496 -7.820000 51.4929
3 -1.412520 -7.755280 53.0328
3  0.603027 -7.387360 51.4527
3  1.150950 -7.245110 53.0617
3  2.995750 -6.381370 51.5191
3  2.455490 -6.604830 53.0587
3 -6.685180 -5.091870 51.5383
3 -6.275760 -5.521430 53.1167
2 -2.129870 -4.234370 52.6293
2 -1.014530 -4.417340 51.8516
2  0.314393 -4.014570 52.2958
3  4.136930 -5.443730 51.5077
3  4.613970 -5.123830 53.0638
3 -7.400970 -3.860620 51.5136
3 -7.539290 -3.314290 53.0636
2 -3.939930 -2.857780 53.1301
2 -3.318490 -3.687790 52.1004
2  1.925990 -2.282630 51.4990
2  2.075010 -1.830590 52.8982
3  5.628360 -4.066130 53.0489
3  6.041060 -3.645850 51.4442
3  6.885080 -2.467850 51.5055
3 -7.850020 -1.829760 53.0954
3 -7.982840 -1.368450 51.4834
3 -7.826360  0.111949 51.5226
2 -4.607400 -1.316170 51.3509
2 -4.597180 -1.729590 52.7404
2  2.226230 -0.021506 51.4733
2  2.292350 -0.424371 52.8521
3  7.718140 -0.623461 53.0276
3  7.147170 -1.922630 53.0582
3  8.058080 -0.143079 51.5050
3 -4.710500 -6.782630 54.6620
3 -3.373200 -7.342910 54.6076
3 -0.874532 -7.748110 54.6522
3  0.517709 -7.337910 54.6372
3  3.035800 -6.572910 54.6372
3 -6.600390 -5.006790 54.6524
3  4.156560 -5.622600 54.6295
3 -7.358430 -3.757580 54.6652
2 -1.952820 -3.811180 53.9897
2 -3.124720 -2.939120 54.3228
2 -0.690360 -3.435110 54.4491
2  0.456014 -3.555910 53.5964
2  1.374970 -2.526740 53.9291
3  5.963380 -3.617500 54.6653
3  6.763720 -2.401150 54.5985
3 -7.961070 -1.238890 54.6849
3 -7.905750  0.210156 54.6578
2 -4.358240 -0.577305 53.5340
2 -3.582850 -0.577426 54.7051
2  1.719490  0.377008 53.8504
2  0.892758 -0.283797 54.8546
2  0.715407 -1.687440 54.9221
1 -2.175180  1.291850 41.8664
1 -2.074950  2.304540 42.8773
1  4.775270  1.129310 42.9560
3  8.198350  1.221030 42.0562
3 -6.740520  2.436350 42.1180
3 -5.837050  3.580620 42.1017
1 -0.951601  3.721960 41.2656
1 -1.449780  3.553970 42.5792
1  0.319784  4.321770 41.1120
1  3.187400  3.844930 41.1198
1  4.162050  2.841390 41.3363
1  4.608530  2.509040 42.5983
3  7.418290  3.746620 41.9610
3 -4.115240  5.530130 42.0710
3 -2.920460  6.339620 42.0536
1  1.079580  4.728680 42.1557
1  2.505520  4.436450 42.1702
3  6.692330  5.057940 41.9552
3 -0.577836  7.708340 42.0209
3  0.928494  7.934010 42.0367
3  3.580350  7.605590 42.0006
3  4.914130  6.950510 42.0182
3 -7.724310  0.688120 43.6995
3 -7.041170  1.948410 43.6626
1 -1.749370  1.915470 44.2402
1 -1.533400  0.562124 44.5397
1  3.767170  2.197890 44.8692
1  4.379570  0.936142 44.3692
3 -5.422620  4.096350 43.6602
1 -0.872246  2.925530 44.7429
1 -0.652502  3.933670 43.7012
1  1.730140  4.088890 44.3296
1  3.926310  3.176300 43.7860
1  2.931170  4.132240 43.5288
3  7.980900  1.848050 43.5250
3  7.665320  3.282260 43.5730
3 -4.418730  5.122800 43.7018
1  0.613706  4.430420 43.4737
3  6.460270  5.523690 43.5740
3 -2.459700  6.768980 43.6547
3 -1.067930  7.347070 43.6237
3  1.539020  7.818430 43.6201
3  2.981730  7.732970 43.6071
3  5.389130  6.551700 43.6355
3 -7.664810  0.668195 46.8442
3 -6.995520  1.951770 46.8221
1  0.220777  2.565910 45.5583
1  0.451319  1.211230 45.9102
1  1.843650  0.911521 45.8453
1  2.539930  2.161400 45.5938
3  8.107060  1.297680 45.1091
3  8.140420  1.904430 46.7120
3  7.989780 -0.193370 45.1749
3 -6.657430  2.442680 45.2465
3 -5.839660  3.634250 45.2087
3 -5.455490  4.060070 46.7370
1  1.517090  3.214980 45.4220
3  7.474950  3.821690 45.1538
3  7.757360  3.311540 46.6749
3 -4.525850  5.129650 46.7978
3 -4.126350  5.622690 45.2216
3 -2.881320  6.421430 45.2132
3  6.431370  5.587390 46.8132
3  6.804290  5.137010 45.2006
3 -2.401860  6.746630 46.7579
3 -0.590730  7.624710 45.2293
3 -1.101640  7.382230 46.7585
3  0.939828  7.741100 45.2184
3  1.567870  7.732560 46.7968
3  3.600580  7.591600 45.1462
3  3.046600  7.726410 46.7439
3  4.914760  6.893270 45.1434
3  5.364370  6.640970 46.7912
2 -1.929440  0.549729 48.7867
3  8.109000  1.330920 48.2636
3  7.997830 -0.135889 48.3142
3 -6.634800  2.443670 48.3984
3 -5.903280  3.694410 48.3387
3  7.460570  3.849200 48.2656
3 -3.993010  5.439880 48.3825
3  6.653100  5.062070 48.2928
3 -2.860320  6.406170 48.3378
3 -0.539262  7.600200 48.3471
3  0.914716  7.794010 48.3052
3  3.549820  7.572410 48.3877
3  4.884480  6.975410 48.3723
3 -7.646480  0.720883 49.9290
3 -7.039990  2.006260 49.9645
2 -3.814180  0.714861 50.1695
2 -2.905140  1.792470 50.4863
2 -1.718630  1.689480 49.6513
2 -0.475851  2.119160 50.1786
2  0.674998  1.233310 49.9308
2  1.524160  1.193760 51.1399
3  8.150250  1.887880 49.8361
3 -5.570670  4.160090 49.9531
3  7.785850  3.367070 49.8713
3 -4.482670  5.094800 49.9722
3  6.382640  5.701210 49.8609
3 -2.297000  6.700910 49.9474
3 -1.052770  7.433220 49.9535
3  1.503250  7.893160 49.9129
3  2.937250  7.798500 49.8852
3  5.317130  6.644690 49.8533
3 -7.712740  0.716158 53.0715
3 -7.145330  2.021820 53.0199
2 -4.411320  0.589461 52.6691
2 -4.504650  0.103366 51.3011
2 -3.599490  1.728170 52.9283
2  0.901097  2.037360 52.1199
3  8.153300  1.318130 51.4469
3  8.141740  1.994130 52.9969
3 -6.828520  2.542630 51.4437
3 -5.952460  3.702100 51.4599
3 -5.648220  4.145980 53.0883
2 -2.789750  2.203070 51.8519
2 -1.494530  2.576620 52.3792
2 -0.328376  2.606730 51.5725
3  7.550520  3.991810 51.3860
3  7.836740  3.419970 52.9613
3 -4.069660  5.532140 51.5126
3 -4.503720  5.080640 53.0639
3 -2.886540  6.448310 51.5127
3  6.554420  5.759970 52.9917
3  6.837520  5.283570 51.3882
3 -2.424640  6.771560 53.0678
3 -1.094440  7.402380 53.0957
3 -0.479776  7.554810 51.5252
3  0.936628  7.875330 51.4782
3  1.471990  7.869300 53.0713
3  3.501540  7.528600 51.4860
3  2.894130  7.579400 53.0438
3  5.409900  6.747950 53.0502
3  4.864180  6.977870 51.4609
2 -2.748530  1.676470 54.1242
2 -2.711030  0.550035 54.9801
2 -1.440440  2.239480 53.7703
2 -0.201613  1.664400 54.2420
2 -0.276324  0.526312 55.0579
2  0.940259  1.583540 53.4381
3  8.068300  1.415960 54.5955
3  7.923370 -0.059510 54.6444
3 -6.792040  2.563020 54.6146
3 -5.930090  3.681440 54.5980
3  7.645230  4.028620 54.5637
3 -3.990200  5.482390 54.6566
3  6.917710  5.256850 54.5544
3 -2.875400  6.431420 54.6431
3 -0.459036  7.520840 54.6669
3  0.921822  7.875670 54.6255
3  3.464550  7.558440 54.5950
3  4.853380  6.983270 54.6316