261

3 -1.030820 -6.944320 16.1903
3 -2.486540 -6.631520 16.1883
3  1.613100 -6.879380 16.3082
3 -6.266620 -5.150750 16.2247
3 -4.961980 -5.805480 16.2585
3  3.006740 -6.688230 16.3158
3  5.571610 -5.698050 16.1877
3  6.762010 -4.884560 16.1722
3 -7.933500 -3.164250 16.2230
3  8.056180 -2.599220 16.2481
3 -8.510490 -1.811140 16.2091
3  8.462080 -1.194590 16.2640
3 -3.081590 -6.492780 17.6689
3 -1.013040 -6.897580 19.1556
3 -2.454170 -6.658910 19.1453
3 -0.391852 -6.964660 17.7532
3  1.044400 -6.961190 17.8026
3  1.669570 -6.908770 19.1832
3 -6.277950 -5.161810 19.1334
3 -6.786460 -4.788730 17.6780
3 -4.956200 -5.798120 19.1133
3 -4.407020 -5.979320 17.6892
3  3.063740 -6.700510 19.2036
3  3.649850 -6.450040 17.6634
3  5.003880 -6.031960 17.6716
3  5.566760 -5.801090 19.0892
3  6.656020 -4.838700 19.1645
3 -7.734670 -3.723420 17.6757
3 -8.056170 -3.245580 19.1836
3  7.196650 -4.453160 17.6939
3  7.899780 -3.159830 17.6587
3  8.074880 -2.603910 19.2154
3 -8.678410 -1.272890 17.6626
3 -8.514110 -1.855050 19.1772
3  8.478660 -1.204920 19.1961
3  8.475400 -0.546651 17.7850
3 -3.029580 -6.469780 20.5755
3 -0.417366 -6.931360 20.6332
3  1.013940 -6.835950 20.6635
3 -6.764180 -4.787000 20.5933
3 -4.419370 -6.022650 20.5645
3  3.620420 -6.527470 20.6341
3  4.975520 -6.097390 20.6075
3 -7.711450 -3.702210 20.6350
3  7.869060 -3.149150 20.7068
3  7.073730 -4.404890 20.6912
3 -8.682490 -1.209210 20.6106
3  8.474150 -0.534930 20.6387
3 -3.044070 -6.402850 23.5652
3 -1.062290 -6.809640 22.0709
3 -2.491820 -6.519700 22.0597
3 -0.482760 -6.862950 23.4875
3  0.998179 -6.868840 23.5921
3  1.534900 -6.763300 22.1020
3 -6.759360 -4.816110 23.4515
3 -6.253610 -5.199250 22.0177
3 -4.416610 -5.993540 23.5451
3 -4.993730 -5.832410 22.0594
3  2.968250 -6.641280 22.1482
3  3.604810 -6.586110 23.5413
3  4.946710 -6.070910 23.5334
3  5.510380 -5.719970 22.0772
3  6.572260 -4.793190 22.0956
3 -7.709710 -3.766090 23.4503
3 -8.053990 -3.186450 22.0745
3  6.993770 -4.297060 23.5600
3  7.773940 -3.081770 23.5851
3  7.993440 -2.542390 22.1226
3 -8.601670 -1.803410 22.1228
3 -8.714520 -1.195120 23.5771
2 -3.007880 -0.665663 23.3977
2 -1.732340 -0.187748 22.8579
2 -0.520298 -0.930082 23.1683
2  0.621536 -0.256360 23.6465
3  8.328380 -1.191620 22.1174
3  8.474530 -0.535046 23.5317
3 -2.467850 -6.498190 25.0353
3 -1.071480 -6.790220 25.0278
3  1.526090 -6.735400 25.0701
3  2.966870 -6.730220 25.0916
3 -6.248010 -5.140910 24.9095
3 -5.032010 -5.909360 24.9399
3  5.434260 -5.686510 24.9948
3  6.574740 -4.752290 24.9966
3 -8.098810 -3.194820 25.0004
2 -1.881560 -2.700340 24.2256
2 -2.047460 -3.292590 25.5743
2 -0.622689 -2.188970 23.8590
2  0.515073 -2.355630 24.7601
3  7.981780 -2.469370 25.0087
3 -8.621950 -1.812270 24.9549
2 -3.981310 -2.123420 25.1665
2 -3.131500 -1.931120 23.9875
2 -4.743040 -0.954866 25.5388
2  1.343140 -1.135770 24.5771
3  8.423330 -1.125390 24.9705
3 -3.085730 -6.491460 26.5027
3 -2.522660 -6.615050 27.9156
3 -1.109310 -6.987180 27.8840
3 -0.504585 -6.908680 26.4623
3  0.906044 -6.724840 26.5092
3  1.503790 -6.710460 27.9385
3 -6.735570 -4.739130 26.4840
3 -6.281290 -5.179050 27.9003
3 -5.056030 -5.934510 27.8625
3 -4.507260 -6.134280 26.4406
3  3.584040 -6.450710 26.4619
3  4.878770 -5.868820 26.4378
3  2.948150 -6.565730 27.9792
3  6.531780 -4.674480 27.9560
3  5.351780 -5.571430 27.9259
3 -7.752130 -3.695570 26.4214
3 -7.990040 -3.141780 27.8645
2 -3.323900 -2.923320 26.0671
2 -3.481410 -2.727260 27.4782
2 -0.920829 -3.489480 26.3638
2  0.331384 -2.932740 26.0015
2  1.038460 -2.449600 27.1332
3  7.054440 -4.293970 26.5042
3  7.752590 -3.011170 26.4675
3  7.985870 -2.399690 27.9381
3 -8.678980 -1.186600 26.4775
2 -4.952310 -0.725254 26.9723
2 -4.324350 -1.645640 27.9033
2  2.050390 -0.593483 25.7112
2  1.846610 -1.274320 27.0203
3  8.509710 -0.458621 26.4676
3  8.361630 -0.978779 27.9112
2 -1.058020 -3.245670 27.8428
3 -8.489790 -1.821730 27.8533
2  1.626080 -0.196516 27.9983
3 -8.578260  0.869488 16.2086
3  8.195370  1.479950 16.2199
3 -8.155570  2.203150 16.2410
3  7.631820  2.819320 16.2642
3 -6.522840  4.299530 16.1989
3 -5.411240  5.174390 16.2429
3 -3.079470  6.570600 16.2489
3  4.883080  5.756190 16.2782
3  6.071080  4.897960 16.2107
3 -1.705350  6.914860 16.2601
3  1.035740  6.979330 16.3275
3  2.427060  6.763230 16.3161
3 -8.723490  0.181200 17.6612
3 -8.682280  0.807263 19.1286
3  8.257470  0.865921 17.7944
3  8.286840  1.492920 19.2147
3 -8.184180  2.176810 19.1060
3 -7.846490  2.738290 17.6117
3 -6.993900  3.861820 17.7043
3  7.728040  2.842370 19.2089
3  7.378280  3.299070 17.7315
3 -6.527360  4.277140 19.1473
3 -5.398860  5.225900 19.1421
3 -4.940920  5.584530 17.6241
3 -3.646260  6.193800 17.6874
3  4.319830  6.019910 17.7093
3  3.004490  6.516700 17.6865
3  4.908830  5.815660 19.1293
3  6.108230  4.987770 19.1494
3  6.586440  4.502760 17.6768
3 -3.046350  6.329480 19.2094
3 -1.663950  6.721700 19.1781
3 -1.072280  6.919450 17.7403
3  0.391318  7.008060 17.7480
3  2.447890  6.716230 19.2046
3  1.037250  7.049410 19.2108
3 -8.689360  0.247379 20.5880
3  8.278330  0.862523 20.6480
3 -7.896320  2.755940 20.5936
3 -6.907720  3.848410 20.6081
3  7.466090  3.428050 20.5251
3 -3.593570  6.097640 20.6012
3 -4.874950  5.518430 20.5925
3  4.380090  6.135160 20.6065
3  6.637790  4.616100 20.5370
3 -1.053400  6.936160 20.6433
3  0.385324  6.982440 20.6476
3  3.025540  6.603120 20.6025
3 -8.589970  0.814554 22.0566
3 -8.754090  0.259787 23.5665
2 -3.815550  0.433564 23.7667
2 -2.977030  1.591470 23.6623
2 -1.706570  1.247150 23.0134
2 -0.530917  1.927250 23.5099
3  8.301320  1.513880 22.0752
3  8.422310  0.905307 23.4965
3 -8.166790  2.197400 22.0345
3 -7.969640  2.799430 23.4273
3 -7.075380  3.930770 23.4602
3  7.836550  2.890640 22.0682
3  7.554400  3.486750 23.5001
3 -6.618230  4.416340 21.9981
3 -5.402240  5.226650 21.9991
3 -4.980930  5.603900 23.5281
3  4.442570  6.132970 23.4599
3  4.911720  5.767410 22.1322
3  6.204310  5.045480 22.1193
3  6.703320  4.646360 23.5375
3 -3.623940  6.113320 23.5697
3 -3.065490  6.401900 22.0895
3 -1.680580  6.798110 22.1015
3 -1.027090  6.894050 23.4417
3  0.410051  6.810340 23.4939
3  2.445050  6.790260 22.0181
3  1.034420  6.950790 22.0041
3  3.096910  6.700240 23.4565
3 -8.617960  0.822535 24.9686
2 -4.768130  1.363530 25.9110
2 -4.609620  0.303836 24.9171
2  0.666311  1.157630 23.7914
2  1.344190  1.672670 24.9225
3  8.367640  1.547320 24.9833
3 -8.284820  2.233020 24.9666
2 -3.958260  2.517130 25.7242
2 -3.124530  2.707320 24.5821
2 -1.851990  3.352560 25.0495
2 -0.621723  2.947430 24.4923
2  0.487738  2.797190 25.4200
3  7.860760  2.948600 24.9510
3 -6.563990  4.302930 24.9500
3 -5.584610  5.304550 24.9949
3  6.187360  4.999760 24.9468
3  4.979620  5.793990 24.9721
3 -3.072180  6.481700 24.9654
3 -1.639790  6.847440 25.0053
3  2.485910  6.855680 24.9514
3  1.069920  6.999230 24.9228
3 -8.664790  0.246896 26.4388
2 -4.985380  0.672717 27.2155
2  1.029470  2.172330 27.8230
2  1.720740  1.051340 27.3134
2  1.926370  0.810129 25.9010
3  8.539030  0.993500 26.3916
3  8.424250  1.698830 27.8262
3 -7.990450  2.786400 26.3644
3 -6.947060  3.802450 26.3393
2 -3.296480  3.043430 26.8827
2 -3.384090  2.300600 28.1077
2 -1.998480  3.529890 26.4691
2  0.371544  3.044740 26.8756
2 -0.959669  3.460820 27.3957
3  7.486520  3.517150 26.3932
3  7.829030  2.984190 27.7734
3 -6.527680  4.348900 27.8755
3 -5.502470  5.287070 27.8983
3 -4.960870  5.628350 26.3659
3 -3.648460  6.283850 26.4184
3  4.464020  6.218380 26.3684
3  5.094940  6.021700 27.8265
3  6.623260  4.646030 26.3994
3  6.175120  5.112450 27.7986
3 -1.665990  6.694190 27.9182
3 -1.017510  6.875150 26.4219
3  0.448183  6.938380 26.4074
3  1.066940  6.940850 27.8980
3  2.478520  6.784490 27.8677
3  3.051630  6.715520 26.3635
3 -8.556870  0.854832 27.8288
3 -8.264560  2.267670 27.8012
3 -3.091270  6.419970 27.8480