341

3 -7.030490 -0.076212  93.5846
2  3.606460 -1.578330  92.4150
2  4.295670 -1.014350  93.5015
3 -2.338960 -7.075030  87.3121
3 -0.999830 -7.521720  87.1233
3  1.352540 -7.418780  87.0924
3  2.673380 -6.954930  87.1971
3 -5.531610 -4.369950  87.3846
3 -4.632960 -5.480180  87.4059
3  4.744170 -5.137120  87.1668
3  5.702340 -4.092820  87.1598
3 -7.641060 -0.756400  87.5144
3 -7.083570 -2.044350  87.5036
1 -2.100940 -1.321460  86.5491
1 -3.268370 -0.567081  86.7879
1 -0.802556 -0.814064  86.9364
3  7.445680 -1.899880  87.0458
3  7.835630 -0.536228  86.9634
3 -2.958220 -6.877500  88.6045
3  0.224393 -7.272390  87.9098
3  0.116218 -7.101670  89.2118
3  2.648850 -6.812790  89.7093
3  3.137580 -6.499890  88.4623
3 -4.148080 -6.088740  88.5897
3  4.310270 -5.619870  88.3942
3  4.946290 -5.210490  89.5506
3  5.852910 -4.119750  89.5241
3 -5.986750 -3.915970  88.6347
3 -6.639220 -2.681850  88.6744
3  6.184870 -3.545830  88.3271
3  7.210480 -2.537080  88.2776
3 -7.845520 -0.119432  88.7580
3  7.645030 -1.882250  89.4536
3  8.191450 -0.556016  89.3816
3 -2.422770 -7.106900  89.9395
3 -3.083100 -6.826180  91.1755
3 -0.493236 -7.407730  91.3300
3 -1.042280 -7.250650  90.0308
3  0.879792 -7.449080  91.2672
3  1.317140 -7.107320  89.9825
3  3.390360 -6.553830  90.8553
3 -5.617930 -4.566090  89.8255
3 -4.727650 -5.642470  89.8434
3 -4.354230 -6.229760  91.1034
3  4.555680 -5.717210  90.7655
3 -6.863240 -2.057000  89.8964
3 -6.039840 -3.990490  91.0439
3 -6.533630 -2.693130  91.0856
2  0.322999 -2.999030  92.1799
2 -0.826787 -2.173890  91.9045
2  1.597680 -2.579560  91.7504
3  6.492690 -3.642290  90.6932
3  7.214150 -2.457200  90.6705
3 -7.481190 -0.800923  89.9435
3 -7.691260 -0.187348  91.1978
2  0.641272 -0.553985  90.7233
2 -0.636443 -0.976829  91.1973
2  1.753040 -1.343200  91.0267
2  2.980840 -0.717491  91.4542
3  8.303750 -0.531128  91.8090
3  7.736720 -1.821890  91.8101
3 -2.497020 -6.948700  92.4844
3 -3.136550 -6.573810  93.7239
3 -1.131710 -7.170540  92.5256
3 -0.350837 -6.951710  93.6986
3  1.634250 -7.221890  92.3466
3  1.017490 -7.195220  93.6097
3  2.941310 -6.847700  92.1243
3  3.682980 -6.544340  93.2355
3 -5.770080 -4.620610  92.2566
3 -4.523810 -6.299520  93.5105
3 -4.957410 -5.759970  92.2678
3  4.780980 -5.694940  93.1908
3  5.192620 -5.206080  91.9740
3  6.083630 -4.182600  91.9209
3 -6.056770 -4.062320  93.4805
3 -6.311720 -2.683510  93.5340
2 -1.744640 -2.261280  93.0135
2 -1.160790 -3.137040  94.0065
2  0.145307 -3.568570  93.4987
2  2.781170 -2.763730  92.5647
2  2.590510 -3.257190  93.8729
3  6.569730 -3.565070  93.0848
3  7.415710 -2.439670  93.0516
3 -7.175900 -0.812920  92.3692
3 -6.670440 -2.089160  92.3410
2 -2.460980 -1.109590  93.3906
3 -5.059380 -6.621570  95.8883
3 -2.349690 -6.478450  94.9729
3 -0.922457 -6.508860  94.8992
3  1.824400 -7.106580  94.6961
3  3.932020 -6.619780  95.7076
3  3.201030 -6.857850  94.5047
3 -5.685250 -4.682110  94.6704
3 -5.328370 -6.020810  94.6221
3  4.755570 -5.518380  95.6885
3  5.293740 -5.150290  94.4296
3  6.201760 -4.138320  94.2935
3 -5.350980 -2.529890  95.7645
3 -5.099200 -3.897840  95.7253
2 -1.288830 -2.783310  95.3634
2 -0.080170 -2.842560  96.1587
2  1.153860 -3.319290  95.7077
2  2.394210 -2.711230  96.1390
2  3.262660 -2.643580  94.9849
3  6.489250 -3.465390  95.4503
3  7.174120 -2.232140  95.4190
3 -6.400210 -0.559507  94.7459
3 -5.924370 -1.903640  94.6588
2 -1.997190 -1.569460  95.7443
2 -2.654400 -0.755685  94.7970
2  4.100480 -0.456845  95.7490
2  4.122910 -1.551080  94.8200
3  7.531020 -1.645690  94.2327
3  8.013200 -0.344745  94.2970
3 -1.903380 -6.326490  97.5349
3 -0.049087 -6.494260  95.9888
3 -0.540577 -6.115080  97.2615
3  1.247010 -6.975320  95.9253
3  2.015820 -6.939680  97.0953
3  3.380880 -7.287760  96.8232
3 -4.094470 -5.911580  96.6067
3 -4.468550 -4.601840  96.8671
3 -2.759400 -6.324910  96.3986
3  4.208340 -5.125770  98.0090
3  5.002350 -4.780690  96.9048
3 -4.168070 -3.792180  98.0158
3 -4.212150 -2.393700  97.8779
3  5.912270 -3.678250  96.7506
3  6.384900 -2.481120  97.5089
3 -5.456460 -0.362457  96.9676
3 -5.026340 -1.713530  96.8894
2 -1.261010 -0.975245  96.8409
2 -0.092076 -1.753820  97.0863
2  2.378390 -1.672500  97.0819
2  1.098360 -1.179340  97.5656
2  3.243010 -0.519538  96.8662
3  7.114580 -1.548290  96.6399
3  7.912480 -0.392966  96.6576
3  8.903010 -0.329576  97.6151
3 -2.162830 -6.327840  98.9636
3 -3.683080 -4.313690  99.2209
3 -1.592340 -5.288620  99.7557
3 -2.496650 -4.223370  99.9879
3  0.370535 -5.726020  98.3399
3 -0.195767 -5.208230  99.5523
3  1.750740 -5.989710  98.1239
3  3.005560 -5.383150  98.5389
3 -3.849330 -1.545690  98.9683
3 -4.644480 -0.442850  99.1796
3 -2.782840 -1.672100  99.8015
3 -2.138950 -2.968010 100.4560
3 -1.673250 -1.530100 101.0180
2  1.275910 -3.666300  94.3220
3  4.173690  6.986780  92.8435
1 -4.142330  1.611550  86.7523
1 -1.910390  1.242070  87.7484
1 -3.187310  0.738823  87.4241
1 -0.714952  0.460769  87.5107
1  0.341224  1.361940  87.1213
3 -8.024420  2.022580  87.5334
3 -7.924730  3.401000  87.5444
1 -3.807410  2.938690  86.4566
1 -1.582230  2.635720  87.5064
1 -2.523800  3.456020  86.8655
1 -0.181924  2.703670  87.1271
3  8.007110  2.176690  86.8713
3  7.441970  3.459370  86.8606
3 -7.024210  5.947950  87.4909
3  4.275620  6.090680  86.9446
3  5.515810  5.445470  86.8649
3 -6.226450  7.110460  87.4454
3  0.300933  7.618080  87.1385
3  1.638330  7.134220  87.1141
3 -3.761360  8.245710  87.2389
3 -2.369430  8.211520  87.2380
3 -7.987730  1.297700  88.7343
3  8.308740  1.538600  88.0997
3  8.198270  0.136445  88.1369
3  8.318880  2.267650  89.3225
3  7.144960  4.038700  88.0943
3  7.637240  3.526520  89.2918
3 -7.609470  3.999440  88.7690
3 -7.008710  5.276440  88.7325
3 -6.563420  5.878050  89.8861
3  6.179750  5.065300  88.0791
3  5.600740  5.509160  89.2951
3 -5.578730  7.660540  88.5906
3 -5.824370  7.101930  89.8488
3 -4.422160  8.426730  88.4764
3 -1.583100  8.332870  88.3957
3 -2.254290  8.605280  89.6146
3 -0.222190  8.004100  88.3746
3  0.438359  7.734120  89.5503
3  2.395920  7.046040  88.2585
3  1.761310  7.320790  89.4942
3  4.411900  6.213240  89.3144
3  3.692720  6.491560  88.1469
3 -3.649600  8.862880  89.5909
3 -7.982350  1.200330  91.1925
3 -8.053020  1.938730  90.0051
2 -1.360360  0.198915  91.5867
2  0.730869  0.887484  90.8022
2 -0.529855  1.349450  91.3240
2  1.939950  1.508040  91.2103
2  3.084590  0.682271  91.5456
3  8.439930  0.178354  90.5596
3  8.421780  1.581130  90.5541
3 -7.698710  3.305110  89.9962
3 -7.267300  3.942500  91.1469
2 -0.551191  2.418650  92.2170
2  1.944230  2.641160  92.1169
3  8.092450  2.195230  91.7974
3  7.439080  3.424920  91.7613
3 -6.666850  5.209680  91.0840
3  6.192290  5.092840  90.5186
3  5.683210  5.505660  91.7104
3  7.152820  4.053260  90.5373
3 -5.127750  7.618040  91.0210
3 -1.539550  8.257070  90.8383
3 -0.210253  7.900830  90.8061
3  0.527787  7.567640  91.9590
3  1.945930  7.316440  91.8645
3  2.532190  7.078180  90.6207
3  4.555990  6.345600  91.7077
3  3.857660  6.602330  90.5566
3 -4.308500  8.763620  90.8627
3 -3.481680  9.157650  91.9318
3 -7.597330  1.220640  93.6064
3 -7.826830  1.918220  92.4037
3  2.812880  7.316080  92.9486
2 -2.242800  0.132979  92.6698
2 -2.243810  1.210770  93.6148
2  3.819580  1.285880  92.6412
2  4.411040  0.430508  93.6070
3  8.120090  1.533080  93.0227
3  8.306480  0.174236  93.0564
3 -7.469170  3.260500  92.3726
2 -1.394590  2.297930  93.3853
2  0.692802  3.077390  92.6108
2  0.571020  3.368070  94.0231
2  3.098560  2.490910  93.0173
3  6.977680  3.917540  92.9518
3 -7.115310  3.984270  93.4909
3 -5.947660  5.638230  92.1740
3 -6.369940  5.148760  93.4213
3  6.200320  5.080190  92.9160
3  5.703110  5.616390  94.0853
3 -4.957940  6.716500  92.1044
3 -3.879170  6.676520  93.0296
3 -1.319790  6.940820  93.7545
3 -2.340480  8.280430  92.0245
3 -2.520020  7.235530  92.9598
3 -0.047510  7.459320  93.2539
3  7.116790  3.223820  94.1688
3  2.274700  7.706330  94.1671
3  4.828170  6.655280  94.0483
3 -6.937000  1.399450  95.9231
3 -6.248230  0.191860  95.9198
2 -1.829480  1.241850  96.0034
2 -2.560250  0.691903  94.9263
2  3.531240  1.905790  95.3522
2  4.288330  0.771225  95.0088
3  7.795570  0.865108  95.4903
3 -7.334840  3.365730  94.6877
3 -7.485290  1.928640  94.7482
3 -6.587640  3.705820  95.8647
2 -0.932812  2.360590  95.7693
2 -0.697873  2.872840  94.4890
2  1.469520  2.629620  96.1596
2  1.679970  3.261360  94.8697
3  6.705820  3.858970  95.2796
3  7.848150  2.036400  94.2755
3 -5.611620  5.496130  94.4744
3 -5.618590  4.735780  95.6845
3 -4.281090  6.005100  94.2068
3 -3.511600  5.314650  95.1796
3 -2.164830  5.295550  95.5508
3  6.071610  5.101450  95.2770
3 -1.355350  6.347860  95.0732
3  0.453216  7.741960  95.6301
3 -0.516362  6.900530  96.0375
3  0.888456  7.692000  94.3336
3 -4.689040  0.086984 100.4810
3  3.142290  7.789400  95.2891
3  4.382750  7.257650  95.2465
2 -1.182870  0.407152  96.9929
2  0.060273  1.024810  97.3930
2  2.613510  1.815020  96.4479
2  1.197940  0.252702  97.7108
2  2.500870  0.668743  97.2420
3  8.320010  1.950240  97.9556
3  8.947500  0.765916  98.4378
3 -6.658590  2.560900  96.7644
3 -6.562200  2.358260  98.0746
2  0.208328  2.226430  96.6261
3  7.032890  4.221320  97.6119
3  7.212450  3.403280  96.4847
3  7.826990  2.119810  96.6449
3 -4.333180  4.773250  96.2437
3 -3.511990  4.435700  97.3623
3 -2.095160  4.783130  96.8551
3 -1.394690  5.498350  97.8497
3  5.702760  5.761820  96.4309
3  6.174760  5.311180  97.6134
3 -0.622476  6.552290  97.4189
3  1.258880  8.375090  96.6596
3  5.042130  6.982230  96.4437
3  4.722450  7.586880  97.6751
3  0.735535  8.425540  98.0057
3  2.648750  8.142860  96.5422
3  3.539550  8.382070  97.6413
3 -5.479340  1.619840  98.5231
3 -5.179760  0.323602  98.1821
3 -4.740490  2.240770  99.5312
3  9.372860  0.957155  99.7618
3  7.679630  4.102830  98.9025
3  8.343160  2.873940  99.0947
3  8.958030  2.224210 100.2470
3 -3.343280  4.808770  98.7763
3 -2.121540  5.523310  99.0420
3  6.267550  6.061340  98.8271
3  7.174430  5.248520  99.6909
3 -1.083170  7.562360  99.5287
3 -1.758740  6.459980 100.0370
3 -0.291987  7.565660  98.3497
3  5.541390  7.268920  98.8339
3  5.700030  8.099370  99.9718
3  1.599670  8.916170  98.9236
3  2.983920  9.085090  98.7572
3  3.808900  9.578840  99.7444
3 -4.318550  0.562703 101.6390
3 -4.318530  2.812940 100.6320
3  9.080900  2.555870 101.5360
3 -2.823990  4.997610 101.7190
3 -2.180520  6.192690 101.3820
3  4.535660  8.667290 100.5420
3  3.823850  8.124540 101.6040
3  7.011810  8.295680 100.4010
3 -3.535510  2.738800 101.7860
2  2.962740  2.806190  94.3751