324

3 -5.240670 -6.665390 112.949
3 -2.865100 -7.837990 112.888
3 -1.412150 -7.830190 112.907
3  1.152570 -7.350630 112.884
3  2.425050 -6.664070 112.856
3 -6.278920 -5.674060 112.927
2 -2.455730 -4.187510 112.888
2 -1.128750 -4.271180 113.352
3  4.541120 -5.066080 112.886
3  5.571810 -4.061640 112.868
3 -7.584640 -3.319550 112.989
2 -3.430830 -3.402340 113.602
2  1.064310 -3.551270 113.001
3 -7.970680 -1.961020 112.968
3  7.094570 -1.864560 112.875
3  7.670660 -0.490179 112.957
3 -4.775100 -7.009940 114.464
3 -3.482970 -7.701160 114.462
3 -0.854026 -7.628770 114.474
3  0.611418 -7.589070 114.459
3  2.919290 -6.282330 114.444
3 -6.659320 -5.199140 114.543
3  4.075800 -5.398910 114.444
3 -7.327150 -3.913500 114.554
2 -3.023660 -2.688280 114.750
2 -0.675944 -3.585510 114.524
2 -1.606530 -2.764350 115.205
2  0.656989 -3.089060 114.302
2  1.110490 -1.825070 114.767
3  5.896690 -3.591980 114.446
3  6.759810 -2.370260 114.429
3 -8.066630 -1.275890 114.538
2 -4.292680 -0.703771 113.942
2 -3.436360 -1.265680 114.866
2 -2.285170 -0.557582 115.322
2  1.957780 -0.944135 113.912
2  0.316274  0.376568 114.946
2  1.506080  0.422681 114.070
2  0.126743 -0.977257 115.375
3  7.698980  0.109421 114.503
3 -5.181370 -6.549120 116.060
3 -2.865530 -7.600370 115.998
3 -1.434250 -7.736360 116.062
3  1.193130 -7.398850 116.072
3  2.499800 -6.749570 116.008
3 -6.293030 -5.641940 116.054
3  4.570160 -5.050960 116.014
3 -7.567570 -3.345420 116.117
3  5.554810 -4.035920 116.012
3 -7.928120 -1.921470 116.103
2 -1.167170 -1.443960 115.574
3  7.088120 -1.884500 116.026
3  7.652870 -0.498540 116.069
3 -4.713160 -6.892950 117.568
3 -5.219880 -6.632050 119.184
3 -3.387540 -7.457280 117.597
3 -2.843460 -7.706740 119.191
3 -0.838931 -7.756240 117.643
3 -1.386400 -7.895250 119.217
3  0.611220 -7.536950 117.595
3  1.205110 -7.307420 119.164
3  2.997860 -6.378630 117.562
3  2.517090 -6.698210 119.138
3 -6.644550 -5.164950 117.589
3 -6.233730 -5.607420 119.195
3  4.117910 -5.446620 117.590
3  4.529170 -5.039240 119.146
3  5.590620 -4.028990 119.165
3 -7.340800 -3.858000 117.644
3 -7.549160 -3.357370 119.244
3  5.969740 -3.633280 117.574
3  6.823460 -2.471220 117.597
3 -7.905630 -1.981900 119.230
3 -7.962420 -1.381640 117.714
3 -8.023340  0.122979 117.711
1 -0.821279 -0.270388 118.870
1  1.506800 -0.985443 118.585
1  0.218313 -1.283040 119.001
1  3.646200 -0.326906 119.286
3  7.909930  0.024303 117.630
3  7.154030 -1.941820 119.203
3  7.778360 -0.594246 119.231
3 -4.740820 -7.011720 120.769
3 -3.376750 -7.461540 120.802
3 -0.889645 -7.850890 120.760
3  0.586985 -7.485680 120.750
3  3.067870 -6.421800 120.744
3 -6.647770 -5.222860 120.789
3  4.182690 -5.497570 120.742
3 -7.284270 -3.894840 120.800
1  1.177280 -2.364920 120.970
3  6.000270 -3.619260 120.743
3  6.902370 -2.445100 120.764
3 -7.929580 -1.388610 120.853
3 -7.932750  0.053103 120.873
1 -1.639480 -0.382487 120.087
1 -1.130110 -1.408200 120.896
1  0.039305 -1.981750 120.246
1  2.510790 -2.072880 120.559
1  2.756160 -1.450900 119.302
3  7.909420 -0.052957 120.831
3 -5.238710 -6.674960 122.372
3 -2.780900 -7.590800 122.378
3 -1.382790 -7.923250 122.348
3  1.201720 -7.345740 122.328
3  2.531800 -6.740560 122.320
3 -6.256120 -5.675790 122.337
3  4.586470 -5.149640 122.397
3 -7.575780 -3.378280 122.366
3  5.633670 -4.078750 122.337
3 -7.945010 -1.936600 122.352
1 -1.164000 -1.296870 122.335
1 -1.717700 -0.051631 122.852
1  1.117880 -2.188210 122.409
1  3.285550 -1.707930 121.722
1  2.449490 -1.810020 122.912
1  4.285980 -0.676857 121.628
3  7.222990 -1.951720 122.378
3  7.767960 -0.615362 122.430
3 -4.683010 -6.969700 123.947
3 -5.255850 -6.678990 125.515
3 -3.282100 -7.369470 123.946
3 -2.716190 -7.567620 125.501
3 -0.729685 -7.852870 123.929
3 -1.276180 -7.770870 125.512
3  0.707525 -7.610090 123.935
3  1.305950 -7.505440 125.496
3  2.606660 -6.832410 125.478
3  2.999150 -6.452170 123.929
3 -6.510070 -5.173890 123.928
3  4.637410 -5.160260 125.524
3  4.150320 -5.530820 123.933
3  5.759140 -4.260970 125.507
3 -7.379830 -3.924820 123.945
3 -7.522830 -3.406830 125.513
3  6.125350 -3.777820 123.942
3  6.959470 -2.547470 123.896
3 -7.867430 -1.998160 125.569
3 -7.974060 -1.378190 123.954
1  1.352630 -0.273595 124.537
1 -0.041347 -1.741170 123.106
1  0.062558 -0.752945 124.247
1  2.515990 -0.804413 123.857
3  7.931370 -0.101366 123.965
3  7.828630 -0.688893 125.549
3  7.257770 -2.023170 125.498
3 -4.757050 -7.039250 127.091
3 -3.351500 -7.420770 127.076
3 -0.728413 -7.868990 127.069
3  0.755591 -7.564110 127.079
3  3.035300 -6.506990 127.097
3 -6.234710 -5.628200 125.482
3 -6.582430 -5.206660 127.087
3  4.216820 -5.589080 127.083
3 -7.397460 -4.016220 127.103
3  6.047250 -3.765730 127.087
3  6.926120 -2.583290 127.085
3 -7.991890 -1.423620 127.194
3  7.884000 -0.090043 127.116
3 -8.017160  0.816663 112.998
3 -7.418950  2.167620 112.991
2 -2.175780  2.253870 113.226
2  1.404820  1.226760 112.942
3  7.824020  2.072850 112.924
3 -5.730900  4.184720 112.982
3  7.510070  3.494560 112.924
3 -4.706740  5.223930 113.001
3  6.204010  5.763280 112.951
3 -2.597180  6.751440 112.975
3 -1.222260  7.340450 113.006
3  1.258430  8.062950 113.055
3  2.747610  7.903960 113.039
3  5.177450  6.811860 112.988
3 -8.054920  0.208129 114.579
2 -4.124680  0.739667 113.524
2 -3.019410  1.426700 114.067
2 -2.141680  0.774364 115.005
2 -0.803752  2.096300 113.668
2 -0.785816  1.193120 114.745
3  7.793140  1.521370 114.527
3 -7.042160  2.632530 114.598
3 -6.169190  3.851030 114.554
3  7.346010  4.052670 114.547
3 -4.240360  5.595330 114.589
3  6.628490  5.385660 114.598
3 -3.070190  6.535920 114.575
3 -0.687862  7.597370 114.619
3  0.732413  7.947110 114.644
3  3.337660  7.645090 114.616
3  4.639250  7.109410 114.605
3 -7.885290  0.727558 116.164
3 -7.300710  2.137680 116.127
3  7.879660  2.083660 116.083
3 -5.726650  4.263730 116.108
3  7.571750  3.485100 116.146
3 -4.643880  5.188990 116.187
3  6.159010  5.754740 116.171
3 -2.584350  6.757550 116.186
3 -1.224370  7.360440 116.210
3  1.371510  7.975520 116.194
3  2.811280  7.795600 116.245
3  5.172360  6.805210 116.142
3 -7.818300  0.699412 119.268
3 -7.208890  2.013290 119.281
1 -0.461454  0.964608 118.364
1 -1.063480  2.128750 118.883
1  0.837944  1.294040 117.832
1  1.829250  0.268786 117.914
1  3.321830  2.066180 118.769
1  3.142040  0.702631 118.464
3  7.874170  1.457950 117.666
3  7.850360  2.056510 119.246
3 -6.916130  2.586770 117.729
3 -6.047110  3.743530 117.717
3 -5.614630  4.052960 119.360
1 -0.094780  3.246210 118.803
1  1.082940  2.716040 118.132
1  2.326080  3.083740 118.570
3  7.343210  4.011450 117.666
3  7.620590  3.519430 119.287
3 -4.662420  5.169130 119.360
3 -4.228600  5.584280 117.750
3  6.536830  5.311620 117.732
3  6.241970  5.674800 119.336
3 -3.069780  6.407770 117.783
3 -2.586790  6.809740 119.341
3 -0.581365  7.445500 117.751
3 -1.245240  7.383910 119.326
3  0.775425  7.880920 117.790
3  1.315980  7.831330 119.331
3  3.389740  7.532610 117.840
3  2.753680  7.609040 119.342
3  4.721620  7.090880 117.732
3  5.215840  6.706950 119.315
1 -1.956510  2.040340 119.974
1 -2.211550  0.773355 120.604
1  4.622720  1.431240 120.713
1  4.434610  0.040177 120.403
3  7.950590  1.446530 120.816
3 -7.008310  2.504730 120.880
3 -6.054910  3.584760 120.938
1  0.057187  4.165630 119.841
1 -1.753200  3.074120 121.009
1 -0.824064  4.120780 121.021
1  4.082530  2.426970 119.909
1  2.478890  4.047820 119.644
1  3.596090  3.705230 120.435
3  7.415050  4.057070 120.895
3 -4.183590  5.519600 120.946
1  1.339180  4.606740 120.286
3  6.587380  5.219300 120.906
3 -3.036520  6.498940 120.941
3 -0.661858  7.660260 120.915
3  0.801515  7.879130 120.951
3  3.352910  7.563110 120.898
3  4.750950  7.045200 120.901
3 -7.702910  0.624350 122.446
3 -7.035560  1.899510 122.491
1 -2.282720  0.986979 122.041
1  4.543540  1.625010 122.102
1  4.421380  0.335127 122.726
3  7.807510  1.976690 122.442
3 -5.580450  3.897370 122.529
1 -1.966020  2.372510 122.327
1 -0.185301  3.721990 123.390
1  3.595390  3.828250 121.866
1  4.164410  2.795270 122.723
3  7.636510  3.441260 122.445
3 -4.635410  5.094640 122.501
1 -0.043376  4.416910 122.209
1  1.315740  4.744190 121.742
1  2.382510  4.324730 122.512
3  6.243990  5.682050 122.465
3 -2.543510  6.794120 122.520
3 -1.242200  7.511190 122.479
3  1.331500  7.744480 122.478
3  2.782110  7.668990 122.492
3  5.214880  6.707580 122.508
3 -7.841840  0.656047 125.640
3 -7.232490  2.013290 125.631
3 -7.958220  0.048750 124.047
1 -0.970625  0.255307 124.059
1 -0.709223  1.618960 124.438
1  1.652670  1.086490 124.848
1  3.513910  0.233178 123.810
1  3.010150  1.406910 124.469
3  7.970530  1.376490 124.026
3  7.994770  1.965630 125.580
3 -6.844910  2.438440 124.061
3 -5.904610  3.554120 124.112
3 -5.570040  4.089470 125.709
1 -1.193200  2.626090 123.437
1  0.666003  2.101610 124.806
1  0.921088  3.364710 124.201
1  2.232850  3.599720 123.766
1  3.333670  2.652660 123.929
3  7.720990  3.411630 125.597
3  7.515550  3.986330 123.991
3 -4.559300  5.153420 125.666
3 -4.170650  5.497020 124.113
3  6.250420  5.717510 125.631
3  6.651150  5.205500 124.038
3 -3.047550  6.438120 124.096
3 -0.703630  7.644040 124.052
3  0.743891  7.722550 124.108
3  2.716360  7.694000 125.646
3  3.351150  7.556590 124.098
3  5.075470  6.617330 125.650
3  4.659360  6.937560 124.133
3 -7.912990  0.056471 127.187
3  7.986100  1.357770 127.137
3 -6.967610  2.518560 127.262
3 -5.996650  3.622450 127.256
3  7.360500  3.925330 127.159
3 -3.084090  6.523130 127.284
3 -4.121920  5.463470 127.272
3  6.659340  5.200640 127.186
3 -2.608470  6.906000 125.672
3 -0.709874  7.533540 127.249
3 -1.271720  7.484540 125.655
3  0.703108  7.759290 127.246
3  1.257920  7.783480 125.656
3  3.319410  7.640050 127.234
3  4.564120  6.886440 127.214