279

3  1.684140 -8.214770 56.3698
3 -3.713450 -7.187480 56.3466
3 -2.442490 -7.869780 56.3675
3  0.250625 -8.295080 56.3648
3  4.291420 -7.506970 56.3634
3  5.364900 -6.586090 56.3248
3 -5.717360 -5.268410 56.3302
3  6.459520 -4.073760 56.3862
3 -6.374310 -4.033270 56.3141
3  6.927260 -2.757420 56.3802
3 -7.118350 -1.432230 56.3807
3 -7.342430 -0.010256 56.3722
3  7.227320 -0.057050 56.4652
3  0.271243 -8.248300 59.0908
3  1.667780 -8.261020 59.0563
3 -4.193200 -6.745660 57.6503
3 -3.724730 -7.154070 58.9735
3 -2.457430 -7.773830 59.0614
3 -1.814250 -8.003690 57.6813
3 -0.386737 -8.272130 57.7356
3  2.360100 -8.213360 57.7196
3  3.679060 -7.738310 57.6657
3  4.239320 -7.427850 59.0219
3  5.259720 -6.398120 59.0028
3 -5.399410 -5.830550 57.6099
3 -5.937560 -5.381460 59.0110
3  5.699350 -5.933110 57.6985
3  6.265110 -4.646660 57.7039
3  6.616270 -4.104390 59.0301
3 -6.755920 -3.462050 57.6487
3 -6.448990 -4.003710 58.9986
3 -7.019310 -2.063070 57.6974
2 -2.595710 -2.407890 59.2403
2 -1.466810 -3.124930 58.7013
2 -0.551343 -2.189190 58.0403
2  1.355680 -3.591630 59.0155
2  0.847908 -2.394760 58.3402
3  6.990430 -2.735950 59.0461
3  7.126740 -2.105150 57.7630
3 -7.231950 -1.398110 58.9860
2 -2.421600 -1.004810 58.9697
2 -1.158860 -0.855850 58.2463
2  1.697460 -1.266270 58.6959
3  7.250240 -0.713681 57.7498
3  7.127580 -0.063412 59.1043
3 -0.420447 -8.268520 60.3538
3 -4.338730 -6.861380 60.3093
3 -1.836960 -7.988220 60.3589
3  2.318600 -8.198190 60.4463
3  3.713530 -7.775740 60.4169
3 -5.375920 -5.867390 60.3520
2 -0.976516 -4.239880 59.4215
2 -1.665730 -4.587140 60.6767
2  0.422952 -4.501830 59.5872
2  0.654728 -5.056110 60.9218
3  5.639500 -5.954980 60.3497
3  6.298280 -4.700350 60.3671
3 -6.625180 -3.401430 60.3206
3 -7.099750 -2.028190 60.3284
2 -2.676220 -3.837340 61.1568
2 -3.200280 -2.732750 60.4466
2  2.650440 -3.686870 61.1777
2  2.487020 -3.171970 59.8483
3  7.008650 -2.097750 60.3393
2 -2.801340  0.010191 59.8947
2 -3.556890 -0.425735 61.1345
2  2.636860 -1.680390 59.7175
2  3.103780 -0.905198 60.7275
3  7.063640 -0.682589 60.3857
3 -0.454480 -8.265530 62.9967
3  0.204927 -8.290040 61.7022
3  1.638110 -8.240890 61.6903
3  2.293660 -8.066190 63.0427
3 -4.275800 -6.766130 62.9653
3 -3.716480 -7.139170 61.6381
3 -2.489300 -7.816660 61.6316
3 -1.896570 -8.106650 62.9727
3  3.655350 -7.648000 63.0593
3  4.260280 -7.433920 61.6904
3  5.336270 -6.455600 61.6978
3 -5.712050 -5.271560 61.6768
3 -5.286550 -5.736550 62.9899
2 -0.623421 -5.137550 61.5437
2 -0.813162 -4.930020 62.9561
2  1.775880 -4.740730 61.6891
2  1.615640 -4.439510 63.1607
3  5.742820 -5.955300 62.9989
3  6.418540 -4.676640 63.0055
3  6.612750 -4.114110 61.6836
3 -6.649430 -3.397790 62.9511
3 -6.372590 -3.995480 61.6618
2 -2.915500 -3.705780 62.5365
2 -3.510930 -2.393900 62.7444
2  2.418300 -3.291980 63.4705
2  3.094390 -2.868790 62.2863
3  6.927110 -2.738460 61.6953
3  7.082050 -2.142640 63.0905
3 -7.177330 -2.043250 62.9661
3 -7.245970 -1.413010 61.6313
3 -7.495990  0.005191 61.6527
2 -3.715260 -1.791580 61.4093
2  3.297630 -1.482810 62.0148
2  2.976020 -0.436859 63.0137
3  7.069660 -0.701431 63.0567
3  7.061090 -0.096082 61.6948
3  0.192080 -8.252500 64.3269
3  1.651240 -8.167600 64.3495
3 -3.806210 -7.159830 64.2991
3 -2.573500 -7.865260 64.3327
3  4.168160 -7.306810 64.3644
3  5.338850 -6.477600 64.3770
3 -5.691380 -5.250480 64.3561
2 -1.983280 -4.240080 63.4722
2  0.330590 -4.562520 63.7424
3  6.575710 -4.110140 64.3798
3 -6.361580 -3.955280 64.3296
2 -1.972280 -1.984200 64.6389
2 -1.548500 -3.350200 64.6291
2 -0.099475 -3.585380 64.7474
2  0.658502 -2.476740 64.9636
2  1.979990 -2.296330 64.4093
3  6.931300 -2.760440 64.3996
3 -7.224980 -1.322980 64.3943
2 -3.045680 -1.545490 63.7828
2 -2.891550 -0.100243 63.5472
2 -1.219020 -0.898262 65.0106
2  1.131040 -0.143697 64.6725
2  0.150710 -1.136420 65.1854
2  2.263390 -0.884665 64.1364
3  6.920050 -0.129628 64.4002
3 -0.455872 -8.229060 65.6913
3  0.160163 -8.308100 66.9915
3  1.536410 -8.120040 67.0016
3 -4.328830 -6.754090 65.6683
3 -3.753010 -7.129670 66.9599
3 -2.458820 -7.702160 66.9664
3 -1.858390 -7.957030 65.6841
3  2.241020 -8.042730 65.6726
3  3.613020 -7.623490 65.7168
3  4.131790 -7.316170 67.1111
3  5.245890 -6.424870 67.1227
3 -5.348200 -5.754710 65.6789
3 -5.762310 -5.265140 66.9757
3  5.694820 -5.993370 65.7684
3  6.446580 -4.762460 65.7497
3 -6.758540 -3.366760 65.6501
3 -6.301800 -3.963230 66.9574
3  6.636940 -4.157370 67.1155
3  6.970460 -2.794840 67.0596
3  7.052040 -2.174130 65.7607
3 -7.141410 -2.008590 65.6988
3 -7.161860 -1.372660 67.0482
3  7.022040 -0.793502 65.7802
3  6.928190 -0.134321 67.0777
1 -0.539779  0.684944 55.3008
3  6.795080  1.300070 56.4499
3 -7.082620  2.687800 56.3413
3 -6.519420  4.030780 56.3270
1 -0.561946  3.193650 55.2798
1  0.163850  1.938520 55.3414
3  5.810370  3.796400 56.3868
3  5.202990  5.107380 56.3621
3 -5.049760  6.244370 56.3095
3 -4.051440  7.210080 56.3494
3  2.401040  7.989790 56.3452
3  3.594100  7.243500 56.3529
3 -1.640770  8.511970 56.2788
3 -0.234052  8.571380 56.3504
3 -7.395340  0.659593 57.6642
3 -7.449700  0.004056 58.9716
3 -7.336340  2.025400 57.6931
2 -0.298165  0.221327 58.6202
2  1.106950  0.006085 58.7906
3  6.882180  1.355530 59.1024
3  6.643560  1.948270 57.7812
3 -7.096690  2.695040 59.0020
3 -6.485440  4.016790 59.0229
3  5.830110  3.794200 59.0734
3  5.986870  3.233680 57.7627
3 -6.224650  4.576990 57.6615
3 -5.541600  5.826960 57.6888
3  4.860160  5.646200 57.7075
3  5.143880  5.091390 59.0548
3 -5.107260  6.350380 59.0127
3 -4.105550  7.361830 59.0086
3 -3.538250  7.736740 57.6867
3  2.387130  8.124160 59.0342
3  3.494860  7.187410 59.0306
3  4.016960  6.778610 57.7004
3 -2.275730  8.314810 57.6566
3 -1.658430  8.517370 58.9576
3 -0.218669  8.642290 58.9767
3  1.835950  8.268550 57.6795
3  0.420545  8.557470 57.6822
3 -7.501060  0.673583 60.3245
3 -7.174160  2.081250 60.3232
2 -1.867280  1.072810 60.2708
2 -0.670761  1.138130 59.6217
2  1.628300  0.826605 59.8986
2  0.457901  1.499410 60.4446
2  2.514300  0.379375 60.8804
3  6.651570  1.958600 60.4501
3  6.004740  3.207030 60.4411
3 -6.246810  4.692040 60.3281
3 -5.514500  5.922630 60.3241
3  4.792850  5.589080 60.3608
3 -3.532350  7.681720 60.3014
3  3.922500  6.717970 60.3618
3 -2.298810  8.379480 60.3110
3  1.811950  8.368120 60.3839
3  0.401630  8.630420 60.3236
3 -7.381290  0.684315 63.0124
3 -7.114320  2.097480 63.0303
2 -2.039300  1.250900 61.6823
2 -3.072830  0.453370 62.2336
2 -0.995460  1.745810 62.4996
2  0.283993  1.822990 61.8171
2  1.258830  1.311210 62.7128
2  2.442890  0.686902 62.2851
3  6.717940  1.328620 61.7839
3  6.497380  1.926510 63.0620
3 -6.992230  2.702900 61.6392
3 -6.468460  4.039820 61.6300
3  5.998030  3.258860 63.0819
3  5.728530  3.817470 61.7556
3 -6.245700  4.648180 63.0421
3 -5.499040  5.844350 63.0005
3  5.192820  5.120720 61.7366
3  4.834470  5.672550 63.0434
3 -5.191110  6.436550 61.6456
3 -4.086350  7.345870 61.6589
3 -3.556970  7.727140 62.9874
3  2.355640  8.058090 61.7324
3  3.458770  7.151430 61.7285
3  3.923500  6.760890 63.0760
3 -2.338660  8.518540 62.9583
3 -1.686290  8.615990 61.6503
3 -0.299483  8.819970 61.6751
3  1.748010  8.346020 63.0348
3  0.336510  8.672640 63.0394
3 -7.384800  0.066796 64.3872
2 -1.709550  0.250388 64.2914
2 -0.780774  1.156090 63.8072
2  0.619299  0.952944 63.9487
3  6.555190  1.270360 64.4188
3 -6.876730  2.674640 64.3564
3 -6.489890  4.052810 64.3555
3  5.736530  3.824360 64.4575
3  5.197250  5.152190 64.4079
3 -5.147540  6.407360 64.3511
3 -4.105180  7.416640 64.3800
3  2.372990  8.082480 64.3614
3  3.508850  7.264000 64.3662
3 -1.730050  8.688800 64.3432
3 -0.321420  8.775290 64.3366
3 -7.305730  0.036172 67.0620
3 -7.321780  0.694884 65.7419
3  6.597310  1.247660 67.0909
3  6.421850  1.900740 65.7860
3 -7.017080  2.074490 65.7639
3 -6.737140  2.670080 67.1051
3 -6.445830  4.002780 67.0595
3  5.742490  3.807310 67.0779
3  5.918840  3.222660 65.7758
3 -6.235350  4.643420 65.6802
3 -5.463850  5.838290 65.6704
3  4.912600  5.779290 65.7501
3  5.248160  5.117810 67.0647
3 -5.038240  6.308710 66.9750
3 -4.103120  7.299830 66.9828
3 -3.610730  7.799810 65.6948
3  2.306330  8.145520 67.0663
3  3.565330  7.352470 67.0000
3  4.085620  6.891200 65.7052
3 -2.313460  8.461830 65.6473
3 -1.749740  8.679060 67.0029
3 -0.297907  8.790570 66.9961
3  1.713220  8.350710 65.6842
3  0.332150  8.795270 65.6412