304

3 -4.012170 -6.937300  99.4165
3 -1.393830 -7.896090  99.4188
3  0.000317 -8.018800  99.4197
3  2.742680 -7.535610  99.4204
3  4.010990 -6.943650  99.4217
3 -5.160710 -6.133500  99.4117
3  6.141890 -5.153250  99.4223
3 -7.640180 -2.762210  99.4139
3 -6.989550 -4.010410  99.4147
3  6.942850 -4.005390  99.4237
3 -8.159200 -0.001322  99.4162
2 -3.572400 -1.087150  99.7447
2 -1.387160 -0.318778  99.6179
3  7.891000 -1.392080  99.4214
3 -3.391060 -7.265030 100.6290
3 -4.009800 -6.944130 101.8430
3 -2.075930 -7.745190 100.6310
3 -1.393350 -7.897110 101.8440
3  0.698723 -7.988490 100.6320
3  0.000771 -8.018940 101.8450
3  2.077010 -7.745020 100.6330
3  2.744180 -7.532710 101.8460
3  4.599990 -6.565360 100.6350
3  4.012330 -6.938080 101.8500
3 -5.669380 -5.661250 100.6280
3 -6.571370 -4.589230 100.6240
3 -5.155650 -6.139690 101.8410
3  5.670770 -5.662760 100.6380
3  6.145960 -5.141120 101.8510
3 -7.530490 -2.737270 101.8420
3 -6.939870 -4.005510 101.8420
3  6.963830 -4.001900 101.8560
3  7.261830 -3.380790 100.6370
3 -7.757340 -2.072960 100.6300
3 -8.005130 -0.696175 100.6280
3 -8.011050 -0.001361 101.8430
1  2.733370 -0.080147 101.6790
1  3.131490 -1.408560 101.9540
3  7.746830 -2.068390 100.6390
3  7.966980 -1.395650 101.8510
3 -3.390010 -7.267610 103.0560
3 -4.009110 -6.945650 104.2690
3 -2.075030 -7.746160 103.0570
3 -1.392940 -7.897060 104.2690
3  0.699161 -7.987610 103.0570
3  0.000931 -8.018350 104.2700
3  2.077310 -7.743030 103.0580
3  2.745470 -7.529100 104.2700
3  4.606250 -6.556310 103.0620
3  4.014020 -6.933200 104.2730
3 -5.669970 -5.671140 103.0560
3 -6.568750 -4.598490 103.0550
3 -5.155350 -6.143280 104.2690
3  5.693610 -5.667970 103.0670
3  6.240690 -5.189480 104.2730
3 -7.535910 -2.742790 104.2700
3 -6.944760 -4.011020 104.2690
1  0.320068 -2.323540 104.1330
1  2.219190 -2.343970 102.5750
1  2.931230 -3.152740 103.5350
1  4.291140 -2.692220 103.5350
3  7.154620 -4.098380 104.2720
3  7.389000 -3.413170 103.0630
3  7.940770 -2.110280 103.0640
3 -7.743050 -2.075570 103.0570
3 -7.985360 -0.697886 103.0570
3 -8.019320 -0.000345 104.2700
1  0.501718 -0.595001 102.5810
1 -0.388998 -0.162508 103.6260
1  0.926301 -1.933090 102.8880
1  4.435860 -1.638360 102.5160
1  5.625170 -0.408205 104.1450
1  5.180200 -0.486662 102.8120
3  8.327480 -1.448510 104.2630
3  8.473380 -0.007022 104.2630
3 -3.389610 -7.267970 105.4820
3 -2.074810 -7.746160 105.4820
3  0.699157 -7.986980 105.4820
3  2.077030 -7.741930 105.4820
3  4.618600 -6.559640 105.4820
3 -5.670190 -5.671700 105.4820
3 -6.569700 -4.600060 105.4820
3  5.730590 -5.694310 105.4820
1  0.912288 -2.792490 106.4770
1  1.013390 -3.092820 105.0700
1  2.355530 -3.526840 104.7820
1  4.347940 -3.044260 106.0590
1  3.056700 -3.529910 106.0610
1  4.823140 -2.543550 104.8080
3  7.584640 -3.492610 105.4850
3  8.196790 -2.180120 105.4860
3 -7.746560 -2.076600 105.4820
3 -7.989570 -0.698560 105.4820
1 -0.595572 -0.939786 105.9510
1 -0.501124 -1.231370 104.5860
1  5.494120 -1.127170 106.4620
1  5.501300 -1.365740 105.0860
3 -4.009150 -6.945680 106.6940
3 -3.389900 -7.267900 107.9070
3 -1.392920 -7.897160 106.6940
3 -2.074980 -7.746340 107.9070
3  0.000937 -8.018460 106.6940
3  0.699121 -7.987870 107.9060
3  2.745410 -7.529640 106.6930
3  2.077290 -7.743470 107.9050
3  4.014320 -6.934480 106.6910
3  4.605420 -6.557300 107.9030
3 -5.155360 -6.143350 106.6950
3 -5.670200 -5.671560 107.9080
3 -6.569430 -4.599400 107.9080
3  6.240860 -5.192000 106.6940
3  5.689710 -5.665890 107.8990
3 -7.536370 -2.742950 106.6950
3 -6.944980 -4.011060 106.6950
1  2.186030 -3.030340 107.1000
1  2.626940 -2.172430 108.1420
1  4.780140 -2.149040 107.1130
3  7.127670 -4.081860 106.6920
3  7.384230 -3.414360 107.9050
3  7.920940 -2.106560 107.9050
3 -7.744970 -2.076440 107.9070
3 -7.987580 -0.698531 107.9070
3 -8.019880 -0.000503 106.6940
1  0.580269 -0.851185 107.9580
1  0.121207 -1.730810 106.9160
1  1.818870 -1.056670 108.5590
1  4.032960 -0.339688 108.6640
1  4.004220 -1.746390 108.2020
3  8.303390 -1.444850 106.7060
3  8.429860 -0.008043 106.7030
3 -4.009630 -6.945010 109.1200
3 -3.390920 -7.265980 110.3340
3 -1.393300 -7.897370 109.1200
3 -2.075770 -7.745710 110.3320
3  0.000788 -8.019180 109.1190
3  0.698610 -7.988800 110.3320
3  2.743900 -7.533520 109.1180
3  2.076870 -7.745460 110.3310
3  4.012090 -6.939220 109.1150
3  4.599820 -6.566580 110.3290
3 -5.155690 -6.141360 109.1220
3 -5.668780 -5.664650 110.3350
3 -6.566940 -4.590340 110.3380
3  6.144050 -5.141840 109.1150
3  5.670490 -5.664120 110.3270
3 -7.531080 -2.739190 109.1220
3 -6.941910 -4.008240 109.1210
3  6.960610 -4.002680 109.1110
3  7.260870 -3.382520 110.3300
3 -7.737660 -2.070540 110.3350
3 -7.987100 -0.695237 110.3350
3 -8.012750 -0.001307 109.1200
3  7.926250 -1.391300 109.1140
3  7.737420 -2.067660 110.3280
3 -8.014240  1.400860  99.4151
2 -3.128300  1.405970  99.6565
2 -2.732190  0.078756  99.9378
3  8.012190  0.000818  99.4210
3 -6.980430  4.008600  99.4089
3  6.941150  4.007090  99.4219
3  7.531170  2.738540  99.4221
3 -6.152410  5.142330  99.4139
3  5.155720  6.140600  99.4228
3 -4.012420  6.937170  99.4145
3 -2.744290  7.532160  99.4181
3 -0.000760  8.018870  99.4195
3  1.393330  7.897120  99.4202
3  4.009730  6.944560  99.4210
3 -7.756980  2.068720 100.6250
3 -7.889610  1.391180 101.8430
1  1.390180  0.315425 102.0080
1  3.573640  1.086320 101.8730
3  7.745940  2.071670 100.6350
3  7.990740  0.695242 100.6360
3  8.107200  0.002107 101.8510
3 -7.265180  3.379270 100.6270
3 -6.942050  4.003660 101.8400
3  6.967410  4.002300 101.8500
3  7.600550  2.749020 101.8530
3 -5.671220  5.661620 100.6250
3 -6.141410  5.151930 101.8420
3  5.669140  5.663230 100.6360
3  6.568300  4.589380 100.6390
3  5.158920  6.133260 101.8520
3 -4.600100  6.564160 100.6290
3 -4.011060  6.943250 101.8420
3 -2.077050  7.744820 100.6310
3 -2.742770  7.535450 101.8440
3 -0.698756  7.988440 100.6320
3 -0.000323  8.018890 101.8450
3  2.075860  7.745420 100.6330
3  1.393870  7.896290 101.8460
3  3.391000  7.265530 100.6350
3  4.011690  6.938260 101.8480
3 -7.743870  2.074410 103.0560
3 -7.897510  1.393620 104.2690
1 -0.370825  1.165200 104.0630
1  1.402170  1.681630 102.4550
1  4.837510  0.887313 102.4340
1  5.126900  1.730710 103.5740
3  8.258350  0.718854 103.0560
3 -7.266340  3.389530 103.0560
3 -6.945480  4.009760 104.2690
1  0.534370  2.110680 103.4640
1  0.969493  3.012920 104.4990
1  2.753020  2.168970 102.4100
1  2.267270  3.515760 104.4830
1  3.154310  3.072270 103.4210
1  4.420090  2.832420 104.0290
3  7.987770  2.116520 103.0550
3  7.148170  4.080090 104.2700
3  7.849840  2.833600 104.2700
3 -5.671240  5.669590 103.0550
3 -6.142900  5.155930 104.2690
3  5.695860  5.664150 103.0620
3  6.646460  4.624300 103.0650
3  5.179370  6.141400 104.2750
3 -4.599410  6.569490 103.0560
3 -4.010330  6.944870 104.2690
3 -2.076270  7.745760 103.0570
3 -2.742160  7.535990 104.2690
3 -0.698219  7.988460 103.0570
3 -0.000123  8.018250 104.2690
3  2.076960  7.742770 103.0580
3  1.393750  7.894970 104.2700
3  3.392000  7.260670 103.0610
3  4.018410  6.933270 104.2720
3 -7.746870  2.075670 105.4820
1 -0.575026  0.428695 106.3970
1 -0.465537  1.465450 105.4690
1  5.541610  1.146410 105.9200
1  5.608640  0.899731 104.5950
3  8.464380  0.736095 105.4850
3 -7.268170  3.390460 105.4820
1  0.379992  2.597750 105.7450
1  2.993030  3.537330 105.7370
1  4.309530  3.085720 105.4510
1  4.907370  2.286170 106.4110
3  8.174900  2.162200 105.4850
3 -5.671150  5.670720 105.4820
3  5.751400  5.701680 105.4820
3  6.748780  4.688270 105.4820
3 -4.599230  6.569890 105.4820
3 -2.076000  7.745800 105.4820
3 -0.698101  7.988230 105.4820
3  2.077100  7.741590 105.4820
3  3.391920  7.258730 105.4810
3 -7.897970  1.393490 106.6940
3 -7.745190  2.074850 107.9070
1  0.155368  0.483548 107.6350
1  0.978222  1.576610 107.9070
1  2.256320  1.379090 108.5350
1  4.878980  0.618678 108.0690
1  4.467150  1.999180 107.7490
1  5.543650  0.156131 106.9040
3  8.206430  0.713811 107.9070
3 -7.267340  3.389940 107.9070
3 -6.945640  4.009900 106.6950
1  2.438600  3.143760 106.9750
1  1.086910  2.649260 106.9540
1  3.149540  2.382770 108.0060
3  7.902860  2.097680 107.9040
3  7.150020  4.087730 106.6970
3  7.831170  2.830460 106.6980
3 -6.142990  5.155980 106.6950
3 -5.671280  5.670230 107.9080
3  5.174190  6.137320 106.6880
3  5.682790  5.656180 107.9010
3  6.623590  4.611840 107.8980
3 -4.010300  6.944990 106.6950
3 -4.599390  6.569820 107.9070
3 -2.742160  7.536070 106.6940
3 -2.076250  7.745960 107.9070
3 -0.000129  8.018410 106.6940
3 -0.698213  7.988660 107.9070
3  1.393770  7.895230 106.6940
3  2.076750  7.743470 107.9060
3  4.017140  6.933690 106.6920
3  3.391850  7.261830 107.9030
3 -7.890110  1.391360 109.1200
3 -7.739680  2.066360 110.3370
1  2.665560  0.069418 108.8600
3  8.064050  0.002323 109.1140
3  7.736410  2.071130 110.3290
3  7.982920  0.695447 110.3290
3 -7.261100  3.380660 110.3340
3 -6.942650  4.005640 109.1220
3  6.949460  3.998510 109.1140
3  7.557040  2.735960 109.1100
3 -5.670730  5.662620 110.3370
3 -6.141850  5.153450 109.1210
3  6.566600  4.591440 110.3260
3  5.668900  5.665860 110.3280
3  5.156310  6.132720 109.1120
3 -4.600120  6.565530 110.3340
3 -4.011030  6.943870 109.1210
3 -2.077050  7.745250 110.3330
3 -2.742710  7.535810 109.1200
3 -0.698743  7.988730 110.3320
3 -0.000374  8.019160 109.1190
3  2.075680  7.745860 110.3310
3  1.393810  7.896680 109.1180
3  3.390810  7.266310 110.3290
3  4.010960  6.939660 109.1160