364

3  0.687222 -8.514720 -6.275690
3  0.770472 -7.211510 -7.130520
3  2.202780 -7.876560 -6.491990
3 -4.960210 -4.485070 -6.649940
3 -2.717400 -6.062120 -6.454820
3  6.975150 -6.321820 -6.881730
3  8.068790 -5.511640 -6.899960
3 -5.781970 -3.374430 -6.652090
1  3.143030 -2.780750 -6.654470
3  9.507180 -3.057470 -6.964630
1  1.155850 -0.737403 -6.565040
1  4.660400 -0.901372 -7.092420
1  5.690530 -1.517800 -6.381980
3  9.476580 -0.596977 -7.040850
3 -1.502960 -6.852230 -6.401200
3 -1.297510 -7.712860 -5.254320
3 -0.012866 -8.337840 -5.109410
3  2.833600 -7.673660 -5.037270
3  5.037120 -7.283420 -6.007620
3  4.194630 -7.444610 -4.913860
3 -4.644390 -5.088630 -5.427900
3 -3.565970 -5.973380 -5.348020
3  6.274630 -6.641420 -5.731850
3  6.747230 -6.220220 -4.504280
3  7.866940 -5.344450 -4.508280
3  8.410410 -4.768130 -5.685370
3 -5.692660 -2.576330 -5.482950
1  1.902740 -3.025070 -5.962810
1  2.177480 -3.799690 -4.756040
1  4.192630 -3.428650 -5.868330
1  3.588460 -4.075830 -4.706770
1  5.429680 -2.785080 -5.722180
1  5.988240 -2.693000 -4.404610
3  9.115170 -3.522570 -5.736880
3 -5.525850 -1.128430 -5.380560
1  0.900252 -2.041430 -5.975290
1  0.155203 -1.820850 -4.753300
1 -0.044638 -0.394908 -4.600480
1  6.454600 -0.687146 -5.458750
1  6.560260 -1.407770 -4.235680
3  9.702260 -0.480900 -5.498070
3 -3.246400 -6.722940 -4.192570
3 -2.120790 -7.605260 -4.108190
3 -1.492920 -7.746700 -2.835910
3  0.670842 -8.085430 -3.895200
3 -0.078370 -7.975660 -2.759180
3  2.084240 -7.902400 -3.862840
3  2.685700 -7.894920 -2.587280
3  4.789980 -7.368190 -3.605630
3  4.081250 -7.695530 -2.458470
3  6.034140 -6.716040 -3.421840
3 -5.212280 -4.638470 -4.202530
3 -4.808110 -5.191960 -2.978250
3 -3.805580 -6.190720 -2.990360
3  6.642320 -6.437140 -2.210060
3  8.270330 -4.838050 -3.227990
3 -5.720150 -3.329800 -4.247190
3 -6.066330 -2.711360 -3.022940
1  0.411031 -2.555940 -3.571500
1  1.469180 -3.513860 -3.569690
1  2.092130 -3.521040 -2.288300
1  4.214720 -4.097760 -3.443810
1  3.452090 -3.885430 -2.192420
1  5.443970 -3.348760 -3.301040
1  5.468090 -2.703900 -2.017120
3  9.298540 -2.790340 -4.489950
3  8.973930 -3.568130 -3.247700
3 -6.123990 -0.606958 -4.168670
3 -6.374910 -1.363780 -3.013020
1  0.177614 -0.555169 -2.123650
1  0.380792 -1.931250 -2.258070
1  6.738820 -0.843098 -2.973180
3  9.722190 -1.375940 -4.359220
3  9.992740 -0.821892 -3.035060
3 -3.353390 -6.647170 -1.742020
3 -3.995720 -6.256770 -0.527941
3 -2.145010 -7.319020 -1.668350
3 -1.607270 -7.636240 -0.405211
3  0.500592 -8.130580 -1.476490
3 -0.226859 -8.022350 -0.299744
3  1.910790 -8.135770 -1.403260
3  2.471650 -7.995520 -0.129086
3  4.648220 -7.482270 -1.164670
3  5.931330 -6.866800 -1.022540
3 -5.343140 -4.721650 -1.778780
3 -5.079030 -5.347000 -0.561672
3  7.688910 -5.454540 -2.081500
3  7.859590 -4.825740 -0.844439
3 -6.017460 -3.458120 -1.805650
3 -6.410350 -2.847810 -0.608675
1  1.456010 -2.528270 -1.475650
1  3.704180 -2.069430 -0.457919
1  4.254910 -3.038780 -1.322640
3  8.533600 -3.567980 -0.791796
3  9.101210 -2.934720 -1.989540
3 -6.751930 -0.679083 -1.817270
3 -6.843930 -1.483950 -0.631077
1  2.282890 -1.802880 -0.622036
1  2.087120 -0.402492 -0.532839
1  4.383660 -0.757415 -0.336673
1  6.108930 -1.472290 -1.841380
1  5.599710 -0.448792 -0.984261
3  9.450860 -1.584130 -1.861990
3  9.156660 -0.937636 -0.652761
3  0.317142 -8.184160  0.947538
3  1.699860 -8.156640  1.053830
3 -3.504320 -6.686980  0.734053
3 -2.284520 -7.401200  0.769904
3  3.804230 -7.679550 -0.033534
3  4.274870 -7.438980  1.266290
3  5.405890 -6.644360  1.372550
3 -5.498920 -4.773070  0.686898
3  6.217680 -6.342880  0.261384
3  7.182470 -5.328760  0.283033
3  7.364610 -4.704810  1.543610
3 -6.135030 -3.512640  0.633636
3 -6.506940 -2.923340  1.858890
3  8.706100 -3.016480  0.493274
3  8.208520 -3.606630  1.660670
3 -6.954510 -0.811259  0.612010
3 -6.904250 -1.561330  1.833020
3  8.903340 -0.926199  1.732890
3  8.940110 -1.657700  0.538591
3  0.099162 -8.410110  3.368520
3  2.258950 -8.243060  2.327400
3  1.477710 -8.499650  3.484690
3 -4.011600 -6.260650  1.952770
3 -3.556310 -6.710120  3.213700
3 -1.781770 -7.786900  2.017450
3 -2.413350 -7.548920  3.229730
3 -0.469994 -8.201340  2.111940
3  3.583690 -7.827950  2.444490
3  4.068710 -7.542930  3.751860
3  5.208700 -6.701330  3.847050
3  5.836590 -6.228420  2.679160
3 -5.558160 -4.802920  3.158380
3 -5.053130 -5.315260  1.918150
3  6.674430 -5.093330  2.721940
3  6.928000 -4.503870  3.968670
3 -6.195460 -3.551530  3.118180
3  8.348940 -2.958470  2.929910
3 -7.017260 -0.853715  3.042880
3  8.807610 -1.633330  2.976640
3 -0.567274 -8.311140  4.594680
3 -0.055268 -8.568430  5.873730
3  2.105700 -8.521420  4.769120
3  1.319110 -8.589240  5.950900
3 -3.624050 -6.788280  5.664920
3 -4.161620 -6.352870  4.428740
3 -1.927830 -7.955960  4.535130
3 -2.537000 -7.636230  5.740800
3  3.331770 -7.883760  4.906930
3  3.768120 -7.485910  6.124740
3 -5.092940 -5.331700  4.433020
3 -5.333710 -4.630180  5.649380
3  5.389470 -6.072680  5.062020
3  6.336660 -4.972090  5.164920
3 -6.331750 -2.869820  4.338080
3 -5.871550 -3.351340  5.589370
3  7.789220 -3.474810  4.123550
3  8.023360 -2.791280  5.315470
3 -7.057830 -0.912343  5.497620
3 -6.904010 -1.595180  4.266980
3  8.839470 -0.847254  4.144830
3  8.537930 -1.500940  5.348900
3 -0.762712 -8.612920  7.069690
3  1.947220 -8.455200  7.228000
3 -4.163690 -6.329110  6.897740
3 -1.994500 -7.978910  6.993360
3  4.864380 -6.631590  6.245570
3  3.186340 -7.893790  7.288760
3 -4.949120 -5.179200  6.898520
3 -5.324930 -4.624260  8.113810
3  5.426770 -6.193070  7.429810
3  6.428110 -5.257080  7.573480
3  6.815010 -4.539600  6.437570
3 -6.320860 -2.785350  6.807480
3 -6.158570 -3.459270  8.033750
3  7.647950 -3.428500  6.477780
3  8.062190 -2.919960  7.688490
3 -7.107420 -0.891180  7.980480
3 -6.902400 -1.516140  6.759440
3  8.671720 -0.843578  6.585510
3  8.256630 -1.543110  7.761250
3 -0.125529 -8.865810  8.299110
3 -3.678980 -6.804640  8.139720
3 -2.657380 -7.772660  8.212980
3 -4.318260  0.343412 -7.159850
1  3.067210  0.814973 -7.052670
1  2.515350  1.778860 -6.193610
1  4.469510  0.518760 -6.927830
3  6.823590  5.239130 -6.806240
3  7.779970  4.220900 -6.571300
3 -5.115430  1.201390 -5.097320
3 -4.811130  0.033893 -5.917810
1  0.573850  0.288442 -5.723910
1  1.288000  1.485770 -5.510020
1  5.283040  1.333080 -6.112020
1  6.319240  0.695265 -5.353240
3  9.183770  0.842237 -6.411030
3 -3.824550  3.238570 -6.164350
3 -4.718920  2.594610 -5.156200
3 -2.870750  4.125950 -5.556760
1  1.306980  2.133980 -4.225780
1  2.543300  2.894910 -4.106760
1  3.312020  2.641360 -5.341330
1  4.693600  2.379800 -5.278790
3  8.930370  2.175850 -6.432580
3  9.273810  3.017630 -5.315790
3 -3.228250  5.084540 -4.566330
3 -2.373050  6.222150 -4.454170
3 -1.224310  6.362060 -5.330870
3  0.094066  6.674490 -5.106060
3  1.216620  5.735980 -5.239600
3  2.340630  6.241250 -4.465830
3  4.180610  6.377080 -5.938250
3  3.723960  6.362080 -4.657460
3  6.898250  5.973350 -4.442160
3  8.519800  4.238580 -5.382420
3  7.940060  4.930570 -4.292620
3  0.613462  7.751520 -4.311780
3  6.669520  6.261100 -5.809870
3 -5.907840  0.780846 -4.048680
3 -6.182300  1.484120 -2.897740
1 -0.007674  0.216536 -3.334120
1  0.674876  1.486640 -3.154890
1  6.333390  1.297550 -4.026630
1  6.616720  0.593662 -2.843560
3 10.083800  0.584449 -2.811680
3 10.483900  1.550390 -3.735400
3 -5.903400  2.830120 -2.931240
3 -5.039180  3.379200 -3.960520
1  3.219410  2.840450 -2.864290
1  4.632860  2.580470 -2.788920
1  5.329670  2.316110 -3.989880
3  8.900630  3.136560 -2.938500
3  9.628560  2.631030 -4.016340
3 -4.409770  4.663300 -3.795840
3 -4.956620  5.438690 -2.694950
3  5.926970  6.178700 -3.416140
3  8.083570  4.302540 -3.079740
3 -4.024040  7.600170 -3.479590
3 -4.511920  6.753560 -2.482380
3 -2.604890  7.326690 -3.624150
3 -1.875400  7.673250 -2.463700
3 -0.654442  8.280240 -2.398760
3  1.762770  7.326720 -3.664810
3  2.427440  7.517060 -2.399090
3  4.530560  6.636110 -3.493720
3  3.814680  7.121940 -2.345630
3 -0.141001  8.713110 -3.602210
3 -6.639550  0.739159 -1.796330
3 -6.718120  1.387170 -0.541840
1  1.070140  0.202685 -1.272600
1  1.356630  1.463080 -1.904130
1  4.858410  1.789410 -1.608440
1  3.598390  1.499460 -0.967371
1  3.346810  0.263458 -0.298526
1  5.888740  0.836873 -1.601180
3  9.120300  0.451738 -0.581846
3  9.469320  1.139520 -1.686100
3 -6.088410  3.499060 -1.693720
3 -6.430780  2.785050 -0.493056
1  2.569270  2.139960 -1.759920
3  9.013290  2.452080 -1.742210
3  8.450380  3.118260 -0.619444
3 -5.509720  4.758500 -1.564190
3 -5.206730  5.235050 -0.297793
3  6.296340  5.720220 -2.132430
3  7.362500  4.848010 -1.953520
3  7.669190  4.276630 -0.704570
3 -4.349620  6.346650 -0.151434
3 -3.826590  6.970070 -1.261720
3 -2.566020  7.531560 -1.261890
3 -1.911590  7.596880 -0.034226
3  0.108585  7.990230 -1.241980
3 -0.565298  7.850130 -0.017067
3  1.536470  7.700640 -1.295340
3  4.372390  6.917330 -1.100070
3  5.585210  6.202300 -0.986788
3 -6.976930  0.627574  0.661728
3 -7.104530  1.315410  1.881760
3  8.844260  1.116500  0.586884
3  9.001080  0.452673  1.818960
3 -6.275460  3.343980  0.815542
3  7.462670  4.392900  1.690450
3  8.510060  2.475100  0.576388
3  8.079790  3.145550  1.767150
3 -5.558910  4.557290  0.888234
3  6.042260  5.790580  0.260351
3  7.077990  4.863520  0.438882
3  5.283070  6.155920  1.429060
3 -3.759440  6.576550  1.080920
3 -2.590980  7.311060  1.149590
3  0.059653  8.000480  1.176900
3  2.253740  7.729630 -0.014579
3  1.446800  8.034370  1.168670
3  3.549330  7.210010  0.051277
3  4.089320  6.943460  1.338410
3 -7.194350  0.554532  3.071280
3  8.882100  1.226200  2.986540
3 -6.688880  2.673740  1.964720
3 -6.478570  3.280520  3.189120
3  8.489890  2.579480  2.970600
3 -5.792160  4.487460  3.291210
3 -5.251300  5.068460  2.156090
3 -4.407370  6.133980  2.224380
3  5.004370  5.988850  3.867500
3  5.727080  5.687990  2.724970
3  6.907660  4.941740  2.884640
3 -4.044240  6.655000  3.463830
3 -2.065530  7.656840  2.373880
3 -2.782200  7.371830  3.511740
3 -0.034125  8.075670  3.599330
3  2.127390  7.921280  2.413850
3  1.362610  8.015060  3.625560
3  3.473210  7.446510  2.501160
3  3.919400  6.929010  3.759000
3 -0.698391  7.999370  2.356940
3 -7.277630  0.480776  5.470540
3 -7.204920  1.249510  4.312430
3  8.977930  0.560514  4.198060
3  8.784020  1.250150  5.397290
3 -6.821460  2.605240  4.330940
3 -6.718370  3.221470  5.564910
3  7.135910  4.233720  4.113570
3  8.027210  3.177290  4.161690
3  8.227610  2.508850  5.395830
3 -6.009150  4.435120  5.665820
3 -5.539780  5.091270  4.532580
3 -4.618450  6.120360  4.622070
3  5.443380  5.573190  5.138210
3  6.434350  4.575060  5.269640
3 -4.059960  6.451500  5.850120
3 -2.176230  7.607840  4.738590
3 -2.867490  7.194580  5.877270
3 -0.810934  7.966630  4.759610
3 -0.202929  8.120450  6.014380
3  1.946100  7.846630  4.874750
3  1.210870  8.001020  6.094640
3  3.230290  7.219650  4.943500
3 -7.447750  0.426529  7.958470
3 -7.367210  1.131360  6.711640
3  8.749660  0.566585  6.603310
3  8.381750  1.250510  7.809350
3 -6.861560  2.448000  6.709560
3 -6.664160  3.017190  7.946700
3  7.737120  3.076020  6.558870
3  8.013100  2.566830  7.795040
3 -5.789190  4.060640  8.019270
3 -5.412820  4.718480  6.850810
3 -4.517390  5.757530  6.937140
3  5.285640  5.560720  7.592450
3  6.282580  4.606350  7.725830
3  6.857900  4.146400  6.530430
3 -2.274250  7.336550  7.122890
3 -0.967625  7.811220  7.146410
3  1.811320  7.704550  7.308600
3  3.696580  6.753900  6.203530
3  2.998980  6.982860  7.392620
3  4.835900  5.997590  6.328180
3 -4.000070  6.030570  8.173350
3 -2.955430  6.909430  8.224320
3 -0.361921  7.824480  8.361660