129

3 -0.829503  -0.972594 101.988
3  0.052767  -0.448342 102.813
1 15.171100  -8.860920 106.732
1 17.547400  -9.161550 106.079
1 18.826000  -8.556120 106.492
1 16.398600  -8.345370 106.144
1 16.492900  -6.943560 106.518
1 16.319700 -11.721100 108.513
1 16.317400 -10.959600 107.285
1 18.768600 -10.704900 107.398
1 14.400400 -10.360900 108.524
1 15.136400 -10.136700 107.292
1 17.511700 -10.503300 106.677
1 19.556700  -9.496750 107.311
1 20.379200  -9.088020 108.374
1 13.837900  -7.991760 108.666
1 14.556700  -7.797240 107.480
1 15.335200  -6.618750 107.347
1 18.936700  -7.194390 106.852
1 19.792200  -6.747240 107.965
1 15.401700  -5.692090 108.396
1 17.740700  -6.380310 106.875
1 16.693000  -5.142990 108.735
1 17.824000  -5.490370 107.997
1 19.089800  -5.670900 108.656
1 15.149800 -11.329300 109.282
1 15.170500 -11.251800 110.688
1 17.570800 -11.801000 110.610
1 17.526100 -11.959100 109.174
1 18.759000 -11.420900 108.616
1 19.573900 -10.990500 109.729
1 13.754000  -9.319930 109.215
1 13.787100  -9.215210 110.654
1 20.402800  -9.851680 109.607
1 13.885100  -7.060520 109.767
1 13.833900  -7.818300 111.009
1 20.483400  -7.696940 108.724
1 20.522600  -7.581240 110.168
1 14.645400  -5.886440 109.624
1 15.501600  -5.461900 110.721
1 16.759600  -5.001330 110.165
1 17.979500  -5.152760 110.843
1 19.155000  -5.516290 110.062
1 19.893200  -6.501700 110.837
1 16.432800 -11.477800 111.365
1 18.852600 -11.232300 110.969
1 14.500500 -10.174000 111.383
1 15.329800  -9.736060 112.465
1 16.535800 -10.512800 112.433
1 17.775100  -9.980950 112.789
1 18.966400 -10.343100 112.052
1 19.787900  -9.159890 111.905
1 20.489700  -8.927840 110.715
1 14.673500  -7.403320 112.054
1 15.420200  -8.380030 112.807
1 19.088900  -8.071170 112.565
1 19.155000  -6.769600 112.052
3 -5.984070  -4.798050 111.760
3 -5.104770  -5.326620 112.547
1 15.506100  -6.229610 111.894
1 16.768100  -6.483590 112.550
1 17.968900  -5.952530 112.048
2 -1.125120  -0.276583 112.600
2 -0.524582  -1.553750 112.821
3 -8.344790 -14.980000 113.519
3 -8.820110 -16.000200 112.795
3 -7.599950 -14.121900 114.180
1 16.705400  -7.807020 113.108
1 17.860900  -8.580850 113.108
3 -4.297670  -5.602300 113.555
3 -3.741350  -6.033810 114.615
2 -2.484560  -2.327100 114.141
2 -1.181940  -2.572630 113.517
2 -0.404985  -3.439110 114.380
2  0.972107  -3.205970 114.528
2  1.634520  -2.181100 113.785
2 -3.038560  -1.027230 114.009
2 -2.335150   0.016440 113.262
2  0.900673  -1.377270 112.916
2  3.003760  -0.281999 114.465
2  2.726000  -1.657750 114.556
3 -3.250010  -6.302500 115.776
2 -2.454770  -2.993680 115.441
2 -1.185550  -3.704990 115.558
2 -3.070610  -2.400490 116.566
2  1.664200  -3.356350 115.786
2  2.747590  -2.374760 115.815
2 -3.634010  -0.391832 115.174
2 -3.629260  -1.064100 116.414
3 -3.406440  -6.613460 117.089
2 -0.540578  -3.720360 116.822
2  0.890806  -3.537760 116.931
2  2.989730  -1.626840 116.991
2  3.273930  -0.202716 116.898
2  1.187880   0.024624 112.788
3 -3.642100   1.482170 102.422
3 -2.779680   1.292090 103.516
3 -2.758480   3.744540 102.309
3 -1.992400   3.560060 103.464
3 -2.058060   2.319110 104.105
3  9.120730   2.135470 104.222
3  8.965730   2.247040 102.887
3 -1.235320   4.742690 103.780
3 -0.655959   5.899580 103.232
3  0.647216   6.260380 103.130
3 -1.549700   6.743830 102.477
3  1.793860   6.866810 102.752
3  2.921060   7.440690 102.304
3  9.195000   2.103660 105.543
3  9.314300   1.980210 106.868
3  9.331010   2.069570 108.158
2 -0.070742   0.730601 112.590
2 -2.510050   1.267870 113.949
2 -0.252795   1.976010 113.247
2  2.227350   0.572041 113.570
2  2.000500   1.814730 114.245
2 -1.508270   2.248780 113.938
2  0.815853   2.525580 114.070
2 -3.290390   1.009130 115.127
2 -2.986340   1.755370 116.258
2  2.672580   1.764510 115.520
2  3.287200   0.454107 115.666
2 -1.212100   3.007220 115.136
2 -1.993510   2.820230 116.286
2  0.209050   3.194120 115.215
2  0.839590   3.121780 116.475
2  2.076330   2.392830 116.627
2 -2.980330   1.065820 117.506
2 -1.339620   2.733000 117.571