241

3 -4.580860 -6.933810 -2.115860
3 -3.264760 -7.558270 -2.137750
3 -0.764244 -7.982190 -2.057620
3  0.711319 -7.718170 -2.061950
3  3.069620 -6.572820 -2.083920
3 -6.615130 -5.257760 -2.084100
1 -1.327540 -4.655120 -2.534130
1 -0.086163 -4.388000 -1.931560
3  4.301400 -5.733660 -2.089670
3 -7.319450 -4.011780 -2.094320
1 -4.086220 -2.466800 -1.716520
1 -3.581550 -3.724520 -2.217000
1 -2.353870 -4.190880 -1.627990
1  1.878470 -2.902000 -2.448740
1  1.657250 -2.155280 -1.242770
3  6.058330 -3.794100 -2.099960
3  6.701280 -2.468350 -2.149600
3 -7.975240 -1.484200 -2.100930
1  1.726400 -0.665448 -1.332020
1  2.005270 -0.085596 -2.579770
3  7.759520 -0.135359 -2.148770
3 -5.112050 -6.672150 -0.519878
3 -2.691470 -7.703870 -0.552048
3 -1.278430 -8.029340 -0.518600
3  1.310900 -7.524310 -0.483169
3  2.619430 -6.918630 -0.472053
3 -6.283310 -5.765180 -0.584650
3  4.694300 -5.338790 -0.518272
3 -7.684260 -3.444270 -0.597474
1 -0.274444 -3.515310 -0.763851
1 -1.729870 -3.481070 -0.478819
1  0.497846 -2.441570 -0.476084
3  5.701980 -4.325580 -0.521641
3  6.993810 -1.993700 -0.564768
3 -8.011890 -2.097670 -0.505945
1 -3.503350 -1.741770 -0.667958
1 -2.295780 -2.290330 -0.058085
1 -0.072299 -1.209450 -0.026202
1 -1.410550 -1.149170  0.216034
1  0.703942 -0.067808 -0.495594
3  7.574460 -0.693476 -0.578093
3 -4.642360 -7.040610  1.048920
3 -5.228410 -6.697720  2.598730
3 -3.273640 -7.562890  1.060460
3 -2.754540 -7.680220  2.649150
3 -0.707051 -8.050550  1.072470
3 -1.329300 -7.913070  2.664680
3  0.723066 -7.779160  1.105530
3  1.294470 -7.609010  2.625360
3  3.012730 -6.499750  1.035550
3  2.557440 -6.874320  2.609770
3 -6.677190 -5.286590  0.945904
3 -6.251760 -5.730710  2.538760
3  4.264150 -5.777990  1.085590
3  4.751200 -5.358690  2.632350
3  5.784440 -4.311810  2.605820
3 -7.498070 -4.037040  0.952916
3 -7.662880 -3.471590  2.531790
3  6.020940 -3.770350  1.046620
3  6.768490 -2.496140  1.076860
3 -8.056450 -2.037930  2.587970
3 -8.114940 -1.455590  1.050030
3  7.158830 -2.014950  2.578430
3  7.715870 -0.662228  2.603540
3  7.657520 -0.066635  1.001510
3 -4.708640 -6.962940  4.196050
3 -3.345250 -7.473930  4.158380
3 -0.711988 -7.997270  4.196220
3  0.725468 -7.734800  4.201570
3  3.100970 -6.600650  4.224190
3 -6.576460 -5.283820  4.130170
3  4.363380 -5.856370  4.169680
3 -7.403260 -4.018650  4.104860
3  6.116290 -3.787580  4.179320
3  6.905740 -2.588060  4.183100
3 -8.076850 -1.509770  4.205820
3 -8.035220 -0.052101  4.273600
3  7.849920 -0.138165  4.159470
3 -5.195490 -6.661310  5.786610
3 -2.806920 -7.687560  5.769570
3 -1.338150 -7.909350  5.756790
3  1.250920 -7.406330  5.798040
3  2.582530 -6.860980  5.803800
3 -6.235200 -5.685760  5.728380
3  4.664580 -5.263370  5.745560
3  5.749300 -4.280160  5.731170
3 -7.640190 -3.534970  5.694200
3  7.164110 -2.105160  5.762880
3 -8.092110 -2.152160  5.755120
3  7.726380 -0.767098  5.756920
3 -4.707870 -7.019600  7.352490
3 -3.381630 -7.585060  7.380040
3 -0.758181 -7.843380  7.368060
3  0.713938 -7.661590  7.387300
3  3.090960 -6.555730  7.339810
3 -6.609020 -5.244100  7.323910
3  4.332680 -5.737570  7.362850
3 -7.533620 -4.132900  7.256180
3  6.078920 -3.803550  7.308270
3  6.950020 -2.644200  7.312990
3 -8.181310 -1.598820  7.347110
3 -8.034390 -0.025776  7.322090
3  7.881640 -0.147886  7.312900
3 -5.156250 -6.639170  8.934550
3 -4.638120 -6.846540 10.548100
3 -2.797700 -7.728920  8.928360
3 -3.318750 -7.413770 10.518600
3 -1.358110 -7.849790  8.942490
3 -0.723148 -7.811150 10.538700
3  1.265170 -7.436210  8.980950
3  0.723479 -7.683350 10.530700
3  2.584220 -6.772090  8.946260
3  3.141450 -6.598260 10.557100
3 -6.233060 -5.651010  8.876800
3 -6.758500 -5.319730 10.446000
3  4.306640 -5.722420 10.523100
3  4.709520 -5.350510  8.913530
3  5.656910 -4.239470  8.911070
3 -7.839620 -3.608490  8.856300
3 -7.616380 -4.155760 10.429200
3  6.133670 -3.788090 10.499700
3  6.938940 -2.557190 10.524900
3  7.290780 -2.151080  8.889690
3 -8.096150 -2.199580  8.882620
3 -8.047580 -1.615390 10.452300
3 -8.070760 -0.169263 10.527200
3  7.767520 -0.792817  8.856180
3  7.809490 -0.186923 10.462700
3 -8.066400 -0.021539 -2.070500
1 -3.217970  1.507670 -2.379090
1 -3.926500  0.411505 -1.847360
1 -1.992070  1.857880 -1.844600
1  0.283476  1.706500 -2.121600
3  7.873450  1.366930 -2.111670
3 -6.926070  2.365390 -2.083920
3 -5.946450  3.412790 -2.078380
3  7.265750  3.916660 -2.147120
3 -4.204750  5.324230 -1.993150
3  6.652900  5.258650 -2.160020
3 -3.037990  6.237760 -2.007100
3 -0.671121  7.389430 -2.044910
3  0.795174  7.753410 -2.027190
3  3.389540  7.489680 -2.127890
3  4.787960  7.130060 -2.078600
3 -7.838180  0.503296 -0.512764
3 -7.296840  1.890210 -0.468546
1 -3.400390 -0.336148 -0.784891
1 -2.126570  0.089106 -0.186166
1 -1.460310  1.166490 -0.741148
1 -0.051453  1.133730 -0.839570
3  7.868320  1.962880 -0.602148
3  7.467430  3.390280 -0.620059
3 -5.548330  3.825700 -0.449196
3 -4.462750  4.776410 -0.416697
3  6.292630  5.651280 -0.596496
3 -2.497830  6.504460 -0.451665
3 -1.244520  7.223990 -0.458211
3  1.339910  7.726620 -0.514971
3  2.831580  7.640350 -0.518002
3  5.282330  6.666520 -0.538290
3 -7.893140  0.463749  2.671880
3 -7.276690  1.842390  2.718030
3 -7.971880 -0.019275  1.071120
3  7.837090  1.329090  0.953228
3  7.808110  1.871630  2.558350
3 -6.867840  2.289340  1.126580
3 -5.951440  3.360870  1.104800
3 -5.468740  3.733050  2.684960
3  7.314350  3.874540  1.006320
3  7.502970  3.391940  2.625460
3 -4.443490  4.760780  2.779280
3 -4.082160  5.247630  1.169150
3  6.657430  5.190020  1.010900
3  6.354940  5.655130  2.606800
3 -2.954770  6.141160  1.158430
3 -2.509570  6.548050  2.742580
3 -0.675030  7.402280  1.139880
3 -1.206270  7.238010  2.729280
3  0.766564  7.618700  1.095900
3  1.390660  7.757910  2.642380
3  3.367620  7.531810  1.029760
3  2.823990  7.715560  2.632540
3  4.739890  6.947780  1.031920
3  5.245620  6.596390  2.601510
3  7.792990  1.365450  4.167640
3 -6.817700  2.252420  4.223630
3 -5.957020  3.381330  4.245360
3  7.326310  3.933160  4.215350
3 -4.028450  5.133110  4.310250
3 -2.973830  6.160760  4.305470
3  6.631730  5.228390  4.220920
3 -0.646703  7.440390  4.312420
3  0.813100  7.730310  4.264910
3  3.412310  7.566190  4.229490
3  4.771480  6.943030  4.225110
3 -7.777880  0.410576  5.811150
3 -7.242000  1.802760  5.812970
3  7.734450  1.892490  5.771250
3 -5.457440  3.801150  5.817710
3  7.454970  3.367490  5.816460
3 -4.428070  4.808450  5.811910
3  6.323880  5.708270  5.833310
3 -2.510110  6.531730  5.872200
3 -1.227710  7.281110  5.877410
3  1.353070  7.734260  5.845020
3  2.904670  7.829530  5.781190
3  5.289120  6.726110  5.801710
3  7.757960  1.308270  7.336770
3 -6.903110  2.285320  7.405430
3 -5.925820  3.365390  7.385860
3  7.379980  3.914030  7.403920
3 -4.009860  5.178820  7.397120
3  6.738890  5.231030  7.412830
3 -2.862970  6.086190  7.419020
3 -0.604352  7.379860  7.447950
3  0.873964  7.554110  7.466930
3  3.373300  7.497900  7.392970
3  4.705910  6.918090  7.365800
3 -7.928520  0.475489  8.959250
3 -7.337730  1.811160  8.957670
3  7.892860  1.280240 10.492200
3  7.772410  1.877920  8.908650
3 -6.987530  2.261790 10.549300
3 -5.951380  3.328110 10.532000
3 -5.633670  3.883320  8.941410
3  7.468460  3.322110  8.951490
3  7.294910  3.881300 10.581900
3 -4.439570  4.762090  8.952220
3 -4.019330  5.173580 10.531200
3  6.291700  5.582880  8.971890
3  6.617740  5.163420 10.581200
3 -2.333290  6.379330  8.991220
3 -2.852240  6.031630 10.553800
3 -1.082870  7.134520  8.990900
3 -0.518534  7.256390 10.597200
3  1.440980  7.665500  9.049740
3  0.887544  7.530070 10.579300
3  2.908340  7.627330  9.014390
3  3.490190  7.554620 10.601900
3  5.245940  6.566390  8.947050
3  4.792080  6.978070 10.539700