289

3 -0.293949 -8.472810 31.0757
3 -1.638480 -8.101810 31.0771
3  0.375019 -8.487430 32.3849
3  1.786270 -8.259960 32.4099
3  2.333340 -8.039050 31.0630
3 -3.495840 -7.188430 32.3451
3 -3.964830 -6.711210 31.0074
3 -2.209350 -7.844140 32.3635
3  3.578800 -7.391570 31.0380
3  4.239220 -7.258320 32.3423
3  5.363960 -6.377880 32.3098
3 -5.227630 -5.177690 32.4006
3 -4.845090 -5.644640 31.0267
1 -0.983966 -4.553510 31.3445
1 -1.046150 -4.150770 32.7422
1  0.408212 -4.937840 31.0389
1  1.185130 -4.673320 32.2422
1  2.467950 -4.125500 32.1036
3  5.731170 -5.840150 31.0126
3  6.570930 -4.674160 31.0535
3  6.860910 -4.142470 32.4161
3 -6.212720 -3.352930 31.0460
3 -5.965460 -3.923790 32.3839
1 -2.667680 -2.965180 30.6981
1 -2.743260 -2.526070 31.9987
1  3.059730 -3.814500 30.7583
1  3.617100 -2.127090 32.3074
1  3.734680 -2.526520 30.9383
3  7.162900 -2.767550 32.4442
3  7.364960 -2.127920 31.0896
3 -6.634030 -1.974210 31.0353
3 -6.648930 -1.292730 32.3311
1 -2.920910 -0.141949 31.2624
1 -2.827560 -1.074370 32.3097
1  3.621740 -0.732552 32.6181
3  7.383360 -0.683720 31.0348
3  7.342950 -0.088001 32.4255
3 -0.250569 -8.387480 33.7184
3  2.396300 -8.150270 33.7023
3 -3.977780 -6.827560 33.6740
3 -1.659730 -8.144140 33.7141
3  3.722590 -7.697660 33.6959
3 -4.899530 -5.723550 33.7144
1  0.259677 -4.183080 33.2939
3  5.889620 -5.999660 33.6817
3  6.588740 -4.731680 33.7209
3 -6.168770 -3.326160 33.7265
1 -1.881510 -3.113610 33.0473
1 -1.581020 -2.090240 34.0342
1 -0.260246 -2.107430 34.6290
1  0.665244 -3.187920 34.2540
1  1.903340 -2.583920 33.9759
1  2.837230 -3.061290 33.0550
3  7.330800 -2.164940 33.7366
3 -6.538130 -1.932860 33.6945
1 -2.076250 -0.826258 33.5497
1  1.855210 -1.190350 34.2303
1  0.516102 -0.864648 34.5845
1  2.651350 -0.253635 33.5414
3  7.317120 -0.728893 33.7462
3 -0.311203 -8.466780 36.3759
3  0.374513 -8.470560 35.0227
3  1.779070 -8.359290 35.0259
3  2.417040 -8.310620 36.3509
3 -4.050080 -6.918560 36.3206
3 -3.510310 -7.262030 34.9621
3 -2.301940 -7.979940 34.9914
3 -1.724540 -8.285480 36.3273
3  3.703590 -7.740560 36.3280
3  4.267400 -7.402740 35.0268
3  5.368560 -6.493180 35.0257
3 -5.307820 -5.184110 35.0713
3 -4.878050 -5.772580 36.3440
3  5.779580 -6.007730 36.3804
3  6.501330 -4.799170 36.3943
3  6.832490 -4.126540 35.0500
3 -6.137430 -3.265800 36.3877
3 -5.914070 -3.880370 35.0732
3  7.306900 -2.784710 35.0667
3  7.376920 -2.147900 36.3252
3 -6.690360 -1.350580 35.0431
3 -6.557370 -1.932450 36.3707
3  7.428210 -0.724494 36.3624
3  7.215170 -0.077533 35.0695
3  0.300502 -8.493270 37.7046
3  1.747540 -8.491930 37.6834
3 -3.579720 -7.352110 37.7242
3 -2.351330 -8.052990 37.7136
3  4.313020 -7.494790 37.6936
3  5.356240 -6.523120 37.7046
3 -5.272840 -5.250230 37.6839
3  6.744980 -4.201310 37.7026
3 -5.912360 -3.926850 37.6952
3  7.222340 -2.849370 37.6339
3 -6.708960 -1.345980 37.7009
3  7.212560 -0.127100 37.6774
3 -0.308209 -8.474660 39.0633
3  0.312646 -8.466200 40.4081
3  1.710550 -8.377620 40.4049
3  2.350930 -8.356660 39.0249
3 -4.095700 -6.978730 39.0319
3 -3.605030 -7.404990 40.3632
3 -2.350790 -8.055700 40.3385
3 -1.699570 -8.245170 39.0293
3  3.701940 -7.821810 39.0326
3  4.231100 -7.476940 40.3723
3  5.254450 -6.540120 40.3597
3 -4.881800 -5.785820 39.0430
3 -5.220930 -5.280730 40.3367
3  5.757070 -6.049620 39.0245
3  6.514130 -4.842090 39.0327
3  6.734830 -4.184920 40.3372
3 -6.140650 -3.420940 39.0364
3 -5.919300 -4.010710 40.3625
3  7.170750 -2.821350 40.3115
3  7.325520 -2.213370 38.9613
3 -6.642800 -2.052990 39.0521
3 -6.716580 -1.416820 40.3694
2 -2.713300 -0.720501 40.1936
2 -0.424756 -1.325140 39.8070
2 -1.515420 -0.496883 39.3319
2  0.871050 -0.748447 39.6456
2  1.759730 -0.955475 40.7788
3  7.350260 -0.807342 38.9772
3  7.275840 -0.177104 40.3652
3 -0.293905 -8.339540 41.7178
3 -1.702060 -8.145200 41.7082
3  2.373820 -8.347950 41.7036
3 -4.017490 -7.005650 41.7047
3  3.721270 -7.814870 41.6886
3 -4.931670 -5.879050 41.6654
3  5.653340 -5.996160 41.6900
3  6.392390 -4.730620 41.6492
3 -6.126130 -3.429370 41.6979
2  0.049312 -2.231620 42.0621
3  7.287520 -2.229450 41.6287
3 -6.627420 -2.052480 41.6716
2 -2.260640 -1.586740 41.2620
2 -2.629160 -1.346850 42.5789
2 -0.859227 -1.985120 40.9934
2  1.382870 -1.666660 41.9286
3  7.355780 -0.815746 41.6492
3  7.091110 -2.786730 42.9195
2 -3.519440 -0.297589 42.9041
3 -6.838050  0.728054 30.9800
3 -6.892400  0.122912 32.3548
1 -2.194480  1.076410 31.3959
1 -1.415880  1.363920 32.5473
1 -0.102308  1.869010 32.4404
1  1.834310  1.916100 30.8639
1  2.641450  1.298610 31.8737
1  3.563210  0.239805 31.5529
3  7.018510  1.255970 32.3963
3  6.797080  1.875500 31.0686
3 -6.818400  2.140470 30.9909
3 -6.799080  2.829440 32.3131
1  0.456561  2.192310 31.1707
3  5.863690  3.769350 32.4292
3  6.283810  3.223200 31.0641
3 -6.449620  4.178660 32.3148
3 -6.187820  4.850810 30.9801
3 -5.433790  6.072830 31.0323
3  4.996920  5.573570 31.0727
3  5.295140  5.029120 32.3947
3 -5.027500  6.503610 32.3510
3 -4.070300  7.557810 32.3615
3 -3.569540  8.043950 31.0352
3  2.450760  7.951380 32.3620
3  3.653240  7.217240 32.3753
3  4.122660  6.714370 31.0870
3 -2.210160  8.401160 31.0902
3 -1.611500  8.622520 32.4204
3 -0.206861  8.780780 32.4042
3  1.838660  8.243680 31.0547
3  0.439906  8.622270 31.0152
3 -6.937820  0.760437 33.6668
1 -1.393100  0.370457 33.6623
1 -0.054571  0.335146 34.1693
1  0.745298  1.316340 33.4395
1  2.061930  0.972311 33.1233
3  6.737730  1.927310 33.7184
3 -6.965780  2.182210 33.6959
3  6.106280  3.220200 33.7403
3 -6.125660  4.734040 33.6519
3 -5.462460  6.003050 33.6809
3  5.068430  5.756990 33.6716
3 -3.596340  7.936480 33.7018
3  4.181400  6.862290 33.7157
3 -2.328310  8.595710 33.7516
3  1.799940  8.212200 33.6993
3  0.427918  8.644470 33.7289
3 -6.988430  0.720734 36.3488
3 -6.864290  0.104838 35.0182
3  6.881260  1.255570 35.0268
3  6.743660  1.911900 36.3460
3 -6.853700  2.140540 36.3324
3 -6.885730  2.841170 35.0087
3  5.958860  3.860400 35.0337
3  6.285260  3.244260 36.3810
3 -6.425750  4.183090 34.9949
3 -6.216230  4.774460 36.3526
3 -5.486470  5.977870 36.3950
3  5.346050  5.172060 35.0425
3  5.108450  5.726700 36.3812
3 -5.154730  6.528600 35.0355
3 -4.147170  7.515330 35.0527
3 -3.526510  7.863130 36.3706
3  1.746190  8.167670 36.4078
3  2.397820  7.951470 35.0445
3  3.670800  7.282530 35.0988
3  4.146020  6.785640 36.4311
3 -2.265950  8.516840 36.3515
3 -1.679440  8.761530 35.0720
3 -0.264548  8.734830 35.0676
3  0.366760  8.626300 36.4147
3 -7.023620  0.042635 37.7099
2 -1.279200  0.768631 38.8355
2  0.034111  1.276820 38.6290
3  6.929680  1.253170 37.6512
3 -6.771060  2.705230 37.6783
3  6.073700  3.872190 37.6955
3 -6.386760  4.106470 37.6748
3  5.361010  5.116290 37.6959
3 -4.997530  6.419190 37.7190
3 -4.052000  7.511170 37.7013
3  2.348670  7.883670 37.7520
3  3.643110  7.270320 37.7616
3 -1.652510  8.690210 37.7258
3 -0.235004  8.826980 37.7045
3 -7.049330  0.614463 39.0251
3 -6.986940 -0.048169 40.3470
2 -2.184160  1.885540 39.0592
2 -3.535300  0.366222 40.5285
2 -3.252380  1.734670 39.9223
2  1.141040  0.509683 39.0313
2  2.163190  1.115270 39.8213
2  2.587450  0.177995 40.8419
3  6.731240  1.835040 39.0341
3  6.976210  1.231080 40.3277
3 -6.865510  2.058950 38.9738
3 -6.708620  2.648540 40.2923
2 -1.381990  3.087110 39.1076
2 -1.585060  3.987290 40.1442
2  0.007060  2.703190 38.8722
2  1.112680  3.275060 39.6209
2  2.197530  2.475900 40.0774
3  6.000360  3.785800 40.3600
3  6.262030  3.194010 39.0243
3 -6.229940  3.989280 40.3170
3 -6.064190  4.622260 39.0207
3 -5.407940  5.837160 39.0328
2 -0.550403  4.656940 40.8342
2  0.845523  4.333200 40.6019
3  4.982780  5.590060 38.9993
3  5.228840  4.969140 40.3425
3 -5.106540  6.410180 40.2957
3 -4.121240  7.438400 40.3366
3 -3.550070  7.859370 39.0161
3  1.711920  8.061790 39.0527
3  2.270780  7.745220 40.3704
3  3.462560  6.991510 40.4036
3  4.050370  6.704860 39.0496
3 -2.286400  8.519660 39.0539
3 -1.706770  8.611460 40.3732
3 -0.289856  8.659970 40.4222
3  0.400598  8.635770 39.0652
3 -6.976670  0.602803 41.6869
2 -3.964340  0.558917 41.9271
2 -3.905410  1.997490 42.1319
2  3.019290  0.668891 42.1211
3  6.833480  1.838260 41.6495
3 -6.916070  1.989060 41.6364
2 -3.424840  2.653000 40.9842
2 -2.668530  3.789850 41.0634
2  1.764220  4.081140 41.7184
2  2.972130  2.091490 42.4307
2  2.598360  2.951300 41.3729
3  6.335910  3.202110 41.6244
3 -6.034760  4.573700 41.6144
3 -5.422120  5.827260 41.6312
2 -2.252030  4.305150 42.3147
2 -0.960132  4.934850 42.2352
3  4.846050  5.446330 41.6774
3 -3.518160  7.689210 41.6464
3  1.633490  7.968980 41.7186
3  3.919100  6.504880 41.7462
3 -2.350770  8.505610 41.6630
3  0.351948  8.538930 41.7471
3 -6.366620  3.997860 42.8884