305

3 -2.532010 -6.853220  94.8530
3 -1.085950 -6.952200  94.8234
3  1.547300 -6.707630  94.8151
3  2.938650 -6.290950  94.8323
3 -6.217420 -5.302630  94.8418
3 -5.033620 -6.104770  94.8878
3  5.376100 -5.061490  94.8382
3 -7.866490 -3.242880  94.8090
3  6.564840 -4.243300  94.8557
3 -8.098620 -1.823880  94.8056
1 -2.527680 -1.741970  95.1372
1 -0.129543 -1.206100  94.8829
3  8.118100 -2.158880  94.8149
3  8.730320 -0.845302  94.8286
3 -3.131680 -6.778140  96.2725
3 -4.491420 -6.333220  96.2459
3 -0.432093 -6.970200  96.2842
3  0.981139 -6.789350  96.2746
3 -6.744000 -4.894860  96.2647
3  3.484050 -6.009930  96.2459
3  4.825370 -5.460820  96.3117
3 -7.474700 -3.742210  96.2358
1 -2.113070 -2.925880  95.9056
1 -3.066720 -3.138800  96.9203
1 -0.765550 -3.213880  96.1032
1 -0.362269 -3.681090  97.4856
1  0.922145 -3.048960  97.7646
3  7.009620 -3.822550  96.3105
3  7.898340 -2.721860  96.2896
3 -8.202390 -1.195710  96.2089
1 -4.115710 -2.144600  96.8029
1 -3.774010 -1.230750  95.7048
1  0.251004 -2.313440  95.6637
1  1.322050 -2.255130  96.5884
1  1.831330 -0.984501  96.8523
3  8.770260 -0.203959  96.2703
3 -2.532840 -6.920510  97.7077
3 -1.040240 -7.065650  97.7665
3  1.659490 -6.756210  97.6734
3 -6.148290 -5.194160  97.7046
3 -5.078570 -6.145870  97.7232
3 -4.586720 -6.470030  99.1423
3  2.962130 -6.253910  97.6590
3  5.424900 -5.136370  97.6972
3  6.537440 -4.253030  97.7296
3 -7.771540 -3.164630  97.6940
1 -4.255720 -2.085790  99.2317
1 -3.269100 -3.057880  99.3198
1 -2.701070 -3.691590  98.1576
1 -1.292290 -3.862340  98.4325
1 -1.030250 -3.472040  99.7594
1  1.260820 -2.713940  99.1129
3 -8.066890 -1.767020  97.6485
1 -4.666910 -1.592700  97.9606
1 -4.988660 -0.139408  98.0709
1  1.782530 -1.377970  99.3765
1  1.963560 -0.568088  98.2373
3  8.157210 -2.181280  97.7565
3  8.741200 -0.834758  97.7289
3 -3.154440 -6.749840  99.1752
3 -2.525140 -6.723850 100.6160
3 -0.415470 -6.991720  99.1862
3 -1.093400 -6.884450 100.6150
3  0.954963 -6.811540  99.1993
3  1.597250 -6.662980 100.6350
3 -6.366740 -5.343340 100.5550
3 -6.606290 -4.787080  99.0866
3 -5.177330 -6.167610 100.5680
3  3.540800 -6.059700  99.1891
3  4.883060 -5.514260  99.1385
3  2.975040 -6.263770 100.6440
3  5.391950 -5.170570 100.6040
3  6.589750 -4.332170 100.5800
3 -7.549190 -3.709470  99.1122
3 -7.703300 -3.114200 100.5280
1 -2.207600 -2.903060 100.3000
1 -2.259930 -1.818380 101.1670
1  0.223927 -2.996880 100.1440
1  0.194815 -1.756420 101.0430
3  6.969070 -3.795220  99.2210
3  7.865640 -2.656400  99.2129
3  8.272330 -2.168750 100.6880
3 -8.137120 -1.775540 100.4790
3 -8.339880 -1.142670  99.0196
1 -3.267650 -0.796284 101.1530
1 -4.269990 -0.983034 100.1600
1 -4.729530  0.237460  99.4993
1 -1.009400 -1.272380 101.5760
1  1.274130 -0.842632 100.5990
3  8.857760 -0.851642 100.6760
3  8.895920 -0.192378  99.1904
3 -3.156850 -6.640940 102.0790
3 -0.454541 -6.838920 102.1100
3  0.970696 -6.774640 102.0800
3 -6.786550 -4.870590 101.9630
3 -4.507220 -6.234290 102.1040
3  3.540050 -6.066210 102.0940
3  4.910060 -5.525540 102.0710
3 -7.489070 -3.625150 101.9370
3  7.015050 -3.834970 102.0840
3  8.002170 -2.761770 102.1380
3 -8.402040 -1.146430 102.0070
1 -2.594990  0.442571 101.3620
1 -1.207400  0.145322 101.7000
3  8.921300 -0.183283 102.1000
3 -3.132750 -6.646010 104.9700
3 -2.549100 -6.768490 103.4590
3 -1.111850 -6.746280 103.5080
3 -0.511689 -6.660760 104.9620
3  0.922199 -6.621230 104.9580
3  1.552390 -6.640640 103.5820
3  2.990260 -6.285880 103.5580
3 -6.312640 -5.332710 103.4330
3 -6.711200 -4.803860 104.9250
3 -5.059210 -5.999920 103.4470
3 -4.472750 -6.220220 104.9800
3  3.594720 -6.124040 105.0830
3  4.897280 -5.575760 105.0460
3  5.466040 -5.278470 103.5420
3  6.562170 -4.340340 103.5300
3 -7.605700 -3.632950 104.8870
3 -7.854660 -3.123170 103.4620
3  7.011000 -3.904290 104.9660
3  7.875150 -2.714250 104.9980
3  8.209180 -2.266560 103.5370
3 -8.277510 -1.751980 103.4530
3 -8.323990 -1.090800 104.9510
2  0.709999 -1.715830 104.9030
2  1.670930 -0.722638 104.4770
2  2.963400 -1.119150 104.9770
2  3.963870 -0.201197 105.2190
3  8.712490 -0.863595 103.5710
3  8.785590 -0.257043 105.0380
3 -2.583330 -6.784370 106.4200
3 -1.121460 -6.787270 106.4400
3  1.574080 -6.530790 106.4320
3  2.984260 -6.272870 106.4890
3 -6.288100 -5.176960 106.3160
3 -5.070180 -5.954190 106.3490
3  5.495170 -5.350720 106.4410
3  6.610750 -4.381520 106.4610
3 -7.814570 -3.079580 106.3480
2  0.829237 -3.277050 106.8280
2  1.433420 -2.708100 105.7000
2  2.824940 -2.317100 105.7330
2  3.635530 -2.608580 106.8190
3  8.199880 -2.271300 106.5040
3 -8.229010 -1.717880 106.3600
2 -1.155470 -1.791260 106.5260
2 -0.500143 -1.190360 105.3700
2  4.642070 -0.462515 106.4340
3  8.664530 -0.902742 106.5070
2 -0.478754 -2.800020 107.2360
2 -1.823040 -0.737167 107.2290
2  4.552410 -1.583100 107.2070
3 -8.132200  0.861693  94.7444
1 -1.545710 -0.905448  94.6646
3  8.705460  1.868200  94.8426
3 -7.781170  2.285250  94.7590
3  8.319730  3.246910  94.8933
3 -6.387220  4.518440  94.7478
3 -5.304750  5.451130  94.6913
3  6.434570  5.217310  94.8711
3  5.234880  6.069810  94.8399
3 -2.742620  6.263180  94.8924
3 -1.315910  6.516020  94.8587
3  2.776700  6.737210  94.7767
3  1.299700  6.756440  94.7890
3 -8.183700  0.271271  96.1590
1 -3.970760  0.082020  95.8973
1 -2.992250  1.003660  95.3282
1 -1.783440  0.520444  94.7373
1  0.527753  0.051388  95.1497
1 -0.510782  1.098770  95.0811
1  1.522620  0.182756  96.1065
3  8.734120  1.221660  96.2884
3 -7.547040  2.860800  96.2449
3 -6.790650  4.052000  96.2812
1 -2.895340  2.126200  96.2284
1 -0.410562  2.208140  95.9605
3  7.988950  3.771960  96.2923
3 -4.733930  5.785650  96.2552
3 -3.380940  6.228790  96.2439
3  6.974680  4.816560  96.3143
3 -0.733225  6.616380  96.2886
3  0.712502  6.739020  96.3273
3  4.665360  6.320860  96.3533
3  3.339710  6.785490  96.3123
3 -8.214140  0.952168  97.6598
3 -8.288960  0.287337  99.0654
1 -4.581060  0.732452  97.0019
1 -3.873690  1.986890  97.2619
1  1.597600  1.364270  96.9787
1  1.808270  0.841837  98.3542
3  8.674500  1.892320  97.7517
3 -7.747920  2.312310  97.6932
3 -7.428430  2.830620  99.0514
3 -6.808260  4.110710  99.0812
1 -3.613360  2.312900  98.6056
1 -1.654820  2.773960  96.5247
1 -1.429300  3.145720  97.8960
1  0.586344  2.249630  96.9963
1 -0.101326  2.741480  98.2201
3  8.308080  3.265610  97.7372
3  7.923200  3.791580  99.2358
3 -6.360880  4.541790  97.7081
3 -5.255270  5.428020  97.7040
3  5.273730  6.030510  97.8101
3  6.460820  5.184710  97.7991
3  6.931590  4.802850  99.2456
3 -2.763290  6.406330  97.7990
3 -1.327780  6.580510  97.7454
3  2.755980  6.828340  97.7139
3  1.336530  6.849930  97.7447
3 -8.221420  0.863845 100.5400
1 -3.986170  1.424420  99.6772
1 -1.967520  2.533660 100.2480
1 -2.997520  1.526130 100.6730
1 -0.610783  2.254610 100.5450
1  1.400850  1.411480  99.5398
1  1.007570  0.499499 100.5920
3  8.791790  1.278150  99.2027
3  8.674180  1.879390 100.6060
3 -7.699320  2.239370 100.5070
1 -2.405330  3.014610  98.9111
1  0.373733  2.420690  99.4839
3  8.206070  3.212030 100.6810
3 -6.330600  4.558370 100.5670
3 -5.199620  5.434880 100.5980
3 -4.676020  5.749820  99.1694
3 -3.296660  6.224410  99.1648
3  5.160620  5.946280 100.7320
3  6.431300  5.230530 100.7130
3 -2.723530  6.423430 100.6310
3 -1.332530  6.705300 100.6390
3  0.740486  6.881400  99.2023
3 -0.668248  6.740840  99.2048
3  2.769910  6.852370 100.6780
3  1.347170  6.885590 100.7050
3  4.709660  6.229550  99.2703
3  3.337110  6.715190  99.2439
3 -8.247740  0.313449 101.9970
1 -0.184912  1.034170 101.3210
3  8.840070  1.243000 102.0790
3 -7.503610  2.842990 101.9230
3 -6.705710  4.053220 101.9410
3  7.866570  3.668680 102.1200
3 -4.689350  5.760720 102.0550
3 -3.358040  6.316730 102.1190
3  4.677970  6.126730 102.1800
3  6.883030  4.703730 102.1620
3 -0.691983  6.739750 102.0780
3  0.727813  6.860070 102.0910
3  3.338490  6.566000 102.1480
3 -8.062480  0.934281 103.4690
3 -8.283990  0.286219 104.9080
2  0.098277  1.149700 104.8830
2  1.390000  0.640079 104.4470
2  2.355130  1.636140 104.7980
2  3.653880  1.260220 105.1310
3  8.847550  1.198640 105.0510
3  8.683410  1.775510 103.5340
3 -7.668520  2.292470 103.4880
3 -7.488470  2.896540 104.8960
3 -6.718620  4.052890 104.9730
2  1.673470  2.712120 105.4520
3  8.150620  3.136060 103.5690
3  7.960500  3.680890 105.0660
3 -6.329350  4.531910 103.4450
3 -5.248840  5.456170 103.4900
3 -4.725110  5.781530 104.9700
3 -3.405740  6.282080 104.9840
3  4.699940  6.132630 105.1700
3  5.260380  5.838870 103.6030
3  6.444570  5.061020 103.6480
3  6.884940  4.693090 105.0420
3 -2.770560  6.337160 103.5740
3 -1.372500  6.625230 103.5910
3  0.623271  6.826610 105.0370
3 -0.804740  6.795580 105.0380
3  2.744610  6.778800 103.6960
3  1.288070  6.823860 103.6030
3  3.319410  6.550090 105.1550
3 -8.112490  0.921239 106.3630
2 -1.527120  1.772500 107.1230
2 -1.642910  0.501164 106.4990
2 -0.836642  0.149963 105.3360
2  4.302630  1.854650 106.2660
2  4.964520  0.836272 107.0620
3  8.720090  1.805260 106.5390
3 -7.795500  2.306290 106.3050
2  0.287638  2.368160 105.5800
2 -0.482225  2.632500 106.6980
2  2.231160  3.280460 106.5710
2  1.469710  3.602680 107.6940
2  3.592640  2.915030 106.9500
3  8.293850  3.172140 106.5630
3 -6.357610  4.453800 106.3700
3 -5.338350  5.510170 106.3970
3 -2.839990  6.480870 106.4240
3  5.195610  5.829350 106.5400
3  6.394390  5.025620 106.5770
3 -1.427810  6.661450 106.4240
3  2.674970  6.767920 106.5370
3  1.272180  6.770260 106.4960