325

3 -3.065430 -6.703840 -11.449800
3 -2.476730 -6.771120  -9.994610
3 -1.068630 -6.929420  -9.995770
3 -0.441278 -7.025490 -11.452600
3  0.981468 -6.909770 -11.433300
3  1.635290 -6.807880 -10.062300
3 -6.706740 -4.741490 -11.423100
3 -6.147250 -5.042570 -10.029800
3 -4.996800 -5.893140 -10.054500
3 -4.419970 -6.225160 -11.493900
3  3.006390 -6.428100 -10.082200
3  3.597140 -6.196450 -11.562500
3  4.935360 -5.684720 -11.493900
3  5.518800 -5.434720 -10.062500
3  6.686810 -4.640990 -10.094700
3 -7.604190 -3.600770 -11.462600
3 -7.906990 -3.041950  -9.962420
3  7.112350 -4.193520 -11.488300
3  7.973970 -3.018760 -11.475400
3  8.145920 -2.412340  -9.966720
3 -8.538280 -1.748790  -9.985400
3 -8.534310 -1.122660 -11.566700
2  0.456463 -1.599250 -10.028200
2  1.214720 -2.737090  -9.581430
2  2.613800 -2.408750  -9.800960
2  2.671280 -1.049010 -10.424000
2  3.586750 -2.747370  -8.840600
3  8.360170 -0.992032 -10.030700
3  8.354930 -0.368959 -11.469900
3 -0.385970 -6.823000  -8.606120
3  1.012180 -6.933510  -8.614690
3 -6.660870 -4.626980  -8.569160
3 -3.086230 -6.562380  -8.606380
3 -4.450980 -6.162320  -8.621870
3  3.665670 -6.353660  -8.637700
3  5.053330 -5.844220  -8.642760
3 -7.611730 -3.560470  -8.579860
2  0.818431 -3.332490  -8.366260
2 -0.340494 -2.794680  -7.616380
2  1.789860 -3.661450  -7.368560
2  3.208430 -3.443040  -7.645100
2  4.067170 -2.876660  -6.539910
3  7.127930 -4.223400  -8.576430
3  7.821760 -2.961630  -8.589550
3 -8.611970 -1.123450  -8.520890
2 -1.076210 -1.708890  -8.113930
2 -0.716870 -1.106930  -9.352300
2  4.965620 -1.876990  -7.129140
2  4.723160 -1.787280  -8.567110
3  8.364720 -0.339112  -8.604730
3 -3.072270 -6.387470  -5.667000
3 -2.469100 -6.589230  -7.178690
3 -1.057290 -6.737330  -7.175620
3 -0.443822 -6.958930  -5.729780
3  0.995855 -6.909370  -5.686140
3  1.630540 -6.861800  -7.138350
3  3.019650 -6.551750  -7.090870
3 -6.180880 -5.040730  -7.143480
3 -6.673230 -4.601710  -5.667910
3 -5.026530 -5.917350  -7.149570
3 -4.495960 -6.121990  -5.685670
3  3.578650 -6.352680  -5.661780
3  4.962080 -5.922960  -5.640470
3  5.531140 -5.563140  -7.157280
3  6.732210 -4.749690  -7.074160
3 -7.966220 -3.085350  -7.165300
3 -7.612180 -3.553500  -5.654220
2  0.003862 -2.802680  -6.192380
2 -0.510531 -1.884220  -5.284860
2  1.294970 -3.362630  -6.037150
2  2.120110 -2.864520  -5.017410
2  3.477140 -2.645990  -5.273710
3  6.986920 -4.244440  -5.645310
3  7.997400 -2.425930  -7.203780
3 -8.456710 -1.708340  -7.136040
3 -8.583100 -1.125410  -5.696760
2 -1.578340 -0.695348  -7.224320
2 -1.360660 -0.805669  -5.817900
2  4.780290 -0.510154  -5.094590
2  5.294760 -0.737086  -6.415810
3  8.279930 -0.990644  -7.139660
3  8.486820 -0.420399  -5.641720
3 -2.460010 -6.559150  -4.236820
3 -1.056870 -6.804190  -4.231790
3  1.537790 -6.885430  -4.129960
3  2.891870 -6.441980  -4.151160
3 -6.236040 -5.049610  -4.210190
3 -4.991650 -5.846880  -4.210610
3  5.493420 -5.654630  -4.218820
3  6.630800 -4.764600  -4.207960
3 -7.957530 -3.026340  -4.188110
2  1.583870 -1.883430  -4.081470
3  7.712050 -2.960920  -5.649300
3  8.030550 -2.432270  -4.202740
3 -8.591220 -1.728090  -4.159790
2  0.373694 -1.298740  -4.344530
2 -0.951691  0.461946  -5.162790
2  0.108451  0.099318  -4.261050
2  2.468240  0.413486  -3.724720
2  3.810470 -1.433560  -4.596060
2  2.686930 -0.959696  -3.855260
3  8.447050 -1.044020  -4.145130
3 -3.065890 -6.475810  -2.764100
3 -0.466558 -6.786710  -2.717550
3  0.957049 -6.840360  -2.652960
3 -6.725970 -4.697940  -2.747980
3 -4.454520 -6.079860  -2.733270
3  3.528990 -6.426190  -2.754040
3  4.869930 -5.913240  -2.788360
3 -7.643170 -3.641220  -2.802030
3  7.025630 -4.299500  -2.733950
3  7.725800 -3.020830  -2.739060
3 -8.631070 -1.148050  -2.755430
1 -1.578820 -0.019326  -1.619240
3  8.438670 -0.469708  -2.687170
3 -3.115140 -6.533790   0.230097
3 -2.538970 -6.663570  -1.237570
3 -1.110070 -6.835310  -1.234130
3 -0.541966 -6.792300   0.202978
3  0.924426 -6.758200   0.177672
3  1.529760 -6.715730  -1.321590
3 -6.244220 -5.053750  -1.322740
3 -6.727420 -4.701330   0.183702
3 -4.987920 -5.814910  -1.313690
3 -4.429360 -6.084400   0.188145
3  2.971270 -6.448990  -1.289990
3  3.491790 -6.378750   0.252578
3  4.893810 -5.989570   0.208327
3  5.350100 -5.617850  -1.290250
3  6.537430 -4.734230  -1.254370
3 -7.650420 -3.583140   0.190761
3 -7.978790 -3.098370  -1.251050
1 -2.369530 -3.097050   0.103313
1  0.158218 -2.722650   0.310093
3  7.010560 -4.307650   0.278229
3  7.735400 -3.069160   0.217836
3  8.046890 -2.507260  -1.234730
3 -8.580250 -1.794330  -1.271490
3 -8.610500 -1.144340   0.194115
1 -3.562180 -1.236340  -0.990684
1 -4.567840 -1.292310   0.001741
1 -2.428080 -2.110850  -0.899053
1 -1.217760 -1.446480  -1.342050
1  0.060606 -1.765710  -0.750934
1  0.903383 -0.644661  -0.378587
3  8.398830 -1.117310  -1.269200
3  8.452610 -0.524898   0.155583
3 -1.161030 -6.859610   1.667460
3 -2.562860 -6.755580   1.641380
3 -6.235270 -5.076520   1.636250
3 -5.033240 -5.896700   1.596420
3  5.455220 -5.627810   1.604930
3  6.598870 -4.744710   1.613930
3 -7.923020 -3.063100   1.631340
1 -3.369650 -3.141210   1.144300
1 -1.074700 -3.284110   0.793600
1  1.066030 -2.214650   1.303120
3 -8.531610 -1.770250   1.589390
1 -4.489150 -2.292350   1.101860
1  1.516090 -0.893732   0.841232
3 -8.422670  0.978805 -10.036200
3 -8.369740  0.320186 -11.465900
2  1.341010 -0.605544 -10.587500
2  1.105070  0.764558 -10.578700
2  3.702790 -0.161522 -10.094800
2  4.740340 -0.535903  -9.146660
3  8.428380  1.092340 -11.444000
3  8.438730  1.719860 -10.020900
3 -7.860610  2.290180 -10.033300
3 -7.591980  2.844310 -11.481600
3 -6.931380  4.162310 -11.474900
3 -6.559610  4.621470 -10.080500
2  2.227850  1.685940 -10.247100
2  3.509180  1.197160  -9.989690
3  7.898960  3.040330 -10.059100
3  7.587410  3.564630 -11.471600
3 -5.466200  5.559820 -10.053500
3 -5.017330  5.936870 -11.521100
3 -3.671870  6.477740 -11.477500
3 -3.086530  6.586190 -10.086000
3  4.379470  5.996990 -11.501700
3  5.010250  5.844050 -10.048100
3  6.758560  4.705130 -11.530400
3  6.219060  5.122960 -10.020200
3 -1.588620  6.732070 -10.058400
3 -1.055280  6.826460 -11.503100
3  0.427585  6.833950 -11.504700
3  2.472310  6.586230 -10.007000
3  1.044060  6.801110 -10.044100
3  3.043890  6.469690 -11.484900
3 -8.421680  0.311591  -8.576820
2 -0.871418  0.338586  -9.192790
2 -0.092263  1.302270  -9.866540
2  5.147340  0.616145  -8.405660
3  8.561060  1.109560  -8.598840
3 -7.614390  2.867060  -8.643580
3 -7.042430  4.193090  -8.592480
2  0.325302  2.473530  -9.117250
2  1.693370  2.733650  -9.374490
2  4.408200  1.723950  -9.004770
2  3.895370  2.693900  -8.127360
3  7.549380  3.537710  -8.578760
3 -5.063340  5.953160  -8.615040
3 -3.682860  6.330970  -8.642370
3  4.451510  6.107830  -8.504790
3  6.690940  4.694890  -8.504290
3 -1.033820  6.704110  -8.593780
3  0.404387  6.756130  -8.581820
3  3.068480  6.509150  -8.576270
3 -8.332570  0.917570  -7.136550
3 -8.347610  0.286983  -5.684770
2 -1.130390  1.804000  -7.251850
2 -1.485320  0.597870  -7.908350
2  4.981610  1.531950  -6.164510
2  5.400380  0.515484  -7.034250
3  8.476370  1.675440  -7.095370
3  8.514640  1.085770  -5.690770
3 -7.953990  2.324730  -7.104700
3 -7.669340  2.898340  -5.660550
3 -6.961260  4.129940  -5.673800
3 -6.622080  4.651970  -7.127450
2 -0.209675  2.710730  -7.825320
2  0.629312  3.188190  -6.769850
2  2.577670  3.196410  -8.363190
2  2.012650  3.381430  -7.110370
2  4.136250  2.538420  -6.730080
3  7.924320  3.011920  -7.106100
3 -5.556990  5.643900  -7.164480
3 -5.068870  6.013770  -5.648570
3 -3.661010  6.309070  -5.637520
3 -3.112270  6.479550  -7.112370
3  4.432180  6.132230  -5.659500
3  6.246750  5.058230  -7.076640
3  5.005450  5.822900  -7.027010
3  6.716750  4.752370  -5.623950
3 -1.701820  6.748820  -7.122940
3 -1.014960  6.831980  -5.709760
3  0.392571  6.777550  -5.701130
3  2.445070  6.655650  -7.106520
3  1.042680  6.725780  -7.167330
3  3.028050  6.578390  -5.675480
3 -8.339610  0.894981  -4.295860
2  0.205178  2.584280  -5.503450
2 -0.928046  1.710780  -5.807480
2  2.637920  2.465220  -4.793820
2  1.220990  2.249510  -4.484880
2  1.140590  0.978269  -3.866520
2  4.554910  0.929083  -4.930500
2  3.384880  1.350540  -4.291770
3  8.333360  1.575340  -4.090840
3 -7.879290  2.309330  -4.230420
2  2.972470  2.984360  -6.058940
3  7.557140  3.546250  -5.646720
3  7.916760  2.933110  -4.142480
3 -6.565390  4.605740  -4.165450
3 -5.608030  5.660550  -4.146980
3 -3.036920  6.474510  -4.154970
3  4.972650  5.931160  -4.204770
3  6.159300  5.101350  -4.251800
3 -1.626270  6.715140  -4.230980
3  2.487320  6.582910  -4.213380
3  1.017240  6.722640  -4.195220
3 -8.443570  0.290234  -2.742550
3 -8.415140  0.892178  -1.363710
1 -3.012020  0.080103  -1.405680
3  8.396600  0.965286  -2.673040
3 -7.702720  2.853680  -2.746870
3 -6.923090  4.062320  -2.685940
3  7.595110  3.531060  -2.753410
3 -5.053060  5.972870  -2.609730
3 -3.653310  6.447540  -2.598770
3  4.443140  6.127310  -2.740700
3  3.047330  6.484910  -2.711890
3  6.621410  4.614160  -2.746280
3 -1.009650  6.723250  -2.727910
3  0.423212  6.876800  -2.761210
3 -8.538390  0.302152   0.168184
1 -5.028050 -0.054389   0.621380
1 -4.559760  1.224680   0.191725
1 -3.505830  1.234550  -0.769328
1 -0.758379  1.003230  -1.270560
1 -1.262630  2.276800  -0.780765
1  0.539722  0.732791  -0.705364
1  0.823418  1.784930   0.251937
3  8.292640  0.939200   0.175706
3  8.111380  1.570780  -1.273480
3 -8.055890  2.323230  -1.306970
3 -7.777010  2.882420   0.161741
3 -6.922580  4.065790   0.129662
1 -2.622700  2.333450  -0.486836
1 -3.173870  3.047170   0.659767
1 -0.269088  2.785310   0.197769
3  7.776720  2.962010  -1.284240
3  7.574310  3.502030   0.252168
3 -6.556320  4.524490  -1.245370
3 -5.548030  5.563380  -1.241400
3 -5.030460  5.874560   0.225904
3 -3.755320  6.486960   0.244272
3 -3.063440  6.679570  -1.205110
3  4.431580  6.103510   0.190148
3  3.021980  6.463450   0.145177
3  5.004930  5.816510  -1.248610
3  6.163460  4.998660  -1.230600
3  6.657100  4.618650   0.277709
3 -1.682980  6.799700  -1.254140
3 -1.039930  6.729460   0.184353
3  0.378160  6.764940   0.150353
3  2.425150  6.621770  -1.298490
3  1.014110  6.804820  -1.317300
3 -8.429970  0.899082   1.628790
1  1.333520  1.453850   1.479720
3  8.050250  1.467870   1.673880
3 -7.999150  2.259520   1.626690
1 -4.346910  2.301180   1.112610
1 -2.257820  3.490560   1.644790
1 -0.777147  3.324520   1.411420
3  7.796090  2.849110   1.676660
3 -6.566750  4.476970   1.585590
3 -5.517870  5.515340   1.604700
3 -3.072270  6.622310   1.671220
3  2.424660  6.527010   1.615650
3  5.000760  5.834840   1.645720
3  6.214320  5.072270   1.657650
3 -1.615250  6.759950   1.648960
3  1.023680  6.766330   1.612950