318

3 -4.011200 -6.938890  0.003054
3 -3.391880 -7.261620  1.216150
3 -1.393840 -7.896540  0.000903
3 -2.076770 -7.743250  1.213520
3  0.000310 -8.019110  0.000062
3  0.698174 -7.988610  1.212530
3  2.742530 -7.535950 -0.000481
3  2.076170 -7.745970  1.212220
3  4.010820 -6.944230 -0.001483
3  4.599290 -6.569940  1.211980
3 -5.156850 -6.131990  0.007862
3 -5.686710 -5.657230  1.218300
3 -6.634550 -4.617480  1.221820
3  6.142070 -5.154390 -0.001351
3  5.671180 -5.670540  1.211710
3 -7.572460 -2.740040  0.009758
3 -7.945240 -2.107920  1.213370
3 -6.956200 -3.999600  0.005549
2 -3.148690 -2.380590  0.869798
3  6.943250 -4.007020 -0.001638
3  7.267650 -3.390210  1.212230
3 -8.252850 -0.719885  1.209900
3 -8.091550 -0.002347  0.006360
2 -4.878960 -0.616908  0.808879
2 -4.465800 -1.994330  1.127870
2 -2.252000 -1.383090  0.332165
2 -2.662320 -0.071416  0.016734
2 -0.972539 -1.580760  0.961859
2 -0.151294 -0.485708  1.238050
3  7.891700 -1.391930 -0.000177
3  7.745730 -2.075230  1.212290
3 -4.017700 -6.934040  2.427250
3 -3.391760 -7.259010  3.637340
3 -1.393710 -7.895130  2.425400
3 -2.076950 -7.741690  3.637340
3  0.000146 -8.018350  2.424990
3  0.698104 -7.988220  3.637340
3  2.742120 -7.536070  2.424840
3  2.076000 -7.745800  3.637370
3  4.010230 -6.945030  2.424740
3  4.599190 -6.569920  3.637400
3 -5.175670 -6.138430  2.430800
3 -5.749610 -5.699650  3.637300
3 -6.747560 -4.686720  3.637140
3  6.142950 -5.156030  2.424740
3  5.671100 -5.670790  3.637470
3 -7.860080 -2.841250  2.421380
3 -7.165680 -4.094800  2.422900
3 -8.180180 -2.164560  3.636670
2 -4.910900 -2.283250  2.465140
2 -4.309270 -3.081230  3.424670
2 -2.993150 -3.531710  3.138550
2 -1.085940 -2.649100  1.921120
2 -2.438830 -3.138490  1.901180
2 -0.382407 -2.599050  3.131710
3  6.945610 -4.010040  2.424870
3  7.268160 -3.390500  3.637470
3 -8.471090 -0.737695  3.636960
2 -5.549620 -1.146620  2.950850
2 -5.549440 -0.154467  1.972060
2  0.457850 -1.464570  3.409820
2  0.572676 -0.430459  2.479990
3  7.898070 -1.393450  2.424880
3  7.746820 -2.075730  3.637270
3 -4.017340 -6.933380  4.847380
3 -1.393700 -7.895110  4.849280
3  0.000173 -8.018310  4.849710
3  2.742150 -7.536000  4.849910
3  4.010330 -6.944870  4.850230
3 -5.176060 -6.139040  4.843760
3  6.142830 -5.155970  4.850320
3 -7.837580 -2.830550  4.849410
3 -7.139490 -4.076970  4.849540
2 -3.153180 -3.072140  5.456820
2 -4.418900 -2.831290  4.848350
2 -2.268240 -3.515680  4.393740
2 -0.968945 -3.017920  4.379450
2 -0.538512 -2.113270  5.414460
3  6.945320 -4.009730  4.850350
2 -5.124150 -1.727090  5.298420
2 -5.604800 -0.898270  4.282870
2  0.360781 -1.164430  4.814520
3  7.897180 -1.393510  4.849760
3 -3.391810 -7.261300  6.058520
3 -4.011280 -6.939170  7.271710
3 -2.076760 -7.743140  6.061150
3 -1.393790 -7.896450  7.273750
3  0.698258 -7.988500  6.062190
3  0.000391 -8.018940  7.274650
3  2.076310 -7.745740  6.062670
3  2.742850 -7.535300  7.275430
3  4.599410 -6.569370  6.063180
3  4.011120 -6.942900  7.277120
3 -5.688540 -5.660070  6.056910
3 -6.630340 -4.614530  6.052850
3 -5.157630 -6.133360  7.267240
3  5.671140 -5.669270  6.064150
3  6.141010 -5.150730  7.277500
3 -7.578740 -2.742590  7.265610
3 -7.948150 -2.107910  6.061650
3 -6.955690 -3.998910  7.268950
2 -2.752050 -2.174470  6.474720
3  6.941630 -4.002340  7.279250
3  7.265590 -3.388940  6.063290
3 -8.214000 -0.714357  6.060410
3 -8.076690 -0.002796  7.268250
2 -4.835240 -0.886050  6.439800
2 -3.572470 -1.086810  7.003950
2 -1.386960 -0.319070  6.876250
2 -1.398060 -1.689510  6.434390
3  7.742860 -2.073810  6.063090
3  7.889550 -1.390350  7.275870
3 -3.390850 -7.265940  8.484710
3 -4.009630 -6.944840  9.698410
3 -2.075720 -7.745590  8.486400
3 -1.393270 -7.897140  9.699090
3  0.698794 -7.988380  8.487260
3  0.000777 -8.018810  9.699650
3  2.077070 -7.744670  8.488430
3  2.744350 -7.531790  9.701130
3  4.600290 -6.563220  8.490290
3  4.012420 -6.936520  9.704650
3 -5.669150 -5.664770  8.483450
3 -6.567110 -4.590220  8.480560
3 -5.155720 -6.141240  9.696860
3  5.671960 -5.661020  8.494040
3  6.159260 -5.144490  9.704710
3 -7.531930 -2.739570  9.697320
3 -6.941980 -4.008170  9.697440
1  2.219390 -2.345370  9.834430
3  6.996470 -4.015710  9.708880
3  7.270450 -3.378990  8.491410
3 -7.741410 -2.071760  8.484540
3 -7.984410 -0.695358  8.483740
3 -8.013220 -0.000749  9.698400
1  0.502245 -0.595347  9.839670
1  2.734370 -0.081501  8.938420
1  3.131940 -1.409890  9.212960
1  4.436550 -1.639250  9.777240
1  5.180730 -0.485036 10.064000
3  7.769110 -2.070290  8.494100
3  8.054170 -1.406030  9.701410
3 -3.389880 -7.267760 10.911300
3 -2.074960 -7.746160 10.911800
3  0.699069 -7.987370 10.912100
3  2.077100 -7.742660 10.913100
3  4.608850 -6.555180 10.915600
3 -5.670180 -5.671460 10.911000
3 -6.569400 -4.599330 10.910600
3  5.702840 -5.672720 10.919900
1  2.931120 -3.154020 10.794300
1  4.290920 -2.692980 10.795200
3  7.463400 -3.442940 10.911000
3  8.032110 -2.136000 10.910600
3 -7.745070 -2.076290 10.911200
3 -7.987710 -0.698319 10.911300
1 -0.388562 -0.162755 10.884700
1  0.926721 -1.933550 10.146600
3 -7.949710  1.393330  0.006408
2 -4.028960  0.339275  0.215707
2 -3.997440  1.743090  0.680246
2 -1.814930  1.053180  0.321165
2 -0.573239  0.850558  0.915276
3  8.014010  0.001005 -0.000156
3  7.745560  2.076590  1.211870
3  7.988260  0.698664  1.212430
3 -7.964300  2.118360  1.212050
3 -7.416370  3.425880  1.213440
3 -6.970600  4.005490  0.009423
2 -2.621100  2.166710  0.744420
3  6.942650  4.009000 -0.001515
3  7.532220  2.740170 -0.001884
3 -6.147160  5.140750  0.005059
3 -5.695100  5.668010  1.221000
3  5.155660  6.141820 -0.002199
3  5.670220  5.671630  1.211710
3  6.569520  4.599630  1.211510
3 -4.012550  6.938360  0.005026
3 -4.607500  6.556780  1.216650
3 -2.744280  7.532950  0.001657
3 -2.077360  7.743210  1.213930
3 -0.000839  8.019120  0.000255
3 -0.699196  7.987720  1.212800
3  1.393240  7.897380 -0.000326
3  2.074940  7.746320  1.212350
3  4.009550  6.945200 -0.000915
3  3.389840  7.267940  1.211970
3 -8.449720  0.007412  2.418660
3 -8.327980  1.448220  2.415210
2 -5.495640  1.129240  2.413620
2  0.591563  0.937399  2.927690
2 -0.120080  1.730050  1.961590
3  8.020000  0.000490  2.424760
3  7.746530  2.076620  3.636870
3  7.989540  0.698630  3.637060
3 -8.204030  2.181680  3.637110
3 -7.593450  3.495880  3.637120
3 -7.146660  4.090110  2.427200
2 -4.778180  2.148860  1.763120
2 -3.052430  3.531180  2.815560
2 -4.342740  3.042850  2.816530
2 -2.179420  3.033780  1.777480
2 -0.904804  2.797840  2.399650
3  6.944990  4.011060  2.424520
3  7.536430  2.743030  2.424450
3 -6.253770  5.198930  2.425490
3 -5.726960  5.688640  3.636000
3  5.155330  6.143380  2.424580
3  5.670160  5.671740  3.637330
3  6.569660  4.600120  3.637160
3 -4.014530  6.933740  2.428000
3 -4.617710  6.557340  3.636770
3 -2.745670  7.529320  2.425900
3 -2.077110  7.741940  3.637210
3 -0.000959  8.018380  2.425040
3 -0.699210  7.986950  3.637310
3  1.392890  7.897120  2.424870
3  2.074790  7.746160  3.637330
3  4.009130  6.945680  2.424750
3  3.389590  7.267980  3.637340
3 -8.454750  0.006536  4.857910
3 -8.308460  1.445390  4.858230
2 -5.625040  0.408425  4.727020
2 -5.503930  1.368670  3.789390
2  0.379963  0.162276  5.249350
2  0.496274  1.230650  4.290760
3  8.018940  0.000374  4.849410
3 -7.136480  4.086840  4.846690
2 -4.824030  2.546200  4.066410
2 -4.289520  2.693280  5.339320
2 -2.930070  3.156380  5.339960
2 -2.351940  3.531680  4.093820
2 -1.007650  3.100190  3.807780
2 -0.318175  2.326890  4.745280
3  6.944590  4.011010  4.849910
3  7.535600  2.742770  4.849370
3 -6.230110  5.181170  4.846310
3  5.155330  6.143290  4.850270
3 -4.013900  6.933090  4.845630
3 -2.745490  7.529270  4.848500
3 -0.000957  8.018380  4.849620
3  1.392940  7.897080  4.849850
3  4.009080  6.945680  4.850000
3 -7.940560  1.392710  7.268390
2 -5.180890  0.486633  6.062270
2 -3.128480  1.405640  6.915230
2 -4.432390  1.636840  6.355040
2 -2.731620  0.078579  7.197150
2 -0.924834  1.936820  5.991150
2 -0.506612  0.595614  6.295770
3  7.741930  2.075260  6.061770
3  7.984130  0.697810  6.062020
3  8.011390  0.001997  7.275870
3 -7.910690  2.101760  6.054380
3 -7.364480  3.403430  6.055830
3 -6.955650  3.998880  7.263740
2 -2.218640  2.346150  6.299390
3  6.939080  4.004190  7.276600
3  7.530850  2.736520  7.276910
3 -5.689500  5.665300  6.052040
3 -6.143300  5.141180  7.268760
3  5.669780  5.670890  6.063400
3  6.568260  4.597960  6.063720
3  5.155530  6.138900  7.278530
3 -4.605300  6.556740  6.057540
3 -4.012270  6.938740  7.269690
3 -2.077380  7.743210  6.060630
3 -2.744070  7.533100  7.273030
3 -0.699179  7.987700  6.061870
3 -0.000754  8.018970  7.274430
3  2.075060  7.746160  6.062430
3  1.393390  7.897080  7.275180
3  3.390060  7.267540  6.063150
3  4.009840  6.943750  7.276220
3 -7.742030  2.068450  8.481710
3 -7.891960  1.392350  9.698080
1  1.390880  0.314870  9.266480
1  1.403470  1.681190  9.713420
1  4.838480  0.885810  9.694210
1  3.575130  1.084750  9.133210
3  7.770580  2.075350  8.489600
3  8.020760  0.697757  8.491930
3  8.199260  0.000584  9.700330
3 -7.260730  3.381900  8.483050
3 -6.943340  4.006490  9.696200
1  2.754550  2.167190  9.668570
3  7.011890  4.020740  9.703210
3  7.672650  2.774560  9.702630
3 -5.670740  5.663770  8.481430
3 -6.142150  5.154070  9.697270
3  5.669830  5.659840  8.491560
3  6.575300  4.590350  8.494990
3  5.162550  6.134010  9.707420
3 -4.599950  6.566180  8.484420
3 -4.010910  6.943930  9.697710
3 -2.076960  7.745140  8.485840
3 -2.742600  7.535710  9.698900
3 -0.698678  7.988520  8.486900
3 -0.000295  8.018730  9.699500
3  2.076020  7.744970  8.487910
3  1.393830  7.895940  9.700400
3  3.391130  7.264560  8.490110
3  4.012690  6.936490  9.702720
3 -7.745520  2.075210 10.910900
1  5.128870  1.729850 10.838300
3  8.361500  0.730429 10.903900
3 -7.267430  3.390240 10.910700
1  0.535199  2.110410 10.722100
1  3.155390  3.068170 10.680500
3  8.074100  2.137910 10.904100
3 -5.671260  5.670230 10.910700
3  5.714180  5.676030 10.915600
3  6.684830  4.648510 10.917100
3 -4.599320  6.569730 10.911300
3 -2.076180  7.745770 10.911600
3 -0.698182  7.988360 10.911900
3  2.077000  7.742220 10.912800
3  3.392010  7.259980 10.915000