101

2 -3.326560 -2.577650 -21.14460
2 -1.972900 -2.915180 -21.14970
2 -1.076900 -2.258190 -22.07690
2  0.181386 -2.083110 -21.40410
2 -4.804340 -0.778851 -21.40850
2 -3.774650 -1.543480 -22.05120
2  0.973156 -0.948194 -21.63970
2 -4.054070 -2.425590 -19.91000
2 -1.273780 -3.135100 -19.91070
2  0.063485 -2.616200 -20.05950
2 -4.962820 -1.308030 -20.07730
2 -5.157920 -0.422356 -19.00850
2  0.678038 -1.976300 -18.97380
2  1.580350 -0.268306 -20.51980
2  1.440870 -0.773684 -19.22140
2 -3.372090 -2.610100 -18.69310
2 -1.961810 -3.000890 -18.68740
2 -1.325840 -2.325300 -17.56500
2 -4.453700 -0.612146 -17.76080
2 -3.590320 -1.708190 -17.58430
2 -2.330900 -1.524790 -16.90240
2 -0.016276 -1.816970 -17.70430
2  0.308678 -0.505349 -17.18970
2 -1.992830 -0.250387 -16.41880
3  5.105870 -8.006060 -10.69530
3  6.244930 -7.696630 -11.36600
3  7.503190 -7.063170 -11.33970
3  4.448790 -8.165470  -9.50736
3  6.847770 -6.875500  -9.14951
3 -5.146900 -4.787320  -8.99314
3 -1.932940 -5.085760  -8.48847
3 -0.665109 -5.385400  -8.05561
3  7.875640 -6.521610 -10.05880
3  8.805600 -5.631230  -9.50981
3 -6.318110 -3.991550  -8.96915
3  9.747120 -4.655360 -10.16150
3  9.940130 -3.426170  -9.29728
3  9.535960 -0.947889  -9.93755
3  9.772910 -2.021790  -9.08413
3  2.998270 -9.923030  -7.50051
3  3.024690 -8.576410  -7.47223
3  3.989040 -7.889630  -8.25870
3  4.996120 -7.279370  -7.43129
3  6.176400 -6.763170  -7.98499
3 -4.289900 -4.815220  -7.85034
3 -3.009530 -5.314670  -7.62214
3 -0.388081 -6.453590  -7.20279
3  8.780900 -5.198530  -8.10738
3 -6.608970 -3.276160  -7.79449
3  9.663510 -4.049520  -7.95988
1  2.375280 -0.465484  -7.21047
1  3.373060 -1.525380  -7.27764
3  9.722290 -1.758320  -7.62599
3  8.498020 -0.118427 -10.43110
2 -4.913500  0.605052 -21.67810
2 -3.992070  1.256600 -22.58930
2  0.814702  1.358370 -22.00350
2  0.488229  0.060144 -22.55990
2 -3.646960  2.562820 -22.05250
2 -2.336650  3.052190 -22.15240
2 -1.698580  3.772370 -21.05580
2 -1.336660  2.240950 -22.80010
2 -0.102216  2.415470 -22.09840
2 -0.301284  3.369760 -21.02960
2 -5.279110  1.005180 -19.25440
2 -5.129070  1.517090 -20.56350
2  1.495650  1.155710 -20.75060
2  1.280510  2.036950 -19.67990
2 -4.357130  2.723200 -20.79590
2 -3.747480  3.392670 -19.71240
2 -2.397150  3.913820 -19.83630
2  0.356304  3.138410 -19.81730
2 -4.641640  1.691450 -18.14760
2 -4.152420  0.690503 -17.21320
2  1.155200  1.519270 -18.32690
2  1.218750  0.129828 -18.11820
2 -3.886770  2.861140 -18.36400
2 -1.696960  3.671920 -18.58760
2 -2.605950  3.016410 -17.67570
2 -0.328959  3.334510 -18.56530
2  0.147803  2.315340 -17.65320
2 -2.143740  2.061020 -16.76430
2 -2.920080  0.854166 -16.54810
2 -0.742360  1.698180 -16.76060
2 -0.660932  0.275412 -16.55830
3 -3.816490  3.879110 -12.87390
3 -3.555160  3.880340 -14.14970
3 -3.838500  3.661250 -11.55510
3  7.588310  0.840460 -10.24060
3  7.301090  1.726830  -9.18981
3 -4.172430  3.183250 -10.33140
3 -4.074020  2.639400  -9.10289
3  6.112980  3.797120  -8.58749
3  5.095870  5.991880  -8.38533
3  4.728550  6.337110  -9.63266
3 -3.957440  1.424120  -8.03040
3 -3.969190  2.963810  -7.52980
3  7.113080  2.765380  -8.35660
3  7.996520  2.954670  -7.27119
3  6.170220  5.081290  -8.04242
3  4.559760  6.523220  -7.22614