284

3  2.514650 -8.109150  7.12318
3 -3.799080 -6.454740  7.04178
3 -0.214806 -8.401230  7.06683
3 -1.531980 -7.899750  7.03365
3  3.792470 -7.508930  7.16207
3 -4.613130 -5.271450  6.99179
3  5.683720 -5.711460  7.15533
3  6.680290 -4.641420  7.13056
3 -6.112410 -3.067090  7.01548
1 -0.374391 -3.600090  7.79306
1 -1.067580 -2.551720  7.18224
1  1.048920 -3.694960  7.71220
1  1.795360 -2.681480  7.11562
1  2.981020 -2.214810  7.69419
3  7.578970 -2.089850  7.05635
3 -6.845490 -1.876600  7.07160
1 -0.960996 -0.209760  6.90868
1 -0.261894 -1.463850  6.65621
1 -2.227030 -1.987680  7.88638
1 -2.124760 -0.462516  7.73322
1  1.138470 -1.502410  6.46834
1  3.147020 -0.774297  7.47976
1  1.970880 -0.295534  6.76225
3  7.679280 -0.661516  7.00883
3 -0.210856 -8.314010  9.68833
3  0.472911 -8.449300  8.39660
3  1.899060 -8.292050  8.41965
3 -3.882920 -6.563240  9.70684
3 -3.336230 -6.894660  8.35241
3 -2.074320 -7.569140  8.36188
3 -1.519880 -7.819850  9.69769
3  2.452400 -8.133210  9.78870
3  3.709190 -7.540180  9.79658
3  4.307570 -7.155980  8.49390
3  5.222180 -6.086890  8.50189
3 -4.974890 -4.758410  8.38780
3 -4.703190 -5.406210  9.71747
1 -0.758807 -4.283740  9.06476
1  1.571420 -4.381640  8.93467
1  0.424775 -4.714240  9.77156
3  5.718840 -5.714210  9.79980
3  6.634140 -4.583470  9.77738
3  6.833180 -4.015650  8.45260
3 -6.090690 -3.102160  9.70297
3 -5.855400 -3.643840  8.37915
1 -2.467900 -2.494100  9.19684
1 -1.863740 -3.667780  9.72455
1  2.763140 -3.867790  9.51186
1  3.418200 -2.765880  8.91354
1  3.975380 -1.977060  9.97088
3  7.376370 -2.652990  8.39332
3  7.594950 -2.052300  9.71363
3 -6.997420 -1.251860  8.41494
3 -6.675390 -1.823920  9.77063
1  4.124560 -0.586888  9.80157
3  7.685030  0.047062  8.35884
3  7.609330 -0.611085  9.74595
3  0.380773 -8.402670 11.07840
3  1.813750 -8.316960 11.13130
3 -3.439000 -7.027390 11.03010
3 -2.204720 -7.736820 10.99140
3  4.259210 -7.160100 11.12360
3  5.346930 -6.269270 11.07290
3 -5.083610 -4.877060 11.03720
1  0.503723 -4.509730 11.17370
1  1.737930 -4.099600 11.81520
3  6.945200 -4.022220 11.09610
3 -5.862720 -3.680890 11.00570
1 -2.337290 -2.268240 11.52470
1 -0.566229 -3.872520 11.84600
1 -1.752380 -3.527650 11.18920
1  2.855230 -3.825830 10.98330
1  3.701730 -2.623270 11.29810
3  7.365870 -2.686660 11.08040
3 -6.922350 -1.207920 11.10890
1 -2.783870 -1.625870 10.33000
1 -2.784720 -0.211628 10.20220
1  3.389720 -0.317296 12.14500
3 -0.299560 -8.329220 12.36810
3  0.345763 -8.345120 13.69320
3  1.754540 -8.279680 13.70570
3 -3.852030 -6.530250 12.35130
3 -3.368220 -6.975140 13.64710
3 -2.222100 -7.784380 13.64130
3 -1.683240 -8.164160 12.30030
3  2.384310 -8.058250 12.40810
3  3.667280 -7.515710 12.43630
3  4.298220 -7.236900 13.73160
3  5.349090 -6.325790 13.68290
3 -4.720440 -5.351380 12.35080
3 -5.175360 -4.867690 13.70870
3  5.825750 -5.862240 12.39370
3  6.607800 -4.602760 12.41120
3 -6.155780 -3.103680 12.38060
3 -5.816840 -3.623860 13.71280
1 -0.048753 -3.162870 12.98030
1  1.371890 -3.192420 12.87040
1  2.160330 -2.057230 13.18900
3  6.856120 -4.011880 13.73980
3  7.198880 -2.614050 13.74150
3 -6.733020 -1.811580 12.39430
3 -6.812130 -1.139470 13.72400
1 -0.681359 -1.894780 13.32000
1 -1.820180 -1.439060 12.51720
1 -1.757680 -0.009862 12.41360
1  0.170105 -0.747595 13.61240
1  1.570290 -0.791156 13.59340
1  3.315340 -1.751040 12.34730
3  7.394210 -1.975540 12.42200
3  7.469360  0.051613 13.76290
3  7.483170 -0.559138 12.40790
3 -0.335989 -8.347580 15.00880
3 -3.921310 -6.547090 14.96100
3 -2.378760 -7.886550 16.42700
3 -1.765360 -8.181110 14.99500
3  2.409400 -8.066770 15.04000
3  3.688560 -7.537650 15.04170
3 -4.842910 -5.460850 14.95920
3  5.850720 -5.847430 15.05840
3  6.602940 -4.643490 15.04530
3 -6.051180 -3.035910 15.01950
3 -6.464240 -1.694380 15.05020
3  7.183320 -2.023390 15.08140
3  7.417860 -0.621557 15.06180
3 -0.342790 -8.196150 17.66580
3  0.292108 -8.263280 16.37620
3  1.709530 -8.098200 16.34420
3 -3.963890 -6.630420 17.68850
3 -3.510070 -7.083770 16.35780
3 -1.742400 -8.126920 17.71960
3  2.406970 -8.038120 17.62680
3  3.693830 -7.450550 17.61430
3  5.384620 -6.269630 16.34800
3  4.235690 -7.129470 16.33460
3 -5.279030 -5.018630 16.33440
3 -4.907930 -5.508750 17.66290
3  5.887500 -5.889070 17.75640
3  6.569960 -4.622390 17.78110
3 -6.069210 -3.138830 17.69020
3 -5.917820 -3.701300 16.34510
2 -1.493650 -2.051100 18.31520
2 -0.207749 -2.150840 17.70140
2  0.558432 -3.282450 17.98490
2  2.041820 -3.075160 18.13280
3  6.739840 -4.002940 16.39950
3  6.988410 -2.596100 16.40880
3 -6.630740 -1.107830 16.34030
3 -6.434600 -1.758730 17.73600
2  0.376814 -0.812667 17.59760
2  1.735720 -0.675477 17.82830
2  2.560900 -1.811310 18.10340
3  7.126450 -2.020150 17.77430
3  7.247630 -0.609992 17.75980
3 -7.680550  0.728994  7.04077
1 -0.117340  0.984284  7.18820
1  1.320910  0.896956  7.11519
3  7.404060  2.070340  6.96917
3 -7.732540  2.111900  7.04062
3  6.857950  3.405280  6.99853
3 -6.625260  4.631610  6.99567
3 -5.688370  5.742670  6.96301
3  5.211700  5.575160  7.00172
3 -3.561620  7.320300  6.93543
3 -2.229690  7.913900  6.95986
3  0.468228  8.196260  6.96483
3  1.888630  7.988760  6.96529
3  4.269890  6.585640  6.97130
3 -7.533530  0.752878  9.74238
3 -7.536160  0.087488  8.37026
1 -2.390440  0.327997  8.89540
1 -0.383216  1.705660  8.40014
1 -1.520610  1.497240  9.17271
1  1.918830  1.694770  8.18925
1  3.035200  1.273450  8.94971
1  3.579060 -0.020353  8.62948
3  7.460650  1.464560  8.38837
3  7.323340  2.098850  9.69262
3 -7.523840  2.147010  9.68496
3 -7.515470  2.759360  8.34535
3 -7.019300  4.115980  8.33278
1  0.818857  2.180350  8.98330
3  6.485900  3.972270  8.32257
3  6.727360  3.426650  9.66249
3 -6.582440  4.703020  9.58216
3 -5.692910  5.788770  9.58637
3  5.751800  5.249750  8.34298
3  5.356140  5.764490  9.67817
3 -5.232470  6.244650  8.25574
3 -4.196810  7.174250  8.25417
3 -3.609720  7.441530  9.55648
3 -2.243000  7.795250  9.55688
3 -1.584710  8.020920  8.26994
3 -0.169919  8.251080  8.27349
3  0.493032  8.201250  9.57194
3  1.919430  8.082220  9.62464
3  3.821230  7.088330  8.32232
3  2.526240  7.757380  8.30855
3  4.371510  6.822500  9.65603
3 -7.228970  0.173378 11.07270
1 -2.234880  0.598115 11.21490
1 -1.438550  1.656640 10.58650
1 -0.283264  2.170010 11.22470
1  3.204450  1.413940 10.36950
1  2.033990  1.877860 11.08280
1  3.855930  0.255657 10.94290
3  7.417550  1.501720 11.02180
3  7.411100  0.015474 11.03020
3 -7.421050  2.835360 10.96560
1  0.906778  2.422490 10.37970
3  6.382140  4.030250 10.99780
3 -6.796650  4.103420 10.92950
3  5.815190  5.299460 11.04400
3 -5.247960  6.298210 10.90180
3 -4.155040  7.175100 10.89130
3 -3.584480  7.589680 12.25170
3 -1.559390  8.050690 10.88580
3  3.753630  7.140160 11.00720
3  2.568950  7.898910 10.99080
3 -0.159148  8.150510 10.88200
3 -7.329660  0.840708 12.33800
3 -7.191020  0.238685 13.72590
1 -0.498022  0.432861 13.02680
1  0.187666  1.470890 12.40710
1  1.614320  1.370580 12.32730
1  2.285930  0.264549 12.85050
3  7.240510  1.475880 13.79060
3 -7.369280  2.275400 12.34170
3 -7.318080  2.901470 13.66380
3  7.098900  2.087470 12.39390
3  6.303870  3.979840 13.68950
3  6.579150  3.433150 12.31800
3 -6.799760  4.232230 13.60050
3 -6.494950  4.779410 12.29740
3 -5.640140  5.862120 12.27100
3  5.283190  5.775410 12.35310
3  5.617520  5.253880 13.71280
3 -5.228930  6.387470 13.65740
3 -4.183270  7.335560 13.61730
3 -2.230870  8.065580 12.19660
3  1.926610  8.048860 12.26890
3  2.435350  7.839210 13.64020
3  3.686850  7.157000 13.68250
3  4.220420  6.790260 12.34310
3 -1.599410  8.280820 13.51060
3 -0.176001  8.446170 13.52370
3  0.474718  8.300230 12.22470
3 -7.297500  0.866789 15.03660
3 -7.342770  2.311010 15.01840
3  7.149640  2.095430 15.12310
3  6.640660  3.441730 15.12280
3 -6.522760  4.886190 15.01020
3 -5.698210  6.040690 15.00270
3  5.208280  5.772470 15.02250
3 -5.150370  6.463510 16.30220
3 -4.070710  7.424090 16.27600
3 -3.558600  7.712960 14.92100
3 -2.244420  8.261130 14.90120
3  1.849370  8.047480 14.92570
3  4.215810  6.732130 15.02810
3 -0.098850  8.572840 16.22910
3  0.443665  8.464460 14.84740
3 -7.027430  0.262124 16.40280
3 -7.062400  0.877024 17.74110
2 -0.603961  0.112856 18.18900
3  7.294450  1.444800 16.45620
3  7.224820  2.123790 17.78000
3  7.411840  0.033106 16.43100
3 -7.095850  2.882420 16.38440
3 -7.141940  2.247330 17.73220
3  6.279000  3.977030 16.40270
3  6.560020  3.357800 17.76150
3 -6.670980  4.230820 16.34560
3 -6.328130  4.838330 17.71080
3 -5.521000  6.024060 17.69490
3  5.583020  5.235830 16.39990
3  5.160580  5.766790 17.73110
3 -3.506150  7.718430 17.59660
3 -2.206480  8.336290 17.55810
3  1.895040  8.096650 17.61820
3  2.447820  7.844630 16.28340
3  3.635560  7.068940 16.31260
3  4.194010  6.828860 17.64060
3 -1.600590  8.421040 16.24580
3  0.535642  8.530270 17.58660