358

3  1.732220 -8.101220 24.3171
3  3.117610 -7.921680 24.3645
3 -1.009360 -7.569440 24.1476
3 -2.362170 -7.217720 24.0705
3  5.489510 -6.619630 24.4296
3  6.403420 -5.567260 24.4727
3  7.833230 -3.149890 24.5880
3  8.011930 -1.703060 24.5956
3  1.006090 -8.057820 25.4822
3 -4.175590 -6.083920 25.1918
3 -2.950490 -6.733760 25.2356
3 -0.368005 -7.743730 25.3720
3  3.687200 -7.793290 25.5792
3  4.929600 -7.106100 25.6107
3 -5.966490 -4.879400 26.3308
3 -6.422900 -4.419250 25.0849
3 -4.780170 -5.654790 26.3687
3  6.771050 -5.121460 25.7201
3 -7.566090 -2.639180 26.2509
3 -7.192990 -3.247720 25.0555
2 -2.895670 -2.365020 25.3296
2 -0.427997 -2.762580 25.1825
3  7.351160 -3.843700 25.7370
3 -8.272290 -0.674268 25.0129
3 -8.163540 -1.353140 26.2307
2 -3.683900 -0.273328 24.6981
2 -2.743100 -1.310190 24.3629
2 -0.294171 -1.756740 24.2104
2  0.803299 -0.806471 24.2725
2  1.771540 -0.894743 25.2902
3  7.670340 -1.040890 25.7920
3  1.607720 -8.183180 26.7672
3 -3.000500 -6.570120 27.6340
3 -4.213030 -5.909650 27.6217
3 -2.311570 -6.812290 26.4498
3 -1.055160 -7.391050 26.5477
3 -0.441343 -7.610490 27.8418
3  0.898027 -7.983690 27.9296
3  3.012120 -8.128720 26.8013
3  3.673760 -8.035500 28.0497
3  4.907650 -7.351380 28.0284
3  5.509350 -6.817510 26.8672
3 -6.474540 -4.345440 27.5572
3  6.515120 -5.813900 26.9257
3  6.775150 -5.224630 28.1732
3 -7.412330 -3.289450 27.5000
2 -3.666100 -2.203500 27.6701
2 -1.737740 -3.039180 25.7570
2 -1.553800 -3.266660 27.1625
2  0.544922 -2.850650 26.2659
2 -0.168030 -3.157960 27.4771
3  7.289490 -3.179370 26.9384
3  7.065900 -3.876070 28.1420
3 -8.449520 -0.733259 27.4772
2 -3.891310 -1.938080 26.3134
2 -4.409310 -0.665371 25.8781
2  1.604380 -1.926090 26.3037
3  7.257020 -1.118780 28.1652
3  7.395670 -1.789360 26.9269
3 -3.250460 -6.932480 30.0817
3 -2.521270 -7.036950 28.8684
3 -1.229480 -7.541990 28.9899
3 -0.645749 -7.957540 30.1794
3  0.724767 -8.230280 30.3238
3  1.536280 -8.104920 29.1630
3  2.943370 -8.278410 29.2292
3  3.590210 -8.125280 30.4763
3  4.803510 -7.431300 30.4977
3  5.443030 -6.979460 29.3043
3 -5.986650 -4.785690 28.7895
3 -4.907480 -5.639030 28.8045
3 -4.446250 -6.145090 30.0340
3  6.339620 -5.887770 29.3419
3  6.607260 -5.320750 30.5731
3 -7.847220 -2.717010 28.7562
3 -6.580750 -4.349940 29.9971
3 -7.486780 -3.276900 29.9798
2 -2.513380 -2.933740 28.1162
2 -2.136820 -2.449020 29.4293
2  0.220441 -2.679820 28.7343
2 -0.763222 -2.291570 29.7274
3  7.024430 -3.971990 30.5322
3  7.127960 -3.199320 29.3664
3 -8.363570 -1.377440 28.7323
3 -8.704880 -0.683324 29.9182
2 -4.039840 -1.260030 28.6808
2 -3.088400 -1.382380 29.7792
2  1.960780 -1.354930 27.5830
2  1.276900 -1.690820 28.7689
3  7.210200 -1.812130 29.3590
3  6.906930 -1.187710 30.5635
3 -3.305260 -6.917860 32.5085
3 -2.686570 -7.308530 31.3017
3 -1.370860 -7.807750 31.4065
3  1.379400 -8.273150 31.5752
3  2.776890 -8.177420 31.6338
3  5.283610 -6.980220 31.7368
3 -6.069710 -4.829790 31.2205
3 -4.462840 -6.135950 32.4802
3 -5.002930 -5.733160 31.2411
3  6.211830 -5.919430 31.7730
3 -7.884940 -2.602270 31.1565
3 -7.484710 -3.168920 32.4227
3 -6.505150 -4.196710 32.4428
3  7.286450 -3.278210 31.7685
3 -8.546270 -1.380200 31.1250
3 -8.780930 -0.620282 32.3199
2 -0.304795 -1.078110 30.3758
2  0.950004 -0.699857 29.7557
3  7.095590 -1.872200 31.7486
3 -2.682980 -7.068250 33.7981
3 -1.388780 -7.608390 33.8562
3  0.662111 -8.162260 32.7392
3 -0.699525 -7.905550 32.6403
3  1.280340 -8.207880 33.9976
3  2.712680 -8.128210 34.0838
3  3.413370 -7.989630 32.8929
3  4.674360 -7.400930 32.9466
3  5.169090 -6.865320 34.1482
3 -5.918510 -4.561410 33.6602
3 -4.942190 -5.554030 33.6842
3  6.536580 -5.270020 32.9679
3  6.154250 -5.874570 34.1738
3 -7.838060 -2.468840 33.6213
3  7.135530 -3.992710 32.9874
3  7.313720 -3.281950 34.1706
3 -8.569300 -1.270640 33.5895
3  7.195970 -1.878330 34.1705
3  6.943230 -1.154540 32.9692
3 -3.272780 -6.670920 35.0112
3 -1.451470 -7.464040 36.3425
3 -2.720020 -6.892980 36.2899
3 -0.795925 -7.799670 35.1316
3  0.567447 -8.218470 35.2003
3  1.237610 -8.037060 36.4104
3  2.620270 -7.882000 36.5014
3  3.324180 -7.829230 35.3161
3  4.567380 -7.227010 35.3169
3  5.190760 -6.828100 36.5163
3 -6.382570 -3.996390 34.8781
3 -6.024010 -4.517820 36.1573
3 -5.080730 -5.560040 36.1722
3 -4.480640 -5.959640 34.9584
3  6.231180 -5.874900 36.5259
3  6.602700 -5.243550 35.3410
3 -7.299600 -2.918400 34.8467
3 -7.752400 -2.296310 36.0420
3  7.122370 -3.956330 35.3459
3  7.101570 -3.230860 36.5397
3 -8.970530 -0.594312 34.7873
3 -8.659640 -1.230130 36.0097
3  7.005840 -1.830160 36.5639
3  6.872810 -1.142000 35.3597
3 -3.323870 -6.611150 37.4764
3 -2.764920 -6.824090 38.7575
3 -1.481410 -7.362190 38.8232
3  0.522867 -7.917460 37.6535
3 -0.847523 -7.604670 37.6077
3  1.201140 -7.810890 38.8877
3  2.601610 -7.702800 38.9258
3  3.280120 -7.595560 37.6988
3  4.584430 -7.128110 37.7066
3 -6.176510 -4.520610 38.5562
3 -6.551910 -4.012390 37.3136
3 -5.025350 -5.330190 38.5970
3 -4.518590 -5.908100 37.4218
3  6.567660 -5.262420 37.7255
3 -7.886690 -2.367770 38.4952
3 -7.452610 -2.925850 37.2915
3  6.993670 -3.928180 37.7061
3 -8.601280 -1.162090 38.4674
3 -9.062870 -0.607891 37.1949
3  6.716690 -1.095240 37.7305
3  5.166770 -6.807520 38.9019
3  6.217060 -5.885820 38.9286
3  6.981250 -3.162930 38.9086
3  6.764500 -1.761450 38.9284
2 -2.615310 -0.205022 30.4048
2 -1.206290 -0.042809 30.6860
3  4.970030  4.624610 24.4351
3  3.891090  5.545760 24.3648
3  0.165310  7.565520 24.1533
3  1.427100  7.000500 24.2497
3 -8.501310  0.705734 24.9715
3 -8.758290  1.373310 26.2030
2 -3.319260  1.057690 24.4939
2  0.740465  1.652200 24.5649
3  7.212050  1.030170 24.5497
3  7.302530  0.326478 25.7898
3 -8.760590  2.785990 26.1917
3 -8.555850  3.455860 24.9269
2 -3.682170  2.088900 25.4381
2 -1.555640  2.586300 24.5762
2 -2.583910  3.052560 25.4836
2 -0.195011  2.699000 24.9054
3  5.312800  4.008560 25.6565
3  6.501620  2.203400 24.5042
3  6.103780  2.883570 25.6777
3 -7.755860  4.639560 24.9977
3 -7.381490  5.094270 26.2838
3  3.123960  5.864260 25.5070
3 -6.322100  6.014580 26.3184
3 -5.760260  6.519610 25.1273
3 -4.574410  7.201110 25.1221
3 -4.089040  7.627300 26.3582
3 -2.782560  8.102490 26.3994
3 -1.965400  7.936350 25.2294
3 -0.042527  7.590870 26.5589
3 -0.597383  7.811800 25.2945
3  1.969080  6.688070 25.5045
3 -8.700890  0.670359 27.4691
3 -8.933590  1.381160 28.6870
2 -4.752020  0.295826 26.8461
2 -4.324830  1.674930 26.6207
2  2.218490  0.309933 25.9624
2  1.730740  1.568820 25.5968
2  2.346360  0.021480 27.3693
3  6.842910  0.943851 26.9518
3  6.204280  2.167020 26.8882
3  6.808010  0.248354 28.1425
3 -8.684520  3.445560 27.4442
3 -8.990350  2.769810 28.6548
2 -2.151950  3.550990 26.7308
2  0.229045  3.309790 26.1443
2 -0.749326  3.714200 27.0741
2  1.422910  2.597900 26.5742
3  4.853450  3.862770 27.9785
3  5.658450  2.732080 28.0615
3 -7.820760  4.574680 27.4923
3  2.791800  5.769250 27.8557
3  3.498550  5.269610 26.7010
3  4.533420  4.395120 26.7878
3 -5.766700  6.350540 27.5556
3 -4.771880  7.364810 27.5652
3 -0.768733  8.022880 27.6802
3  1.217520  6.961290 26.6371
3  1.687400  6.653290 27.8592
3 -2.138360  8.292620 27.6238
3 -8.964240  0.701253 29.8762
2 -4.541250 -0.013394 28.2558
2 -4.010690  1.174170 28.8692
2  2.058200  1.001990 28.3399
2  1.357800  0.631227 29.5551
3  6.434710  0.847618 29.3127
3  5.804140  2.081250 29.2985
3  6.514260  0.128721 30.5572
3 -8.772020  3.471850 29.8675
2 -3.887190  2.211150 27.8811
2 -2.837510  3.133500 27.9349
2 -1.875270  3.034920 29.0099
2 -0.574686  3.375270 28.4696
2  0.591892  2.732600 28.9155
2  1.572700  2.296500 27.9412
3  4.459130  3.769850 30.3815
3  5.216770  2.596580 30.4224
3 -7.430920  5.077550 28.7357
3 -8.018880  4.658950 29.9269
3 -6.364090  5.971100 28.7635
3  2.656480  5.927810 30.2573
3  3.291710  5.387350 29.1139
3  4.283520  4.403930 29.1406
3 -5.951910  6.601100 29.9889
3 -4.260560  7.856430 28.7929
3 -4.905950  7.567760 30.0077
3 -2.940240  8.381010 28.7793
3 -2.251210  8.546550 30.0146
3 -0.183064  7.879240 28.8965
3 -0.876762  8.323970 30.0263
3  1.061330  7.189350 28.9708
3  1.582330  6.856580 30.1814
3 -9.106520  1.428250 31.0903
3 -9.104490  0.769171 32.3263
2 -3.104270  1.077540 29.9228
2 -0.833850  1.320120 30.3948
2  0.430966  1.686170 29.8931
3  6.053330  0.729287 31.7128
3  5.346780  1.903260 31.6233
3 -9.126220  2.857170 31.1129
3 -8.973350  3.575990 32.3274
2 -2.020280  2.027210 29.9811
3 -8.255080  4.833250 32.3855
3 -7.662750  5.294200 31.1761
3 -6.565790  6.243430 31.1897
3  2.952780  5.383330 31.4945
3  3.786390  4.218040 31.5094
3 -6.135990  6.834980 32.4024
3 -4.343430  8.015910 31.2476
3 -4.932100  7.578350 32.4623
3 -3.030020  8.547030 31.2092
3 -0.273616  8.119040 31.2545
3  0.959648  7.407970 31.3393
3  1.566070  7.048790 32.5656
3 -2.336220  8.494890 32.4425
3 -0.939509  8.365700 32.4484
3 -9.389010  1.500600 33.5062
3  5.366120  2.057160 34.0100
3  6.011940  0.815014 34.1182
3  6.415430  0.138249 32.9360
3 -9.189020  2.880780 33.5552
3  4.019840  3.622190 32.6969
3  4.846240  2.485930 32.7819
3 -7.779270  5.420560 33.6149
3 -6.677570  6.378210 33.6269
3  2.461080  5.990590 32.6483
3  2.690670  5.318360 33.8708
3  3.552690  4.217950 33.8574
3 -4.256740  7.776100 33.6905
3 -2.949520  8.262400 33.6795
3 -0.208371  8.218430 33.6488
3  1.070800  7.661770 33.6921
3 -9.348020  0.746940 34.7162
3 -9.328220  1.450800 35.9236
3  5.182710  2.057400 36.3910
3  5.940290  0.855980 36.4659
3  6.341360  0.193307 35.3152
3 -8.865540  3.554350 34.7559
3 -9.024360  2.804900 35.9626
3  3.990310  3.759960 35.0932
3  4.907050  2.691160 35.1676
3  3.458430  4.339200 36.2644
3 -8.101670  4.706830 34.8016
3 -7.454520  5.105800 36.0030
3 -6.449400  6.099900 36.0706
3  2.261820  6.006740 35.0124
3  2.652840  5.528120 36.2498
3 -6.056450  6.677910 34.8726
3 -4.905670  7.508690 34.9458
3 -4.185000  7.722220 36.1889
3 -2.820390  8.153810 36.1414
3 -0.106504  8.464600 36.1202
3  1.171880  7.880070 36.1222
3  1.621280  7.241710 34.9209
3 -2.212590  8.428090 34.9142
3 -0.804967  8.548480 34.8986
3 -9.402250  0.750473 37.1508
3 -9.436410  1.446420 38.4083
3  5.150500  2.158400 38.8167
3  6.284560  0.259117 37.6521
3 -9.196540  2.845500 38.4295
3 -8.760900  3.404420 37.2132
3  3.917600  3.871480 37.5083
3  4.758110  2.749960 37.5606
3 -7.919900  4.535490 37.2023
3 -7.454460  4.974440 38.4533
3 -6.353570  5.828840 38.4958
3  2.382180  6.234270 37.4345
3  2.910300  5.805060 38.6766
3  3.609740  4.582740 38.6926
3 -5.824540  6.357790 37.2990
3 -4.666040  7.126660 37.3490
3 -4.034220  7.344580 38.5469
3 -2.747610  7.888340 38.5658
3 -2.126250  8.276160 37.3822
3 -0.050004  8.551070 38.6199
3  1.269120  8.059280 38.6046
3  1.711740  7.455920 37.3847
3 -0.749094  8.525560 37.3744
3  5.848260  0.921857 38.8292