294

1  2.579580 -2.287810 54.9983
3 -3.153730 -7.051920 55.4858
3 -2.465510 -7.072410 56.9815
3 -1.034180 -7.110150 56.9412
3 -0.491595 -7.059240 55.4602
3  0.889683 -6.739320 55.4163
3  1.551770 -6.664580 56.9680
3 -6.610350 -4.969580 55.5622
3 -6.212660 -5.441080 56.9864
3 -4.956850 -6.065910 56.9671
3 -4.431900 -6.464530 55.5192
3  2.945790 -6.305020 56.9875
3  3.498000 -6.032960 55.5173
3  4.783960 -5.446770 55.4792
3  5.313480 -5.028490 57.0365
3 -7.467420 -3.745090 55.5154
3 -7.677280 -3.177960 57.0283
1 -0.504941 -2.089690 56.7312
1  0.726669 -2.834230 56.5374
1  1.227900 -2.549930 55.2104
1  3.511160 -2.319040 56.1187
3  6.485300 -4.233190 57.0254
3  6.909360 -3.859630 55.5618
3  7.827030 -2.685860 55.5813
3 -8.023200 -1.741310 56.9975
3 -8.159450 -1.159390 55.5765
1 -1.747490  0.489359 56.7741
1 -1.368210 -0.145887 55.5412
1 -0.838622 -1.432800 55.4786
1  4.486540 -1.294800 55.9217
1  5.025890 -0.606863 57.0093
3  8.167350 -2.137850 57.0123
3  8.556020 -0.774781 56.9930
3  8.505250 -0.122106 55.5868
3 -3.046300 -6.997430 58.3987
3 -0.404689 -7.023720 58.3944
3  0.970489 -6.782200 58.3550
3 -6.497690 -4.926020 58.4078
3 -4.364340 -6.480950 58.4449
3  3.560960 -6.050810 58.4747
3  4.744860 -5.289450 58.4851
3 -7.342510 -3.725130 58.4140
1 -0.910133 -1.434590 57.8921
1 -0.004905 -1.616310 59.0601
1  1.306380 -2.279530 58.9309
1  1.624250 -2.896180 57.6127
1  3.034420 -2.651480 57.3691
3  7.000110 -3.835960 58.3997
3  7.903320 -2.717050 58.4233
3 -8.093250 -1.180680 58.4442
1 -1.535370 -0.161530 57.9467
1 -1.088740  0.533581 59.1809
1  3.623370 -1.996790 58.5554
1  4.527040 -0.949703 58.3616
3  8.522880 -0.161379 58.4589
3 -2.401610 -7.181070 59.9295
3 -0.971757 -7.069310 59.9105
3 -0.363749 -7.003970 61.3102
3  1.060910 -6.837190 61.2924
3  1.611780 -6.648200 59.8153
3  3.020070 -6.281150 59.8544
3 -6.047910 -5.370930 59.9244
3 -6.591180 -4.986350 61.3677
3 -4.884710 -6.264890 59.8504
3 -2.987040 -6.992870 61.3951
3 -4.403100 -6.663390 61.3825
3  3.544260 -6.029530 61.3817
3  4.790290 -5.309200 61.3586
3  5.342890 -5.034560 59.8821
3 -7.587190 -3.166500 59.8713
3 -7.442940 -3.789660 61.3510
3  6.497800 -4.221490 59.8523
3  6.979150 -3.832790 61.3416
3  7.933260 -2.763470 61.3169
3 -7.917000 -1.811210 59.8846
3 -7.955610 -1.187290 61.4188
1 -0.049870 -0.321676 59.7680
1  1.147550  0.209736 60.1863
1  2.403790 -0.469244 60.1163
1  2.547950 -1.773770 59.5044
3  8.181100 -2.220600 59.8552
3  8.531540 -0.849036 59.8808
3  8.562920 -0.186185 61.2875
3 -2.395590 -7.060630 62.7942
3 -0.999517 -7.054680 62.8420
3  1.670870 -6.649580 62.7955
3 -6.133440 -5.492250 62.8099
3 -4.981600 -6.411310 62.7773
3  3.000020 -6.157100 62.8148
3  5.299620 -5.005880 62.8353
3 -7.600610 -3.221810 62.8422
3  6.533290 -4.263170 62.8780
3 -7.864750 -1.842120 62.8636
3  8.146760 -2.196490 62.7980
3  8.508670 -0.820197 62.7778
3 -3.048070 -7.093060 64.2333
3 -0.399247 -7.023140 64.2830
3  1.006750 -6.827500 64.2922
3 -6.441830 -4.969950 64.2571
3 -4.409670 -6.662750 64.2312
3  3.493640 -5.968890 64.2410
3  4.791380 -5.250570 64.2946
3 -7.277290 -3.787760 64.2282
2 -3.491820 -2.573300 65.7450
2 -1.198470 -2.911870 64.9792
3  6.976090 -3.895250 64.2703
3  7.876860 -2.769620 64.2849
3 -7.925260 -1.260240 64.2927
2 -4.224930 -0.164883 65.6635
2 -2.505060 -2.281730 64.7961
2 -2.301700 -0.905717 64.3003
2 -0.219745 -1.919740 64.5102
2  1.041600 -1.856600 65.0990
2 -0.899446 -0.772745 64.0315
3  8.578820 -0.226238 64.2678
3 -3.041440 -7.106380 67.2442
3 -2.496130 -7.261470 65.7257
3 -0.996523 -7.192720 65.7299
3 -0.408297 -7.164460 67.2234
3  1.013080 -6.882500 67.2248
3  1.641740 -6.703780 65.7574
3 -6.085010 -5.399810 65.6714
3 -6.519810 -5.055440 67.1097
3 -4.959750 -6.336800 65.6772
3 -4.483280 -6.679510 67.2109
3  3.017150 -6.267510 65.7634
3  3.540670 -6.011700 67.2575
3  4.799270 -5.421010 67.2052
3  5.329240 -5.068200 65.7667
3 -7.401850 -3.906530 67.1147
3 -7.530540 -3.274700 65.6770
2 -3.252080 -3.439350 66.9596
2 -1.943380 -3.964940 67.1305
2 -0.930292 -3.638130 66.1436
2  0.326210 -3.542950 66.7822
3  6.584910 -4.359120 65.8053
3  7.002890 -3.883490 67.2063
3  7.800630 -2.696080 67.1663
3 -7.966360 -1.911470 65.7099
3 -7.983140 -1.266200 67.2653
2 -4.243060 -1.415760 66.2379
2 -4.532090 -1.618150 67.6094
2  1.267600 -2.636900 66.2761
2  1.993010 -1.859510 67.2573
3  8.072430 -2.169130 65.7313
3  8.415900 -0.788493 65.7645
3  8.515290 -0.196424 67.2297
3 -8.119850  0.905785 56.9880
3 -8.205260  0.296841 55.6067
3 -7.832300  2.293600 57.0100
1 -1.140380  2.133170 55.2819
1 -1.614080  1.908750 56.6591
1  5.013460  1.428830 55.7006
1  5.307040  0.757457 56.8791
3  8.347900  1.254960 55.5939
3  8.361420  1.896090 57.0559
3 -7.634290  2.934160 55.5327
3 -6.746350  4.060770 55.5691
3 -6.310770  4.533130 57.0584
1 -0.057531  3.032710 55.0760
1  0.457501  3.775360 56.2197
1  1.842480  4.064550 56.0370
1  4.461610  2.774170 55.7135
3  7.674680  3.769200 55.5261
3  7.905810  3.224430 56.9959
3 -5.228120  5.461480 57.0481
3 -4.791810  5.845560 55.6162
3 -3.480760  6.363110 55.5696
3 -2.892030  6.688670 56.9942
3  6.438840  5.414960 56.9877
3  6.889000  5.019380 55.4507
3  5.174790  6.115250 56.9801
3 -1.476050  6.939840 56.9157
3 -0.826737  6.928680 55.5542
3  0.615308  7.132510 55.5314
3  2.665180  7.013590 56.9170
3  1.214480  7.158350 56.9367
3  4.655990  6.478720 55.5221
3  3.281270  6.939230 55.4975
3 -8.283470  0.262377 58.4398
1 -1.165950  2.687950 57.7179
1 -0.812369  1.914320 58.9160
1  5.020960  1.348180 58.2227
1  4.530110  0.281552 59.1049
3  8.413680  1.258880 58.4630
3 -7.562740  2.869820 58.4164
3 -6.648570  3.994400 58.3776
1 -0.009642  3.569030 57.4916
1  0.869501  3.498210 58.6164
1  2.214330  3.704540 58.4375
1  2.756430  3.953530 57.1395
1  4.015280  3.239090 56.9822
1  4.368660  2.588130 58.2543
3  7.757720  3.875540 58.4169
3 -4.722760  5.799110 58.5294
3 -3.455790  6.464050 58.5527
3  6.899410  5.048690 58.4337
3 -0.825422  6.851650 58.3956
3  0.574414  7.092330 58.4601
3  4.566250  6.285880 58.3648
3  3.246980  6.829500 58.3487
3 -8.061780  0.889614 59.9037
3 -8.076360  0.239442 61.3961
3 -7.800380  2.305750 59.9023
1  0.410622  2.488560 59.5495
1  1.339180  1.577030 60.1164
1  2.777640  1.802750 59.9609
1  3.487900  0.511414 59.9940
3  8.318790  1.885240 59.8691
3  8.382850  1.212370 61.3609
3 -7.487380  2.823350 61.3492
3 -6.723100  4.051990 61.3652
3 -6.315040  4.458120 59.8575
1  3.257520  2.873780 59.1709
3  7.885500  3.216080 59.8551
3  7.599900  3.735360 61.3282
3 -5.267740  5.471580 59.9176
3 -4.751380  5.723710 61.3904
3 -3.443870  6.344050 61.3716
3 -2.895220  6.627060 59.9108
3  5.135880  6.080610 59.8281
3  6.465750  5.400620 59.8200
3  6.860770  4.937110 61.2791
3 -1.453540  6.822170 59.9196
3 -0.850564  6.948790 61.3923
3  0.523897  7.052620 61.3787
3  1.162180  6.927350 59.8807
3  2.592960  6.861210 59.9172
3  4.548420  6.296820 61.3006
3  3.155460  6.681740 61.3320
3 -8.019700  0.804600 62.8273
3 -7.666060  2.258060 62.8482
3  8.315560  1.825950 62.8077
3 -6.317470  4.505370 62.8262
3  7.988710  3.227120 62.8108
3 -5.259290  5.459600 62.8431
3 -2.855130  6.474870 62.8343
3  5.120050  6.001180 62.7761
3  6.420770  5.359880 62.7620
3 -1.445920  6.851890 62.8377
3  1.196490  6.946410 62.8880
3  2.643040  6.798610 62.8963
3 -7.969490  0.161900 64.3068
2 -2.591800  1.448500 64.9196
2 -3.180150  0.139501 64.7049
2 -1.223390  1.674870 64.6630
2 -0.393009  0.498702 64.2534
2  0.871344  0.634470 64.9868
2  1.502650 -0.556608 65.4264
3  8.586990  1.194710 64.2391
3 -7.353080  2.785130 64.3346
3 -6.586600  4.005080 64.3489
3  7.766310  3.807480 64.2117
3 -4.809870  5.866640 64.4129
3 -3.451740  6.372400 64.3577
3  6.970530  4.959560 64.1954
3  5.233590  6.042250 65.7405
3 -0.845086  6.961300 64.3485
3  0.611079  7.106950 64.2807
3  4.661430  6.222330 64.2982
3  3.292880  6.709970 64.3136
3 -7.877420  0.782664 65.6803
3 -7.962120  0.174161 67.2567
2 -3.275840  2.037140 66.0479
2 -4.323910  1.061330 66.4747
2  2.114990 -0.557486 66.7029
3  8.529150  1.296450 67.1982
3  8.488420  1.847340 65.7313
3 -7.664290  2.234300 65.7258
3 -7.343900  2.713060 67.2169
3 -6.625550  4.006510 67.2095
3 -6.307250  4.510010 65.7807
2 -2.567810  2.882410 66.9434
2 -0.393626  2.537460 65.6131
2 -1.130610  3.117680 66.7779
2  0.879215  1.826830 65.8164
2  1.452640  1.806830 67.1316
3  8.065610  3.251300 65.7284
3  7.956230  3.899490 67.1779
3 -5.313100  5.531290 65.8498
3 -4.720370  5.802840 67.2718
3 -3.404390  6.450050 67.2788
3 -2.862660  6.605920 65.7866
3  6.553090  5.367730 65.7552
3  6.949700  4.990050 67.1831
3 -1.405700  6.872650 65.7303
3 -0.791782  6.925590 67.2547
3  0.649984  6.979400 67.2601
3  1.279950  6.970140 65.7594
3  2.730880  6.778460 65.7329
3  4.735080  6.285760 67.1521
3  3.335730  6.719010 67.1922
2 -4.505760  0.833892 67.8924
2  2.116630  0.588686 67.5305