# Fix print output for fix Step
0 0 0.720363972594869
0.000495000000000006 0.00552143156400007 1.32405095468304
0.000995000000000074 0.0110986351640008 -0.267355567004267
0.00149500000000001 0.0166758387640002 1.86452504500422
0.00199499999999996 0.0222530423639995 -0.288813449954259
0.00249500000000002 0.0278302459640003 1.61018721597489
0.00299500000000009 0.033407449564001 2.05556968299575
0.0034949999999999 0.0389846531639989 3.0898292186533
0.00399499999999997 0.0445618567639997 4.44282736157038
0.00449500000000004 0.0501390603640004 2.96059949417934
0.00499500000000011 0.0557162639640012 3.59209941417543
0.00549499999999992 0.0612934675639991 2.36425212783977
0.00599499999999999 0.0668706711639999 2.93453971412176
0.00649500000000006 0.0724478747640006 2.60663957405774
0.00699500000000012 0.0780250783640014 2.84553908725974
0.00749499999999994 0.0836022819639993 3.95675311799948
0.00799500000000001 0.0891794855640001 3.28215143420166
0.00849500000000007 0.0947566891640008 4.2385801358337
0.00899500000000001 0.100333892764 4.55969915574953
0.00949499999999995 0.105911096363999 4.99917606978107
0.00999500000000002 0.111488299964 5.49727273166627
0.0104950000000001 0.117065503564001 4.95539064374054
0.0109949999999999 0.122642707163999 6.03364323202353
0.011495 0.128219910764 5.63953545975763
0.011995 0.133797114364 6.02449712440524
0.0124950000000001 0.139374317964001 6.0316625182456
0.0129949999999999 0.144951521563999 6.16753729493588
0.013495 0.150528725164 6.73902835710823
0.0139950000000001 0.156105928764001 6.77108585853289
0.0144950000000001 0.161683132364001 7.41995755501645
0.0149949999999999 0.167260335963999 6.98203657802406
0.015495 0.172837539564 7.8314348824709
0.0159950000000001 0.178414743164001 7.62609729259928
0.016495 0.183991946764 7.91048540086108
0.016995 0.189569150363999 8.24726680523877
0.017495 0.195146353964 8.02791449880724
0.0179950000000001 0.200723557564001 8.87495380726482
0.0184949999999999 0.206300761163999 8.54243038357243
0.018995 0.211877964764 8.87382777907874
0.019495 0.217455168364 8.86902126799336
0.0199950000000001 0.223032371964001 9.45241708825374
0.0204949999999999 0.228609575563999 9.0101271148598
0.020995 0.234186779164 9.56207701716852
0.0214950000000001 0.239763982764001 9.56935885293268
0.0219950000000001 0.245341186364001 10.2172369307672
0.0224949999999999 0.250918389963999 10.1308656223012
0.022995 0.256495593564 10.5194372289119
0.0234950000000001 0.262072797164001 10.4372363860403
0.023995 0.267650000764 11.0703654871876
0.024495 0.273227204363999 11.0973115247462
0.024995 0.278804407964 10.9539394036717
0.0254950000000001 0.284381611564001 11.2074529947539
0.0259949999999999 0.289958815163999 11.3250114178947
0.026495 0.295536018764 11.8618099021926
0.026995 0.301113222364 11.8794191983568
0.0274950000000001 0.306690425964001 12.0436893820808
0.0279949999999999 0.312267629563999 12.5586002893875
0.028495 0.317844833164 12.596050546182
0.0289950000000001 0.323422036764001 12.8239370003656
0.0294950000000001 0.328999240364001 13.1417578855558
0.0299949999999999 0.334576443963999 13.2831352595756
0.030495 0.340153647564 13.6595011949034
0.0309950000000001 0.345730851164001 13.5668002033111
0.031495 0.351308054764 13.7938853967909
0.031995 0.356885258363999 13.8526761889472
0.032495 0.362462461964 14.2412519355548
0.0329950000000001 0.368039665564001 14.0013860456074
0.0334949999999999 0.373616869163999 14.35887001907
0.033995 0.379194072764 14.6413906616675
0.034495 0.384771276364 15.0186582091298
0.0349950000000001 0.390348479964001 15.2532488969595
0.0354949999999999 0.395925683563999 15.3623868901527
0.035995 0.401502887164 15.7611717582977
0.0364950000000001 0.407080090764001 15.7221010549469
0.0369950000000001 0.412657294364001 15.9531890892926
0.0374949999999999 0.418234497963999 16.0708020713454
0.037995 0.423811701564 16.3023605615403
0.0384950000000001 0.429388905164001 16.4291090980191
0.038995 0.434966108764 16.7071273181087
0.039495 0.440543312363999 16.8768480433718
0.039995 0.446120515964 17.1283590277141
0.0404950000000001 0.451697719564001 17.4893848212394
0.0409949999999999 0.457274923163999 17.4937157092982
0.041495 0.462852126764 17.7392779961954
0.041995 0.468429330364 17.902973883306
0.0424950000000001 0.474006533964001 18.1183360684069
0.0429949999999999 0.479583737563999 18.355212467312
0.043495 0.485160941164 18.2783002921502
0.0439950000000001 0.490738144764001 18.7223897470698
0.0444950000000001 0.496315348364001 18.9860974484332
0.0449949999999999 0.501892551963999 19.3753601527194
0.045495 0.507469755564 19.4244163260562
0.0459950000000001 0.513046959164001 19.3931405273456
0.046495 0.518624162764 19.5723484870295
0.046995 0.524201366363999 19.8122335368677
0.047495 0.529778569964 19.9085907509644
0.0479950000000001 0.535355773564001 20.0443572414716
0.048495 0.540932977164 20.1282271301368
0.048995 0.546510180764 20.6830171469319
0.049495 0.552087384364 20.6535341721885
0.0499950000000001 0.557664587964001 20.9473988126937
0.0504949999999999 0.563241791563999 21.2462717900672
0.050995 0.568818995164 21.3042202385767
0.0514950000000001 0.574396198764001 21.717651595384
0.0519950000000001 0.579973402364001 21.4903254131039
0.0524949999999999 0.585550605963999 21.7382367716866
0.052995 0.591127809564 22.1209425111186
0.0534950000000001 0.596705013164001 22.4319412747714
0.053995 0.602282216764 22.5120612235465
0.054495 0.607859420363999 22.5231977460587
0.054995 0.613436623964 22.9322390755682
0.0554950000000001 0.619013827564001 23.382890957873
0.055995 0.624591031164 23.074013053559
0.056495 0.630168234764 23.4784692968202
0.056995 0.635745438364 23.5563790770365
0.0574950000000001 0.641322641964001 23.981267684599
0.0579949999999999 0.646899845563999 23.9798276307517
0.058495 0.652477049164 23.9983519407168
0.0589950000000001 0.658054252764001 24.2591938959521
0.0594950000000001 0.663631456364001 24.461780904194
0.0599949999999999 0.669208659963999 24.5766714235935
0.060495 0.674785863564 24.7677788987166
0.0609950000000001 0.680363067164001 24.9562275261528
0.061495 0.685940270764 25.301057224735
0.061995 0.691517474363999 25.3390289942557
0.062495 0.697094677964 25.4723804371808
0.0629950000000001 0.702671881564001 25.6572787024744
0.0634949999999999 0.708249085163999 25.7748666000126
0.063995 0.713826288764 26.2727931021306
0.064495 0.719403492364 26.2261160948258
0.0649950000000001 0.724980695964001 26.6376065667778
0.0654949999999999 0.730557899563999 26.8042998650224
0.065995 0.736135103164 26.9153422902537
0.0664950000000001 0.741712306764001 27.1866361460456
0.0669950000000001 0.747289510364001 27.0658183342998
0.0674949999999999 0.752866713963999 27.5371336122606
0.067995 0.758443917564 27.5845445115158
0.0684950000000001 0.764021121164001 27.8781839598473
0.068995 0.769598324764 28.0391979486823
0.0694949999999999 0.775175528363999 27.9874171455799
0.069995 0.780752731964 28.4728483485821
0.0704950000000001 0.786329935564001 28.4754509100517
0.0709949999999999 0.791907139163999 28.9563622950814
0.071495 0.797484342764 28.9487066472263
0.071995 0.803061546364 29.0899140510987
0.0724950000000001 0.808638749964001 29.4285183560673
0.0729949999999999 0.814215953563999 29.3217924963537
0.073495 0.819793157164 29.6235583109671
0.073995 0.825370360764001 29.5896816383786
0.0744950000000001 0.830947564364001 29.9779836784374
0.0749949999999999 0.836524767963999 30.3078735171127
0.075495 0.842101971564 30.2905505530446
0.0759950000000001 0.847679175164001 30.5661283897507
0.076495 0.853256378764 30.3882138040099
0.076995 0.858833582363999 30.8499700175479
0.077495 0.864410785964 31.190084221185
0.0779950000000001 0.869987989564001 31.2964744711636
0.0784949999999999 0.875565193163999 31.605656016204
0.078995 0.881142396764 31.6275616494485
0.079495 0.886719600364 32.1479268646241
0.0799950000000001 0.892296803964001 32.1118946348483
0.0804949999999999 0.897874007563999 32.450119041656
0.080995 0.903451211164 32.4359904328684
0.0814950000000001 0.909028414764001 32.5336405589042
0.0819950000000001 0.914605618364001 32.8058701753851
0.0824949999999999 0.920182821963999 32.9953830074345
0.082995 0.925760025564 33.2088841553898
0.0834950000000001 0.931337229164001 33.3873395390898
0.083995 0.936914432764 33.4966208389945
0.0844949999999999 0.942491636363999 33.9192718245282
0.084995 0.948068839964 33.936869292776
0.0854950000000001 0.953646043564001 34.1591850712217
0.0859949999999999 0.959223247163999 34.4568250151421
0.086495 0.964800450764 34.6306781721571
0.086995 0.970377654364 34.7496788328617
0.0874950000000001 0.975954857964001 34.7645075268926
0.0879949999999999 0.981532061563999 35.126523646523
0.088495 0.987109265164 35.1235673103523
0.088995 0.992686468764001 35.3209654978497
0.0894950000000001 0.998263672364001 35.6770603270676
0.0899949999999999 1.003840875964 35.9779009629431
0.090495 1.009418079564 36.1790463631754
0.0909950000000001 1.014995283164 36.3076275010663
0.0914950000000001 1.020572486764 36.508356004046
0.091995 1.026149690364 36.7561420925647
0.092495 1.031726893964 36.6994844064178
0.0929950000000001 1.037304097564 37.041978101337
0.0934949999999999 1.042881301164 37.4451247604353
0.093995 1.048458504764 37.696201778541
0.094495 1.054035708364 37.8386510831859
0.0949950000000001 1.059612911964 37.6161817297694
0.0954949999999999 1.065190115564 38.0691439526182
0.095995 1.070767319164 38.0795049513978
0.0964950000000001 1.076344522764 38.4413582212701
0.0969950000000001 1.081921726364 38.5370197832761
0.0974949999999999 1.087498929964 38.8124781540021
0.097995 1.093076133564 39.1870733818823
0.0984950000000001 1.098653337164 39.1143305358661
0.098995 1.104230540764 39.4511554134858
0.0994949999999999 1.109807744364 39.4660859924323
0.099995 1.115384947964 39.6412263766426
0.100495 1.120962151564 39.8685603339059
0.100995 1.126539355164 40.2519842223693
0.101495 1.132116558764 40.1096684596166
0.101995 1.137693762364 40.4689990228312
0.102495 1.143270965964 40.5675409654199
0.102995 1.148848169564 40.7959420944407
0.103495 1.154425373164 41.0408858189471
0.103995 1.160002576764 41.2371582792527
0.104495 1.165579780364 41.4663698896749
0.104995 1.171156983964 41.562241660718
0.105495 1.176734187564 41.8390834867617
0.105995 1.182311391164 41.9869706353776
0.106495 1.187888594764 42.2438970052267
0.106995 1.193465798364 42.1420801143091
0.107495 1.199043001964 42.4063590655212
0.107995 1.204620205564 42.6556145175363
0.108495 1.210197409164 42.7934358589353
0.108995 1.215774612764 43.0936936603425
0.109495 1.221351816364 43.1072630692172
0.109995 1.226929019964 43.5391971815549
0.110495 1.232506223564 43.7859018027215
0.110995 1.238083427164 43.8780748671937
0.111495 1.243660630764 43.9706588676381
0.111995 1.249237834364 44.2285120310805
0.112495 1.254815037964 44.3137992795995
0.112995 1.260392241564 44.5479190360379
0.113495 1.265969445164 44.4407183236967
0.113995 1.271546648764 44.8776708562812
0.114495 1.277123852364 45.0050446249743
0.114995 1.282701055964 45.2606101779374
0.115495 1.288278259564 45.2752134369747
0.115995 1.293855463164 45.5337222879588
0.116495 1.299432666764 45.7994989794399
0.116995 1.305009870364 45.7494857551379
0.117495 1.310587073964 45.9978485589874
0.117995 1.316164277564 46.1556757865065
0.118495 1.321741481164 46.5273402985537
0.118995 1.327318684764 46.5453335763787
0.119495 1.332895888364 46.7443576940146
0.119995 1.338473091964 47.0591067285942
0.120495 1.344050295564 47.1805082943829
0.120995 1.349627499164 47.1406912105065
0.121495 1.355204702764 47.4573122907492
0.121995 1.360781906364 47.5473081234572
0.122495 1.366359109964 47.8540609556919
0.122995 1.371936313564 47.9585985721511
0.123495 1.377513517164 48.2328224326853
0.123995 1.383090720764 48.33960460348
0.124495 1.388667924364 48.2843281555283
0.124995 1.394245127964 48.7514530824908
0.125495 1.399822331564 48.6692335721809
0.125995 1.405399535164 49.1573733744984
0.126495 1.410976738764 49.1045736758381
0.126995 1.416553942364 49.1552552957055
0.127495 1.422131145964 49.2597334278271
0.127995 1.427708349564 49.3888941410641
0.128495 1.433285553164 49.748597690859
0.128995 1.438862756764 49.7451848588086
0.129495 1.444439960364 50.009629650762
0.129995 1.450017163964 49.9905342740499
0.130495 1.455594367564 50.3906790128912
0.130995 1.461171571164 50.445081117129
0.131495 1.466748774764 50.7271955571448
0.131995 1.472325978364 50.5702031556924
0.132495 1.477903181964 50.9011569547994
0.132995 1.483480385564 51.1881066483826
0.133495 1.489057589164 51.3313862310884
0.133995 1.494634792764 51.2837777113055
0.134495 1.500211996364 51.3142323581204
0.134995 1.505789199964 51.8567152296622
0.135495 1.511366403564 51.6504454609159
0.135995 1.516943607164 51.9075276851599
0.136495 1.522520810764 52.1775321451867
0.136995 1.528098014364 52.4425095005549
0.137495 1.533675217964 52.437886935732
0.137995 1.539252421564 52.5569888901508
0.138495 1.544829625164 52.7989926921549
0.138995 1.550406828764 53.0140275705592
0.139495 1.555984032364 53.1334885406991
0.139995 1.561561235964 53.0512114480299
0.140495 1.567138439564 53.3474167577283
0.140995 1.572715643164 53.35337984509
0.141495 1.578292846764 53.5775556768889
0.141995 1.583870050364 53.7056851922008
0.142495 1.589447253964 53.9829555002814
0.142995 1.595024457564 54.0110911866547
0.143495 1.600601661164 54.3152758778938
0.143995 1.606178864764 54.2773962628808
0.144495 1.611756068364 54.4271146039047
0.144995 1.617333271964 54.6843316156429
0.145495 1.622910475564 54.6859864042222
0.145995 1.628487679164 54.9906251395459
0.146495 1.634064882764 55.2200248789019
0.146995 1.639642086364 55.2577169274881
0.147495 1.645219289964 55.2233484726899
0.147995 1.650796493564 55.3424145447508
0.148495 1.656373697164 55.7596663120365
0.148995 1.661950900764 55.6884895351154
0.149495 1.667528104364 55.8437523617255
0.149995 1.673105307964 56.0715326778992
0.150495 1.678682511564 56.2917452142929
0.150995 1.684259715164 56.3211835977639
0.151495 1.689836918764 56.4670225707135
0.151995 1.695414122364 56.7382968006619
0.152495 1.700991325964 56.8909045581459
0.152995 1.706568529564 56.8471949973536
0.153495 1.712145733164 56.9086794099204
0.153995 1.717722936764 57.3046441673571
0.154495 1.723300140364 57.2790377342401
0.154995 1.728877343964 57.6668475029477
0.155495 1.734454547564 57.6615058843324
0.155995 1.740031751164 57.9182597374689
0.156495 1.745608954764 57.8311145207526
0.156995 1.751186158364 57.7890131591489
0.157495 1.756763361964 58.237546623718
0.157995 1.762340565564 58.2725522362459
0.158495 1.767917769164 58.3825883128334
0.158995 1.773494972764 58.4907740766466
0.159495 1.779072176364 58.76020145084
0.159995 1.784649379964 58.7768703880092
0.160495 1.790226583564 58.9073652239655
0.160995 1.795803787164 59.1857665264265
0.161495 1.801380990764 59.3748875687037
0.161995 1.806958194364 59.452989886293
0.162495 1.812535397964 59.4807594804408
0.162995 1.818112601564 59.7182975397863
0.163495 1.823689805164 59.589902551365
0.163995 1.829267008764 60.1686124926355
0.164495 1.834844212364 60.0783082220596
0.164995 1.840421415964 60.237337108213
0.165495 1.845998619564 60.0726676789478
0.165995 1.851575823164 60.5284325399627
0.166495 1.857153026764 60.6440489997646
0.166995 1.862730230364 60.7480502062878
0.167495 1.868307433964 60.7984896159129
0.167995 1.873884637564 60.8349738299696
0.168495 1.879461841164 61.0355105546195
0.168995 1.885039044764 61.3846663585815
0.169495 1.890616248364 61.4406589056704
0.169995 1.896193451964 61.2875431228858
0.170495 1.901770655564 61.7148876005428
0.170995 1.907347859164 61.8305174855384
0.171495 1.912925062764 61.8992782808435
0.171995 1.918502266364 61.8861945307521
0.172495 1.924079469964 62.3327724414879
0.172995 1.929656673564 62.4068466930404
0.173495 1.935233877164 62.2685802870937
0.173995 1.940811080764 62.6364688603968
0.174495 1.946388284364 62.9439821206824
0.174995 1.951965487964 62.8187358867453
0.175495 1.957542691564 62.8530308009901
0.175995 1.963119895164 62.9975511583972
0.176495 1.968697098764 63.1251277710381
0.176995 1.974274302364 63.2783971068027
0.177495 1.979851505964 63.4848368936362
0.177995 1.985428709564 63.5558262491529
0.178495 1.991005913164 63.7262727677762
0.178995 1.996583116764 63.8964913063202
0.179495 2.002160320364 64.1049631618163
0.179995 2.007737523964 64.0029510693439
0.180495 2.013314727564 64.1967447637551
0.180995 2.018891931164 64.3639669388629
0.181495 2.024469134764 64.4995363237711
0.181995 2.030046338364 64.5563990374356
0.182495 2.035623541964 64.5832830209196
0.182995 2.041200745564 64.7487527634307
0.183495 2.046777949164 64.9745068646285
0.183995 2.052355152764 65.2051840866057
0.184495 2.057932356364 65.10890469084
0.184995 2.063509559964 65.4141593887991
0.185495 2.069086763564 65.5471099478305
0.185995 2.074663967164 65.6728843799274
0.186495 2.080241170764 65.4246679359319
0.186995 2.085818374364 65.7622177137952
0.187495 2.091395577964 66.0835082620239
0.187995 2.096972781564 66.2465633727033
0.188495 2.102549985164 66.0194483360444
0.188995 2.108127188764 66.1948376298958
0.189495 2.113704392364 66.3195447501069
0.189995 2.119281595964 66.5862460181528
0.190495 2.124858799564 66.8663759522199
0.190995 2.130436003164 66.593129052357
0.191495 2.136013206764 66.9805881994597
0.191995 2.141590410364 67.0646291250069
0.192495 2.147167613964 67.2159790310408
0.192995 2.152744817564 67.376925271955
0.193495 2.158322021164 67.2803081193462
0.193995 2.163899224764 67.7766659121695
0.194495 2.169476428364 67.7346086236752
0.194995 2.175053631964 67.6877577110043
0.195495 2.180630835564 67.7408690217021
0.195995 2.186208039164 68.1485193613925
0.196495 2.191785242764 68.0332103423769
0.196995 2.197362446364 68.229613826022
0.197495 2.202939649964 68.2683344577741
0.197995 2.208516853564 68.6225027141653
0.198495 2.214094057164 68.5984147105673
0.198995 2.219671260764 68.5899233238763
0.199495 2.225248464364 68.8648027197247
0.199995 2.230825667964 68.9412189959486
0.200495 2.236402871564 69.2028624965303
0.200995 2.241980075164 69.298755651029
0.201495 2.247557278764 69.3815901062691
0.201995 2.253134482364 69.3112230928711
0.202495 2.258711685964 69.4764947616782
0.202995 2.264288889564 69.5593037598448
0.203495 2.269866093164 69.7849403404773
0.203995 2.275443296764 69.833787113365
0.204495 2.281020500364 70.0040328992669
0.204995 2.286597703964 70.3754775928806
0.205495 2.292174907564 70.2390256063228
0.205995 2.297752111164 70.4757813797951
0.206495 2.303329314764 70.5468914020511
0.206995 2.308906518364 70.6798742198716
0.207495 2.314483721964 70.8533572092899
0.207995 2.320060925564 71.2026877255135
0.208495 2.325638129164 71.0675031390937
0.208995 2.331215332764 71.2625448581895
0.209495 2.336792536364 71.2900042708506
0.209995 2.342369739964 71.4263272281937
0.210495 2.347946943564 71.3983849272666
0.210995 2.353524147164 71.8111360698838
0.211495 2.359101350764 71.884642990172
0.211995 2.364678554364 71.6786104864387
0.212495 2.370255757964 71.911130767901
0.212995 2.375832961564 72.4478246064747
0.213495 2.381410165164 72.4223756781213
0.213995 2.386987368764 72.4416850472315
0.214495 2.392564572364 72.2789797111349
0.214995 2.398141775964 72.6143468633187
0.215495 2.403718979564 72.7473335028269
0.215995 2.409296183164 72.9753869661192
0.216495 2.414873386764 72.8970112009424
0.216995 2.420450590364 72.9959752696772
0.217495 2.426027793964 73.1769781017946
0.217995 2.431604997564 73.3267861552723
0.218495 2.437182201164 73.4347033269957
0.218995 2.442759404764 73.4083165302968
0.219495 2.448336608364 73.7886821866842
0.219995 2.453913811964 73.8369877336538
0.220495 2.459491015564 73.8249933105195
0.220995 2.465068219164 74.0554783680613
0.221495 2.470645422764 74.1257145759476
0.221995 2.476222626364 74.3621922731292
0.222495 2.481799829964 74.3481168136006
0.222995 2.487377033564 74.5551494262384
0.223495 2.492954237164 74.6556673935517
0.223995 2.498531440764 75.0443424749623
0.224495 2.504108644364 74.8224862589189
0.224995 2.509685847964 75.0891244938082
0.225495 2.515263051564 75.1970486809015
0.225995 2.520840255164 75.7204677986527
0.226495 2.526417458764 75.4619229368141
0.226995 2.531994662364 75.3481889122498
0.227495 2.537571865964 75.7100758125713
0.227995 2.543149069564 75.9010031504607
0.228495 2.548726273164 76.0676957568639
0.228995 2.554303476764 76.0478400588821
0.229495 2.559880680364 76.4668997199709
0.229995 2.565457883964 76.5671002078368
0.230495 2.571035087564 76.4397255482435
0.230995 2.576612291164 76.4976525966768
0.231495 2.582189494764 76.6889787587893
0.231995 2.587766698364 76.8947464015637
0.232495 2.593343901964 76.8072350688143
0.232995 2.598921105564 77.2318082317498
0.233495 2.604498309164 77.0255294368452
0.233995 2.610075512764 77.3478549782359
0.234495 2.615652716364 77.2319808819342
0.234995 2.621229919964 77.6867846469396
0.235495 2.626807123564 77.4818200503891
0.235995 2.632384327164 77.8084797468008
0.236495 2.637961530764 78.1418017421277
0.236995 2.643538734364 78.1276126543043
0.237495 2.649115937964 78.4622282546099
0.237995 2.654693141564 78.1477850520019
0.238495 2.660270345164 78.6653263707771
0.238995 2.665847548764 78.0726296077845
0.239495 2.671424752364 78.7091989128927
0.239995 2.677001955964 78.6741742485927
0.240495 2.682579159564 78.9364556886655
0.240995 2.688156363164 78.731362566457
0.241495 2.693733566764 79.2248976424116
0.241995 2.699310770364 79.1927633970226
0.242495 2.704887973964 79.1526258325741
0.242995 2.710465177564 79.418764932982
0.243495 2.716042381164 79.8021133072489
0.243995 2.721619584764 80.0219104174123
0.244495 2.727196788364 79.5870865050483
0.244995 2.732773991964 80.3374717197321
0.245495 2.738351195564 80.2463572079899
0.245995 2.743928399164 80.5659727813709
0.246495 2.749505602764 80.266805425518
0.246995 2.755082806364 80.3180396306888
0.247495 2.760660009964 80.6283294182939
0.247995 2.766237213564 80.7534048912674
0.248495 2.771814417164 80.8024775985817
0.248995 2.777391620764 80.9765957735231
0.249495 2.782968824364 80.6615569668646
0.249995 2.788546027964 81.3333683708298
0.250495 2.794123231564 81.8727108002205
0.250995 2.799700435164 81.2214171395618
0.251495 2.805277638764 81.6783605941265
0.251995 2.810854842364 81.7965487187496
0.252495 2.816432045964 82.2449809016061
0.252995 2.822009249564 82.3911960730391
0.253495 2.827586453164 81.8565222018148
0.253995 2.833163656764 82.3739103967432
0.254495 2.838740860364 82.5114983825771
0.254995 2.844318063964 82.779096762981
0.255495 2.849895267564 82.9713803898112
0.255995 2.855472471164 82.6697544567568
0.256495 2.861049674764 83.0651376877116
0.256995 2.866626878364 83.2530812185261
0.257495 2.872204081964 83.2760793995186
0.257995 2.877781285564 83.9499004114431
0.258495 2.883358489164 83.1912688718784
0.258995 2.888935692764 83.7408548949942
0.259495 2.894512896364 83.7297892042638
0.259995 2.900090099964 83.6798353206753
0.260495 2.905667303564 83.969323157063
0.260995 2.911244507164 84.0841622398277
0.261495 2.916821710764 84.2136556636925
0.261995 2.922398914364 84.3693582208696
0.262495 2.927976117964 84.6747698516484
0.262995 2.933553321564 84.9815301870353
0.263495 2.939130525164 85.3081113780618
0.263995 2.944707728764 84.8499902925319
0.264495 2.950284932364 85.2282890512033
0.264995 2.955862135964 85.4565876076203
0.265495 2.961439339564 85.6204526508384
0.265995 2.967016543164 85.5284112009494
0.266495 2.972593746764 85.3860245001325
0.266995 2.978170950364 85.6740602224885
0.267495 2.983748153964 86.0223608801622
0.267995 2.989325357564 85.8478200877956
0.268495 2.994902561164 86.1022179654953
0.268995 3.000479764764 86.6922262746768
0.269495 3.006056968364 86.6050768558214
0.269995 3.011634171964 86.7119648327064
0.270495 3.017211375564 86.9327066682095
0.270995 3.022788579164 86.9050838197111
0.271495 3.028365782764 87.4939702616194
0.271995 3.033942986364 86.7576248001201
0.272495 3.039520189964 87.5147418533333
0.272995 3.045097393564 88.0155717216003
0.273495 3.050674597164 88.1027579346258
0.273995 3.056251800764 87.7123174215579
0.274495 3.061829004364 87.9946941534093
0.274995 3.067406207964 88.6959385049488
0.275495 3.072983411564 88.2374521517117
0.275995 3.078560615164 88.4201742916426
0.276495 3.084137818764 89.2563131720781
0.276995 3.089715022364 88.9816133012
0.277495 3.095292225964 88.4113734877618
0.277995 3.100869429564 89.2503244884583
0.278495 3.106446633164 89.9722736943478
0.278995 3.112023836764 89.776980596493
0.279495 3.117601040364 89.4737381532407
0.279995 3.123178243964 89.8192301075426
0.280495 3.128755447564 89.625268826604
0.280995 3.134332651164 90.3310934546133
0.281495 3.139909854764 90.1897065521215
0.281995 3.145487058364 90.5017385288359
0.282495 3.151064261964 91.533178197531
0.282995 3.156641465564 90.9126288938453
0.283495 3.162218669164 90.7553653492494
0.283995 3.167795872764 91.2301133267764
0.284495 3.173373076364 91.2694849989573
0.284995 3.178950279964 91.218939117046
0.285495 3.184527483564 91.5818312731579
0.285995 3.190104687164 92.0303193610685
0.286495 3.195681890764 91.9166214210837
0.286995 3.201259094364 92.514739031849
0.287495 3.206836297964 92.3213175683871
0.287995 3.212413501564 93.3819130908995
0.288495 3.217990705164 92.8123222128107
0.288995 3.223567908764 93.1788192645203
0.289495 3.229145112364 93.0508299770369
0.289995 3.234722315964 93.1629311702884
0.290495 3.240299519564 93.2114184597091
0.290995 3.245876723164 93.9867586764263
0.291495 3.251453926764 93.6585327164909
0.291995 3.257031130364 94.3606163129278
0.292495 3.262608333964 94.4214125994556
0.292995 3.268185537564 94.3114608978933
0.293495 3.273762741164 94.7402614513584
0.293995 3.279339944764 94.9230527662922
0.294495 3.284917148364 95.3256105101786
0.294995 3.290494351964 95.6998009983479
0.295495 3.296071555564 95.0683121029095
0.295995 3.301648759164 96.126125246684
0.296495 3.307225962764 95.7443494295101
0.296995 3.312803166364 96.5251509726419
0.297495 3.318380369964 96.9205461441661
0.297995 3.323957573564 97.0788776972497
0.298495 3.329534777164 96.8514329897291
0.298995 3.335111980764 97.3036066137925
0.299495 3.340689184364 97.5061536346761
0.299995 3.346266387964 97.5060577679549
0.300495 3.351843591564 97.8893027248019
0.300995 3.357420795164 98.2447799665545
0.301495 3.362997998764 97.9878692124702
0.301995 3.368575202364 98.5056397679969
0.302495 3.374152405964 99.2821547387773
0.302995 3.379729609564 99.209276476051
0.303495 3.385306813164 99.5863781511305
0.303995 3.390884016764 100.146156116163
0.304495 3.396461220364 99.613707132824
0.304995 3.402038423964 100.583588733319
0.305495 3.407615627564 100.396713726175
0.305995 3.413192831164 100.784915616181
0.306495 3.418770034764 101.040560554522
0.306995 3.424347238364 101.554458683463
0.307495 3.429924441964 101.617095258415
0.307995 3.435501645564 101.996094484256
0.308495 3.441078849164 102.768681022527
0.308995 3.446656052764 102.422884145571
0.309495 3.452233256364 102.895368539501
0.309995 3.457810459964 102.70832985172
0.310495 3.463387663564 103.603251202382
0.310995 3.468964867164 103.431831148023
0.311495 3.474542070764 103.463115938602
0.311995 3.480119274364 104.231347060192
0.312495 3.485696477964 103.769792234787
0.312995 3.491273681564 105.463357971288
0.313495 3.496850885164 105.199173852696
0.313995 3.502428088764 105.319090477904
0.314495 3.508005292364 105.917835122796
0.314995 3.513582495964 105.747719196613
0.315495 3.519159699564 106.862066400397
0.315995 3.524736903164 106.668645846778
0.316495 3.530314106764 107.195669672967
0.316995 3.535891310364 107.239037472371
0.317495 3.541468513964 107.935832702567
0.317995 3.547045717564 108.949442037174
0.318495 3.552622921164 109.258271952445
0.318995 3.558200124764 109.337631873279
0.319495 3.563777328364 109.734597662931
0.319995 3.569354531964 109.65329446113
0.320495 3.574931735564 109.680530104126
0.320995 3.580508939164 110.125443664392
0.321495 3.586086142764 111.045861105656
0.321995 3.591663346364 111.463742222498
0.322495 3.597240549964 111.617695998002
0.322995 3.602817753564 113.092880208492
0.323495 3.608394957164 112.22221315483
0.323995 3.613972160764 113.474951654908
0.324495 3.619549364364 113.214115354034
0.324995 3.625126567964 113.607519956969
0.325495 3.630703771564 114.161981545524
0.325995 3.636280975164 114.56317765183
0.326495 3.641858178764 115.028162783742
0.326995 3.647435382364 115.643664248258
0.327495 3.653012585964 116.444342689078
0.327995 3.658589789564 115.778536961609
0.328495 3.664166993164 116.680317141254
0.328995 3.669744196764 116.975343183608
0.329495 3.675321400364 117.302806646156
0.329995 3.680898603964 117.06954233786
0.330495 3.686475807564 119.033733984075
0.330995 3.692053011164 118.58711901125
0.331495 3.697630214764 119.843671958378
0.331995 3.703207418364 119.625740275988
0.332495 3.708784621964 120.151542379355
0.332995 3.714361825564 120.940408756576
0.333495 3.719939029164 120.68035293988
0.333995 3.725516232764 122.111399751281
0.334495 3.731093436364 121.536071942569
0.334995 3.736670639964 123.220693986446
0.335495 3.742247843564 123.057308727185
0.335995 3.747825047164 123.171920743872
0.336495 3.753402250764 125.333017699307
0.336995 3.758979454364 123.850497098864
0.337495 3.764556657964 125.324882186458
0.337995 3.770133861564 125.7077373065
0.338495 3.775711065164 125.526291061033
0.338995 3.781288268764 127.32931401535
0.339495 3.786865472364 126.144083291147
0.339995 3.792442675964 127.169517740731
0.340495 3.798019879564 128.339539498575
0.340995 3.803597083164 128.206925243209
0.341495 3.809174286764 129.962679062014
0.341995 3.814751490364 129.764628948245
0.342495 3.820328693964 130.036291625736
0.342995 3.825905897564 131.47256817115
0.343495 3.831483101164 130.954272648244
0.343995 3.837060304764 131.875426058726
0.344495 3.842637508364 130.935898343268
0.344995 3.848214711964 133.685303261405
0.345495 3.853791915564 132.623711316125
0.345995 3.859369119164 133.665005599212
0.346495 3.864946322764 134.089513980074
0.346995 3.870523526364 135.393919384879
0.347495 3.876100729964 135.595530715213
0.347995 3.881677933564 136.370825840059
0.348495 3.887255137164 135.963980251578
0.348995 3.892832340764 137.98755176612
0.349495 3.898409544364 137.000866221514
0.349995 3.903986747964 138.282638875792
0.350495 3.909563951564 138.670227449347
0.350995 3.915141155164 139.295289338833
0.351495 3.920718358764 140.578772420241
0.351995 3.926295562364 139.897480064327
0.352495 3.931872765964 140.19568572692
0.352995 3.937449969564 142.192894938156
0.353495 3.943027173164 142.706628707639
0.353995 3.948604376764 141.901082826283
0.354495 3.954181580364 143.660600654759
0.354995 3.959758783964 144.095031121571
0.355495 3.965335987564 145.255933080112
0.355995 3.970913191164 144.461653382395
0.356495 3.976490394764 145.318492443188
0.356995 3.982067598364 147.030339528678
0.357495 3.987644801964 146.479018432815
0.357995 3.993222005564 147.527205520101
0.358495 3.998799209164 148.462208578996
0.358995 4.004376412764 148.501875900337
0.359495 4.009953616364 148.894290945698
0.359995 4.015530819964 150.76566371532
0.360495 4.021108023564 150.183897640109
0.360995 4.026685227164 151.09524602449
0.361495 4.032262430764 152.421028080862
0.361995 4.037839634364 152.822565567803
0.362495 4.043416837964 152.517139598646
0.362995 4.048994041564 153.061970866457
0.363495 4.054571245164 154.90964051199
0.363995 4.060148448764 155.639848608274
0.364495 4.065725652364 156.427822808663
0.364995 4.071302855964 156.5324008587
0.365495 4.076880059564 157.129793365086
0.365995 4.082457263164 158.200021887926
0.366495 4.088034466764 158.709414071266
0.366995 4.093611670364 160.19476921951
0.367495 4.099188873964 159.709603148748
0.367995 4.104766077564 160.510543525332
0.368495 4.110343281164 161.22110533523
0.368995 4.115920484764 162.47802193992
0.369495 4.121497688364 164.294069522019
0.369995 4.127074891964 163.975793765244
0.370495 4.132652095564 163.930405313121
0.370995 4.138229299164 165.278150499787
0.371495 4.143806502764 165.992943789323
0.371995 4.149383706364 167.015513732579
0.372495 4.154960909964 168.227462097424
0.372995 4.160538113564 167.975788569303
0.373495 4.166115317164 168.556223554539
0.373995 4.171692520764 169.187303132245
0.374495 4.177269724364 170.394128745797
0.374995 4.182846927964 170.684906010094
0.375495 4.188424131564 171.686525181392
0.375995 4.194001335164 172.739084122826
0.376495 4.199578538764 173.833431965453
0.376995 4.205155742364 174.403273710098
0.377495 4.210732945964 175.262167120466
0.377995 4.216310149564 176.15903006687
0.378495 4.221887353164 177.165216475373
0.378995 4.227464556764 177.83066910912
0.379495 4.233041760364 178.511391694526
0.379995 4.238618963964 179.371232622972
0.380495 4.244196167564 180.257009813427
0.380995 4.249773371164 180.045217432807
0.381495 4.255350574764 181.949922794309
0.381995 4.260927778364 182.857885584548
0.382495 4.266504981964 185.387680239833
0.382995 4.272082185564 185.896973709382
0.383495 4.277659389164 187.148593313203
0.383995 4.283236592764 187.703596705057
0.384495 4.288813796364 187.971321978434
0.384995 4.294390999964 184.251966210849
0.385495 4.299968203564 159.046406003449
0.385995 4.305545407164 117.417377775247
0.386495 4.311122610764 78.1862675425793
0.386995 4.316699814364 57.0589963328616
0.387495 4.322277017964 47.4965650484488
0.387995 4.327854221564 37.7246739967772
0.388495 4.333431425164 27.9961129265718
0.388995 4.339008628764 16.8495303450423
0.389495 4.344585832364 6.56569246809446
0.389995 4.350163035964 -0.620658294523579
0.390495 4.355740239564 -3.60120106513826
0.390995 4.361317443164 -2.96546034099288
0.391495 4.366894646764 -0.721588965844953
0.391995 4.372471850364 2.78378796234246
0.392495 4.378049053964 4.138432071009
0.392995 4.383626257564 3.71803618893397
0.393495 4.389203461164 2.41743880541047
0.393995 4.394780664764 0.176788158324996
0.394495 4.400357868364 -2.8504689169595
0.394995 4.405935071964 -4.04263910176788
0.395495 4.411512275564 -4.06987951835282
0.395995 4.417089479164 -2.96231140969232
0.396495 4.422666682764 -0.323591135018793
0.396995 4.428243886364 2.39690868548818
0.397495 4.433821089964 3.83169059214849
0.397995 4.439398293564 4.12073473290318
0.398495 4.444975497164 3.12956524599968
0.398995 4.450552700764 1.1252297929298
0.399495 4.456129904364 -1.73455173669231
0.399995 4.461707107964 -3.37517285450879
0.400495 4.467284311564 -4.32625372319792
0.400995 4.472861515164 -3.15770042781527
0.401495 4.478438718764 -0.405402151942073
0.401995 4.484015922364 0.959124091943458
0.402495 4.489593125964 2.65261439208695
0.402995 4.495170329564 2.94569255925927
0.403495 4.500747533164 2.48356206115277
0.403995 4.506324736764 0.668146085259005
0.404495 4.511901940364 -1.11527481102577
0.404995 4.517479143964 -2.32339071918244
0.405495 4.523056347564 -2.68721729958829
0.405995 4.528633551164 -2.0978245973475
0.406495 4.534210754764 -0.889710109858821
0.406995 4.539787958364 1.24391409294846
0.407495 4.545365161964 2.12349465448766
0.407995 4.550942365564 1.94866373712638
0.408495 4.556519569164 1.32122104794691
0.408995 4.562096772764 0.762246678731661
0.409495 4.567673976364 -0.421336181608749
0.409995 4.573251179964 -1.83078262343946
0.410495 4.578828383564 -2.17986325462955
0.410995 4.584405587164 -1.75679979796753
0.411495 4.589982790764 -0.729347200356199
0.411995 4.595559994364 0.254292042720206
0.412495 4.601137197964 1.07986548023346
0.412995 4.606714401564 1.6645743033099
0.413495 4.612291605164 2.03022652862045
0.413995 4.617868808764 1.15994276710104
0.414495 4.623446012364 -0.212328967064872
0.414995 4.629023215964 -1.23199616147822
0.415495 4.634600419564 -1.52747966808612
0.415995 4.640177623164 -1.78618848308225
0.416495 4.645754826764 -1.19958420188439
0.416995 4.651332030364 0.32246026568012
0.417495 4.656909233964 1.02683208157181
0.417995 4.662486437564 1.62556153807445
0.418495 4.668063641164 1.4709893927538
0.418995 4.673640844764 1.67448663148227
0.419495 4.679218048364 -0.133795152836102
0.419995 4.684795251964 -1.42134232207534
0.420495 4.690372455564 -1.23706805549948
0.420995 4.695949659164 -1.40047758556365
0.421495 4.701526862764 -1.06035892907107
0.421995 4.707104066364 0.089994381897415
0.422495 4.712681269964 0.723811239405204
0.422995 4.718258473564 1.2008599443086
0.423495 4.723835677164 1.27991311391782
0.423995 4.729412880764 0.975390070143638
0.424495 4.734990084364 0.174214591010492
0.424995 4.740567287964 -0.735233715968407
0.425495 4.746144491564 -1.38384487710284
0.425995 4.751721695164 -1.69523145302717
0.426495 4.757298898764 -1.02645446152174
0.426995 4.762876102364 -0.268425519578848
0.427495 4.768453305964 0.433056798677959
0.427995 4.774030509564 1.00056506571953
0.428495 4.779607713164 1.19082254309512
0.428995 4.785184916764 0.753164431833246
0.429495 4.790762120364 0.638018711896455
0.429995 4.796339323964 -0.340127875081491
0.430495 4.801916527564 -0.556893239396702
0.430995 4.807493731164 -0.728617285507299
0.431495 4.813070934764 -1.12783399837373
0.431995 4.818648138364 -0.683374961694147
0.432495 4.824225341964 0.552968623147986
0.432995 4.829802545564 0.938908759273561
0.433495 4.835379749164 0.598742065952287
0.433995 4.840956952764 0.646237197471706
0.434495 4.846534156364 0.530048249244549
0.434995 4.852111359964 -0.317801861936799
0.435495 4.857688563564 -0.704520843298637
0.435995 4.863265767164 -0.679925481447571
0.436495 4.868842970764 -0.558955643808181
0.436995 4.874420174364 -0.25412525962973
0.437495 4.879997377964 -0.223275120909616
0.437995 4.885574581564 0.341142729050708
0.438495 4.891151785164 0.295602032975609
0.438995 4.896728988764 0.517985248867565
0.439495 4.902306192364 0.0917930408718619
0.439995 4.907883395964 -0.0385654558319171
0.440495 4.913460599564 -0.684173069764931
0.440995 4.919037803164 -0.336756617976906
0.441495 4.924615006764 -0.767616785051984
0.441995 4.930192210364 -0.443264112608589
0.442495 4.935769413964 0.0981110646395952
0.442995 4.941346617564 0.427723629253822
0.443495 4.946923821164 0.326491223597529
0.443995 4.952501024764 0.50477894890296
0.444495 4.958078228364 0.624047018674024
0.444995 4.963655431964 0.350250788968121
0.445495 4.969232635564 -0.298487407722736
0.445995 4.974809839164 -0.166194251778184
0.446495 4.980387042764 -0.097258866370296
0.446995 4.985964246364 -0.136657776430754
0.447495 4.991541449964 -0.371487840555355
0.447995 4.997118653564 0.22514681240498
0.448495 5.002695857164 0.0697885391306885
0.448995 5.008273060764 0.335383583276926
0.449495 5.013850264364 0.69822268005167
0.449995 5.019427467964 0.195394648107902
0.450495 5.025004671564 -0.167793839122756
0.450995 5.030581875164 -0.053332803555135
0.451495 5.036159078764 -0.2463643730513
0.451995 5.041736282364 -0.270572906585011
0.452495 5.047313485964 -0.299651717910768
0.452995 5.052890689564 0.354024221520501
0.453495 5.058467893164 0.233033593991685
0.453995 5.064045096764 0.489438936764668
0.454495 5.069622300364 0.282009075678913
0.454995 5.075199503964 0.193738220166298
0.455495 5.080776707564 -0.242180454798467
0.455995 5.086353911164 -0.313475227417738
0.456495 5.091931114764 -0.4558674449567
0.456995 5.097508318364 -0.268246290968097
0.457495 5.103085521964 -0.412132520533211
0.457995 5.108662725564 -0.214123493690708
0.458495 5.114239929164 0.85506148411866
0.458995 5.119817132764 0.34948487511184
0.459495 5.125394336364 0.33465340645968
0.459995 5.130971539964 0.0236818555046835
0.460495 5.136548743564 0.147470817787649
0.460995 5.142125947164 0.00465114133261886
0.461495 5.147703150764 -0.799124179672029
0.461995 5.153280354364 -0.486105164530067
0.462495 5.158857557964 -0.533926588560283
0.462995 5.164434761564 0.0436877506549068
0.463495 5.170011965164 0.0681366222159188
0.463995 5.175589168764 0.307494831187414
0.464495 5.181166372364 0.59374194181581
0.464995 5.186743575964 0.0551197050972028
0.465495 5.192320779564 0.243762208745973
0.465995 5.197897983164 -0.212618672527494
0.466495 5.203475186764 -0.455664952052469
0.466995 5.209052390364 -0.301064836817696
0.467495 5.214629593964 -0.284622829973679
0.467995 5.220206797564 0.0911655478897615
0.468495 5.225784001164 0.00675099262673927
0.468995 5.231361204764 0.506115042662813
0.469495 5.236938408364 -0.198691947627934
0.469995 5.242515611964 0.536018141302198
0.470495 5.248092815564 0.217396642882609
0.470995 5.253670019164 -0.360741793114337
0.471495 5.259247222764 -0.60935874534508
0.471995 5.264824426364 -0.316201802151454
0.472495 5.270401629964 -0.218948610253332
0.472995 5.275978833564 -0.361976543059403
0.473495 5.281556037164 0.61278656698994
0.473995 5.287133240764 0.224548128932995
0.474495 5.292710444364 0.173705690831262
0.474995 5.298287647964 0.357195785690581
0.475495 5.303864851564 0.367339298420065
0.475995 5.309442055164 -0.157481757540991
0.476495 5.315019258764 -0.309341814630098
0.476995 5.320596462364 0.0985873249406173
0.477495 5.326173665964 -0.256705316464175
0.477995 5.331750869564 0.35291419996217
0.478495 5.337328073164 0.150789661106726
0.478995 5.342905276764 0.624804662802755
0.479495 5.348482480364 0.0790355421401808
0.479995 5.354059683964 0.0613461587426522
0.480495 5.359636887564 0.326117757045058
0.480995 5.365214091164 -0.206851843665314
0.481495 5.370791294764 -0.180255274918082
0.481995 5.376368498364 -0.190898371839771
0.482495 5.381945701964 -0.0972833668111762
0.482995 5.387522905564 -0.0624943574058983
0.483495 5.393100109164 -0.00835076004875758
0.483995 5.398677312764 0.246227745357383
0.484495 5.404254516364 0.133010421651687
0.484995 5.409831719964 -0.137742950406514
0.485495 5.415408923564 -0.142659929103469
0.485995 5.420986127164 -0.0140507769271049
0.486495 5.426563330764 -0.227030077919145
0.486995 5.432140534364 -0.521932153207838
0.487495 5.437717737964 -0.143779379764804
0.487995 5.443294941564 0.170732663405901
0.488495 5.448872145164 0.0100449846280178
0.488995 5.454449348764 0.315421195985542
0.489495 5.460026552364 0.00395873403089418
0.489995 5.465603755964 0.110161679041394
0.490495 5.471180959564 0.087516450752129
0.490995 5.476758163164 -0.0313079770232168
0.491495 5.482335366764 -0.371681092695703
0.491995 5.487912570364 -0.109840306874336
0.492495 5.493489773964 0.200438740048407
0.492995 5.499066977564 -0.0795304434257602
0.493495 5.504644181164 0.301543077156664
0.493995 5.510221384764 0.0880063794460936
0.494495 5.515798588364 0.449154674387893
0.494995 5.521375791964 0.0707081431642868
0.495495 5.526952995564 0.0770319585104824
0.495995 5.532530199164 -0.160837905788217
0.496495 5.538107402764 -0.266324823292752
0.496995 5.543684606364 0.0231053692159763
0.497495 5.549261809964 -0.131632504203121
0.497995 5.554839013564 0.0503421893168422
0.498495 5.560416217164 0.190743040464464
0.498995 5.565993420764 0.571691529629437
0.499495 5.571570624364 -0.0737276815290629
0.499995 5.577147827964 -0.0402831122656075
0.500495 5.582725031564 0.582123094447938
0.500995 5.588302235164 -0.122966184321569
0.501495 5.593879438764 -0.366381348678208
0.501995 5.599456642364 -0.189885984000686
0.502495 5.605033845964 0.0789162295816799
0.502995 5.610611049564 -0.0024569514830487
0.503495 5.616188253164 -0.038648286448847
0.503995 5.621765456764 -0.102627257810886
0.504495 5.627342660364 0.117230444934701
0.504995 5.632919863964 0.115326545957554
0.505495 5.638497067564 -0.215669956560012
0.505995 5.644074271164 0.107485043762361
0.506495 5.649651474764 -0.290255921356814
0.506995 5.655228678364 0.269973681711877
0.507495 5.660805881964 0.182362700305935
0.507995 5.666383085564 0.0927872055061061
0.508495 5.671960289164 0.0383519474427368
0.508995 5.677537492764 0.18048189093799
0.509495 5.683114696364 0.226537030092846
0.509995 5.688691899964 -0.00666292042538718
0.510495 5.694269103564 0.0273165283530371
0.510995 5.699846307164 0.155951084719779
0.511495 5.705423510764 0.0882673628679028
0.511995 5.711000714364 0.117575908611891
0.512495 5.716577917964 0.195341459885374
0.512995 5.722155121564 -0.0470250511427766
0.513495 5.727732325164 0.204740952681756
0.513995 5.733309528764 -0.0543867693490943
0.514495 5.738886732364 0.166073250796496
0.514995 5.744463935964 0.33119592504388
0.515495 5.750041139564 -0.0509325649770714
0.515995 5.755618343164 -0.312611125929615
0.516495 5.761195546764 -0.135215219718116
0.516995 5.766772750364 -0.48726295402485
0.517495 5.772349953964 -0.132153413351276
0.517995 5.777927157564 0.0417542386032898
0.518495 5.783504361164 0.0126619418765759
0.518995 5.789081564764 0.515647487375937
0.519495 5.794658768364 0.461207532666522
0.519995 5.800235971964 0.495184661889526
0.520495 5.805813175564 0.0563511927080879
0.520995 5.811390379164 -0.131503990138724
0.521495 5.816967582764 -0.340707633667889
0.521995 5.822544786364 -0.0972994788355115
0.522495 5.828121989964 0.202274537163293
0.522995 5.833699193564 -0.433139205546352
0.523495 5.839276397164 0.0362590704816145
0.523995 5.844853600764 0.283496654116032
0.524495 5.850430804364 0.0562103069476071
0.524995 5.856008007964 0.369174376142324
0.525495 5.861585211564 -0.397477877144718
0.525995 5.867162415164 0.173685919493336
0.526495 5.872739618764 -0.429283911021837
0.526995 5.878316822364 0.0913831025256336
0.527495 5.883894025964 -0.384900787647422
0.527995 5.889471229564 0.0547177640805547
0.528495 5.895048433164 0.308197672912685
0.528995 5.900625636764 0.0173460273978138
0.529495 5.906202840364 0.394485514890481
0.529995 5.911780043964 -0.174188400185907
0.530495 5.917357247564 0.377221634824674
0.530995 5.922934451164 -0.0842430319642845
0.531495 5.928511654764 -0.0329223816945347
0.531995 5.934088858364 -0.0996448731397521
0.532495 5.939666061964 0.200988221068852
0.532995 5.945243265564 0.257385811676751
0.533495 5.950820469164 0.13569993461798
0.533995 5.956397672764 -0.0859433499271448
0.534495 5.961974876364 0.634217717608607
0.534995 5.967552079964 -0.0524989887400142
0.535495 5.973129283564 0.0627237891311318
0.535995 5.978706487164 -0.292449089662801
0.536495 5.984283690764 -0.0941990781481599
0.536995 5.989860894364 -0.259576616753677
0.537495 5.995438097964 -0.171570265904059
0.537995 6.001015301564 0.412023919694302
0.538495 6.006592505164 0.131436135507352
0.538995 6.012169708764 0.164780738351186
0.539495 6.017746912364 0.312784574305357
0.539995 6.023324115964 0.0704895911238623
0.540495 6.028901319564 -0.238285753780035
0.540995 6.034478523164 -0.585394094357212
0.541495 6.040055726764 -0.190275802729321
0.541995 6.045632930364 -0.216988477485337
0.542495 6.051210133964 0.125417373828797
0.542995 6.056787337564 0.0225550869251315
0.543495 6.062364541164 0.144518239433346
0.543995 6.067941744764 0.250619717866264
0.544495 6.073518948364 0.598318674572911
0.544995 6.079096151964 0.277176878559363
0.545495 6.084673355564 -0.521897211539056
0.545995 6.090250559164 -0.268531124997804
0.546495 6.095827762764 -0.121182875863553
0.546995 6.101404966364 0.357675630320761
0.547495 6.106982169964 -0.455542867014419
0.547995 6.112559373564 0.334130885448668
0.548495 6.118136577164 0.41116431159682
0.548995 6.123713780764 0.445834265244528
0.549495 6.129290984364 -0.185518841649503
0.549995 6.134868187964 -0.266832072917445
0.550495 6.140445391564 0.367723673387288
0.550995 6.146022595164 -0.421815272532821
0.551495 6.151599798764 -0.154488560585596
0.551995 6.157177002364 0.0980889866469973
0.552495 6.162754205964 0.00971122624588941
0.552995 6.168331409564 0.621341917095655
0.553495 6.173908613164 0.0965758530002575
0.553995 6.179485816764 0.467450360679393
0.554495 6.185063020364 0.227287067383992
0.554995 6.190640223964 0.16122906210386
0.555495 6.196217427564 -0.550042722579795
0.555995 6.201794631164 -0.130467941825726
0.556495 6.207371834764 -0.226495713264272
0.556995 6.212949038364 -0.00755368913489801
0.557495 6.218526241964 0.0820014504935287
0.557995 6.224103445564 0.0810526199475652
0.558495 6.229680649164 0.453191862097622
0.558995 6.235257852764 -0.220753058840091
0.559495 6.240835056364 0.196299151800288
0.559995 6.246412259964 0.0127333155814233
0.560495 6.251989463564 -0.233175800695917
0.560995 6.257566667164 -0.37642814962678
0.561495 6.263143870764 0.204877955044431
0.561995 6.268721074364 -0.126719027646082
0.562495 6.274298277964 0.0524741758500592
0.562995 6.279875481564 0.0766718948094331
0.563495 6.285452685164 -0.230371661814111
0.563995 6.291029888764 0.144471288261952
0.564495 6.296607092364 -0.00227026084706279
0.564995 6.302184295964 0.0106582309030827
0.565495 6.307761499564 -0.323505159372542
0.565995 6.313338703164 0.298709963050103
0.566495 6.318915906764 0.0921177288011344
0.566995 6.324493110364 -0.1847096395115
0.567495 6.330070313964 0.130913122591765
0.567995 6.335647517564 0.287778186970165
0.568495 6.341224721164 -0.155703136353229
0.568995 6.346801924764 0.111095222969251
0.569495 6.352379128364 0.298506409900292
0.569995 6.357956331964 -0.0783924553837999
0.570495 6.363533535564 -0.30723013515108
0.570995 6.369110739164 0.0498154646357471
0.571495 6.374687942764 0.357115630944268
0.571995 6.380265146364 -0.125291445429862
0.572495 6.385842349964 -0.294874837624831
0.572995 6.391419553564 0.207127479967064
0.573495 6.396996757164 -0.0509815979686303
0.573995 6.402573960764 0.0550571736719009
0.574495 6.408151164364 -0.274136875574147
0.574995 6.413728367964 0.123218006247713
0.575495 6.419305571564 -0.596532244869068
0.575995 6.424882775164 0.00213136305624777
0.576495 6.430459978764 0.0600572429465199
0.576995 6.436037182364 -0.144004826271794
0.577495 6.441614385964 0.0194200801697667
0.577995 6.447191589564 -0.0891883136502426
0.578495 6.452768793164 0.0806354460346113
0.578995 6.458345996764 -0.151406703257172
0.579495 6.463923200364 0.288431769004031
0.579995 6.469500403964 0.0251111131236246
0.580495 6.475077607564 -0.600797687792049
0.580995 6.480654811164 0.238903327896826
0.581495 6.486232014764 -0.054003623026075
0.581995 6.491809218364 -0.140017039973737
0.582495 6.497386421964 -0.104531109430006
0.582995 6.502963625564 0.172561315139488
0.583495 6.508540829164 0.385660941413335
0.583995 6.514118032764 -0.345133680684681
0.584495 6.519695236364 0.264758120599764
0.584995 6.525272439964 -0.123662593354039
0.585495 6.530849643564 0.218915915277168
0.585995 6.536426847164 -0.239036775808945
0.586495 6.542004050764 -0.0126544731954982
0.586995 6.547581254364 -0.233093326173676
0.587495 6.553158457964 -0.0516854268909928
0.587995 6.558735661564 0.539147420612119
0.588495 6.564312865164 -0.476288044300952
0.588995 6.569890068764 0.083524836597161
0.589495 6.575467272364 -0.217968831157679
0.589995 6.581044475964 0.296034683889942
0.590495 6.586621679564 -0.139070170570982
0.590995 6.592198883164 -0.258649770502338
0.591495 6.597776086764 0.357146803484126
0.591995 6.603353290364 -0.313038915959926
0.592495 6.608930493964 -0.238557429227929
0.592995 6.614507697564 0.024976584237449
0.593495 6.620084901164 0.120300191453797
0.593995 6.625662104764 -0.120828802990923
0.594495 6.631239308364 -0.207565947879788
0.594995 6.636816511964 -0.151149414227686
0.595495 6.642393715564 -0.276525648135342
0.595995 6.647970919164 0.244991187288602
0.596495 6.653548122764 -0.0611129298477588
0.596995 6.659125326364 0.157741989096843
0.597495 6.664702529964 0.0167934435689216
0.597995 6.670279733564 0.093388688799638
0.598495 6.675856937164 -0.317391879352691
0.598995 6.681434140764 0.168836596411256
0.599495 6.687011344364 0.115739631117049
0.599995 6.692588547964 0.0376729414760856
0.600495 6.698165751564 0.135390600281365
0.600995 6.703742955164 -0.369294007294918
0.601495 6.709320158764 0.432535701333518
0.601995 6.714897362364 -0.215035064524223
0.602495 6.720474565964 0.0528090947389103
0.602995 6.726051769564 -0.241246991864089
0.603495 6.731628973164 0.329529742520147
0.603995 6.737206176764 0.220534324176842
0.604495 6.742783380364 -0.207916741785389
0.604995 6.748360583964 0.30494215140308
0.605495 6.753937787564 0.383900529727819
0.605995 6.759514991164 -0.0820175140477541
0.606495 6.765092194764 -0.0213780206714669
0.606995 6.770669398364 -0.0552138577354343
0.607495 6.776246601964 0.250736575545749
0.607995 6.781823805564 -0.501790066028412
0.608495 6.787401009164 0.25554970100849
0.608995 6.792978212764 -0.0998086222014994
0.609495 6.798555416364 0.129989410469148
0.609995 6.804132619964 0.00572637414191811
0.610495 6.809709823564 0.0541875721875461
0.610995 6.815287027164 0.159846687265596
0.611495 6.820864230764 -0.185986148815086
0.611995 6.826441434364 0.168437311403027
0.612495 6.832018637964 -0.00067066872414085
0.612995 6.837595841564 0.130935155910342
0.613495 6.843173045164 -0.197467645305184
0.613995 6.848750248764 0.155067798466546
0.614495 6.854327452364 0.168006725992981
0.614995 6.859904655964 -0.0471511128521497
0.615495 6.865481859564 -0.00643627022924752
0.615995 6.871059063164 0.00621694857288585
0.616495 6.876636266764 0.218537414615523
0.616995 6.882213470364 -0.161105339108801
0.617495 6.887790673964 0.0751064440943083
0.617995 6.893367877564 0.171323913015132
0.618495 6.898945081164 0.181317811420381
0.618995 6.904522284764 0.254486851211825
0.619495 6.910099488364 -0.692935648855038
0.619995 6.915676691964 0.18069269105314
0.620495 6.921253895564 0.0417316002439597
0.620995 6.926831099164 -0.205004315326686
0.621495 6.932408302764 0.00467929751396629
0.621995 6.937985506364 -0.192547363299679
0.622495 6.943562709964 0.538149089534544
0.622995 6.949139913564 -0.273373309612539
0.623495 6.954717117164 0.0653539925094093
0.623995 6.960294320764 0.260671800439514
0.624495 6.965871524364 0.123227825402419
0.624995 6.971448727964 0.164831059802823
0.625495 6.977025931564 -0.0796432334227896
0.625995 6.982603135164 0.00917399736324871
0.626495 6.988180338764 0.132412359009368
0.626995 6.993757542364 -0.0571881418015754
0.627495 6.999334745964 -0.0578556527850662
0.627995 7.004911949564 -0.257440148421917
0.628495 7.010489153164 0.0701566463295947
0.628995 7.016066356764 -0.208993974039964
0.629495 7.021643560364 0.0915214591984123
0.629995 7.027220763964 0.132203593670096
0.630495 7.032797967564 -0.295903168075866
0.630995 7.038375171164 -0.240292897246988
0.631495 7.043952374764 0.420244545895613
0.631995 7.049529578364 -0.130698813008669
0.632495 7.055106781964 -0.0579119784546516
0.632995 7.060683985564 -0.20538035104642
0.633495 7.066261189164 0.466394225387912
0.633995 7.071838392764 -0.537503857072484
0.634495 7.077415596364 -0.0592482942655407
0.634995 7.082992799964 -0.00433649319447105
0.635495 7.088570003564 -0.0384448826343312
0.635995 7.094147207164 -0.145681087341741
0.636495 7.099724410764 0.0110105039112012
0.636995 7.105301614364 0.452976054389778
0.637495 7.110878817964 -0.3987384499615
0.637995 7.116456021564 0.459682057916911
0.638495 7.122033225164 -0.00772775891617797
0.638995 7.127610428764 0.3757984277063
0.639495 7.133187632364 -0.110353316453812
0.639995 7.138764835964 -0.158063942302583
0.640495 7.144342039564 0.104087467250053
0.640995 7.149919243164 -0.179694253817357
0.641495 7.155496446764 0.0575626177526144
0.641995 7.161073650364 -0.0159932876147222
0.642495 7.166650853964 -0.315985001720364
0.642995 7.172228057564 -0.399483897729652
0.643495 7.177805261164 0.219969469582454
0.643995 7.183382464764 -0.491328560819454
0.644495 7.188959668364 -0.0152896727273954
0.644995 7.194536871964 0.0134298058081313
0.645495 7.200114075564 0.194925837480541
0.645995 7.205691279164 -0.0080723294852896
0.646495 7.211268482764 -0.00461065085795034
0.646995 7.216845686364 0.1711969092656
0.647495 7.222422889964 0.132923098981632
0.647995 7.228000093564 -0.105294676871081
0.648495 7.233577297164 0.148526415566288
0.648995 7.239154500764 0.170432752765618
0.649495 7.244731704364 0.0672454712286879
0.649995 7.250308907964 0.137047608227681
0.650495 7.255886111564 -0.153365933279462
0.650995 7.261463315164 0.247550794945681
0.651495 7.267040518764 -0.341204797659216
0.651995 7.272617722364 0.384279820667622
0.652495 7.278194925964 -0.444265239222404
0.652995 7.283772129564 -0.323363146668984
0.653495 7.289349333164 -0.379925511256709
0.653995 7.294926536764 -0.288504565665532
0.654495 7.300503740364 -0.0827640487199056
0.654995 7.306080943964 -0.0905550969371634
0.655495 7.311658147564 0.112754946050569
0.655995 7.317235351164 0.00991667825337348
0.656495 7.322812554764 0.111344620873534
0.656995 7.328389758364 -0.162669056473742
0.657495 7.333966961964 -0.111401009050039
0.657995 7.339544165564 0.0602065400765071
0.658495 7.345121369164 0.0645139468873123
0.658995 7.350698572764 0.366261889925732
0.659495 7.356275776364 -0.266941592435705
0.659995 7.361852979964 0.504876299593436
0.660495 7.367430183564 -0.102433723751755
0.660995 7.373007387164 0.0588644443226113
0.661495 7.378584590764 0.142860920504807
0.661995 7.384161794364 -0.164683879810367
0.662495 7.389738997964 -0.104669556228987
0.662995 7.395316201564 -0.161247362205364
0.663495 7.400893405164 0.0639511783284367
0.663995 7.406470608764 -0.357644059559519
0.664495 7.412047812364 -0.140625703927792
0.664995 7.417625015964 -0.0363968673492066
0.665495 7.423202219564 -0.176352119155019
0.665995 7.428779423164 0.0362664357029853
0.666495 7.434356626764 -0.000860490490124125
0.666995 7.439933830364 0.0363351623199971
0.667495 7.445511033964 0.0126237939465443
0.667995 7.451088237564 -0.122398706149713
0.668495 7.456665441164 0.185327911109621
0.668995 7.462242644764 -0.311175101472576
0.669495 7.467819848364 0.08314127284804
0.669995 7.473397051964 0.24004597533438
0.670495 7.478974255564 0.0963688267327862
0.670995 7.484551459164 0.0102838711738743
0.671495 7.490128662764 -0.123038262232178
0.671995 7.495705866364 0.118063979149935
0.672495 7.501283069964 0.0547154635998828
0.672995 7.506860273564 0.0778196738805848
0.673495 7.512437477164 0.157833150305069
0.673995 7.518014680764 0.125610387237319
0.674495 7.523591884364 0.0508359831850474
0.674995 7.529169087964 0.0870980705452774
0.675495 7.534746291564 0.289311613975081
0.675995 7.540323495164 0.00737945850772108
0.676495 7.545900698764 0.180822950028317
0.676995 7.551477902364 -0.106211636576342
0.677495 7.557055105964 0.62337979037694
0.677995 7.562632309564 0.132306467935634
0.678495 7.568209513164 -0.125241906179096
0.678995 7.573786716764 0.100550088686642
0.679495 7.579363920364 -0.0943324040160962
0.679995 7.584941123964 0.121287320692618
0.680495 7.590518327564 0.221229746063091
0.680995 7.596095531164 -0.115178191473083
0.681495 7.601672734764 -0.0387987571027118
0.681995 7.607249938364 -0.0801685130017413
0.682495 7.612827141964 -0.13298269284692
0.682995 7.618404345564 0.316182581791135
0.683495 7.623981549164 -0.186326667049211
0.683995 7.629558752764 0.0690299950272218
0.684495 7.635135956364 -0.0742818725216412
0.684995 7.640713159964 0.216899175973773
0.685495 7.646290363564 -0.113040766747625
0.685995 7.651867567164 -0.0117032273679566
0.686495 7.657444770764 0.122963593487218
0.686995 7.663021974364 -0.0838850815605764
0.687495 7.668599177964 -0.0213071412734196
0.687995 7.674176381564 0.0759309608590582
0.688495 7.679753585164 0.365191492456647
0.688995 7.685330788764 -0.130427365677677
0.689495 7.690907992364 0.133008988551497
0.689995 7.696485195964 -0.28937650486621
0.690495 7.702062399564 -0.108466915008637
0.690995 7.707639603164 0.0249858840722799
0.691495 7.713216806764 0.0130275097065876
0.691995 7.718794010364 0.156435462626909
0.692495 7.724371213964 -0.209541488895777
0.692995 7.729948417564 -0.104404548989346
0.693495 7.735525621164 0.287415361358543
0.693995 7.741102824764 -0.211622603079892
0.694495 7.746680028364 0.15924481893427
0.694995 7.752257231964 -0.0642167170860946
0.695495 7.757834435564 -0.111367169776882
0.695995 7.763411639164 -0.105735801962162
0.696495 7.768988842764 0.00942593529616801
0.696995 7.774566046364 -0.0687350306965337
0.697495 7.780143249964 -0.178843869275895
0.697995 7.785720453564 0.183073853969687
0.698495 7.791297657164 -0.451046208626565
0.698995 7.796874860764 0.242925856107511
0.699495 7.802452064364 -0.0453794432782619
0.699995 7.808029267964 -0.0309703907021241
0.700495 7.813606471564 -0.0724809460890726
0.700995 7.819183675164 -0.381128981093877
0.701495 7.824760878764 0.288554514310909
0.701995 7.830338082364 -0.225766758184901
0.702495 7.835915285964 0.487339907431631
0.702995 7.841492489564 -0.338451614445758
0.703495 7.847069693164 0.354731616909793
0.703995 7.852646896764 0.036640140370866
0.704495 7.858224100364 -0.154248861807813
0.704995 7.863801303964 0.333905910346592
0.705495 7.869378507564 -0.446224344814481
0.705995 7.874955711164 -0.0771046978951347
0.706495 7.880532914764 -0.51641785012452
0.706995 7.886110118364 0.0130210121620488
0.707495 7.891687321964 -0.294161824783976
0.707995 7.897264525564 0.122190345040922
0.708495 7.902841729164 -0.165606986039399
0.708995 7.908418932764 -0.0809657917552804
0.709495 7.913996136364 0.0982859571784726
0.709995 7.919573339964 0.0681131223125957
0.710495 7.925150543564 -0.029827722977848
0.710995 7.930727747164 -0.216696952070659
0.711495 7.936304950764 0.078750869160303
0.711995 7.941882154364 -0.312992417135497
0.712495 7.947459357964 0.212470487068168
0.712995 7.953036561564 -0.100790348710801
0.713495 7.958613765164 0.247436034806013
0.713995 7.964190968764 -0.0120430581962148
0.714495 7.969768172364 0.314225561804657
0.714995 7.975345375964 -0.180598420002101
0.715495 7.980922579564 -0.303375616948571
0.715995 7.986499783164 0.0231009417709106
0.716495 7.992076986764 -0.297830803300808
0.716995 7.997654190364 0.290035436868734
0.717495 8.003231393964 -0.0681488830498946
0.717995 8.008808597564 0.00999345314356061
0.718495 8.014385801164 -0.0633608593462078
0.718995 8.019963004764 0.332937119759313
0.719495 8.025540208364 0.0774194978612305
0.719995 8.031117411964 0.00901318234666109
0.720495 8.036694615564 -0.0271837879544436
0.720995 8.042271819164 -0.232264054913656
0.721495 8.047849022764 -0.228373287864023
0.721995 8.053426226364 0.0373486289391081
0.722495 8.059003429964 -0.0226891760065361
0.722995 8.064580633564 0.156299750166939
0.723495 8.070157837164 -0.0979997837459622
0.723995 8.075735040764 0.209942413662739
0.724495 8.081312244364 0.205778627094133
0.724995 8.086889447964 0.0287899831385277
0.725495 8.092466651564 0.313733479712115
0.725995 8.098043855164 -0.0694009280170345
0.726495 8.103621058764 0.147202187091054
0.726995 8.109198262364 -0.0158418813550391
0.727495 8.114775465964 0.334474527343057
0.727995 8.120352669564 -0.176479670855166
0.728495 8.125929873164 0.0337533884199597
0.728995 8.131507076764 -0.122959943446642
0.729495 8.137084280364 -0.245875089235926
0.729995 8.142661483964 0.174019261121591
0.730495 8.148238687564 -0.709616007197298
0.730995 8.153815891164 0.441152929969842
0.731495 8.159393094764 -0.407263415424849
0.731995 8.164970298364 0.349891216489356
0.732495 8.170547501964 -0.00967150201621572
0.732995 8.176124705564 0.0726873987518365
0.733495 8.181701909164 0.389798367870636
0.733995 8.187279112764 0.116463961131799
0.734495 8.192856316364 0.594215128271072
0.734995 8.198433519964 -0.103256190047604
0.735495 8.204010723564 0.0342575812447463
0.735995 8.209587927164 -0.421312820966136
0.736495 8.215165130764 -0.0236692940068058
0.736995 8.220742334364 -0.112599215974873
0.737495 8.226319537964 -0.350130688086095
0.737995 8.231896741564 -0.0749526707445912
0.738495 8.237473945164 -0.274011600204529
0.738995 8.243051148764 0.254299317464534
0.739495 8.248628352364 -0.188357510252578
0.739995 8.254205555964 -0.201768909739401
0.740495 8.259782759564 0.0870622955276606
0.740995 8.265359963164 0.383432971880194
0.741495 8.270937166764 0.0290245908776344
0.741995 8.276514370364 0.0486379184360767
0.742495 8.282091573964 0.201185493854473
0.742995 8.287668777564 -0.200413893818507
0.743495 8.293245981164 0.34500063184579
0.743995 8.298823184764 -0.195532879670045
0.744495 8.304400388364 0.158889946101238
0.744995 8.309977591964 -0.156920074776719
0.745495 8.315554795564 -0.0548051653674429
0.745995 8.321131999164 -0.163122919430563
0.746495 8.326709202764 -0.0557795367740366
0.746995 8.332286406364 -0.174021876319503
0.747495 8.337863609964 -0.211903150360074
0.747995 8.343440813564 -0.189474657301278
0.748495 8.349018017164 -0.136465738159918
0.748995 8.354595220764 0.094905920023543
0.749495 8.360172424364 0.197204130873071
0.749995 8.365749627964 0.074732997912191
0.750495 8.371326831564 0.30598489197129
0.750995 8.376904035164 -0.194194870516387
0.751495 8.382481238764 0.0632476322149019
0.751995 8.388058442364 0.162191841571096
0.752495 8.393635645964 0.0926272339896123
0.752995 8.399212849564 -0.0182103449214833
0.753495 8.404790053164 -0.158039083852025
0.753995 8.410367256764 0.0627585184636067
0.754495 8.415944460364 0.10175149643082
0.754995 8.421521663964 0.134119925974705
0.755495 8.427098867564 -0.221837945642908
0.755995 8.432676071164 0.20288493229426
0.756495 8.438253274764 -0.0701802374729271
0.756995 8.443830478364 0.044998122445245
0.757495 8.449407681964 0.0474857887180805
0.757995 8.454984885564 -0.04856097943517
0.758495 8.460562089164 -0.182768474750643
0.758995 8.466139292764 -0.0281634680657517
0.759495 8.471716496364 0.457957154479774
0.759995 8.477293699964 -0.161954708613873
0.760495 8.482870903564 0.227587351530821
0.760995 8.488448107164 -0.134639062105311
0.761495 8.494025310764 0.0874394588115726
0.761995 8.499602514364 -0.111524627756933
0.762495 8.505179717964 -0.0776237948567054
0.762995 8.510756921564 -0.193403011424271
0.763495 8.516334125164 0.101813661555184
0.763995 8.521911328764 0.0190962155764926
0.764495 8.527488532364 -0.295089597770449
0.764995 8.533065735964 0.0949789959695909
0.765495 8.538642939564 -0.0698311507908547
0.765995 8.544220143164 0.0879346642284776
0.766495 8.549797346764 0.0825023952818896
0.766995 8.555374550364 0.125369529289912
0.767495 8.560951753964 -0.13510483886593
0.767995 8.566528957564 -0.0539643819330185
0.768495 8.572106161164 -0.233132608551209
0.768995 8.577683364764 0.475269190514784
0.769495 8.583260568364 -0.567550428558213
0.769995 8.588837771964 0.0608408202599468
0.770495 8.594414975564 -0.0786066684569421
0.770995 8.599992179164 -0.0846075537377104
0.771495 8.605569382764 0.229111997326022
0.771995 8.611146586364 -0.400367186557031
0.772495 8.616723789964 0.273097720085198
0.772995 8.622300993564 -0.0962334505323485
0.773495 8.627878197164 0.0536799163537369
0.773995 8.633455400764 0.0158320491821034
0.774495 8.639032604364 0.0369692716912093
0.774995 8.644609807964 -0.129367453160647
0.775495 8.650187011564 -0.115207687504342
0.775995 8.655764215164 0.123731154702008
0.776495 8.661341418764 -0.397587064141025
0.776995 8.666918622364 0.00754992133090622
0.777495 8.672495825964 -0.256978167398221
0.777995 8.678073029564 0.296725909749003
0.778495 8.683650233164 -0.171521606121821
0.778995 8.689227436764 0.0642014186630738
0.779495 8.694804640364 0.068582072629252
0.779995 8.700381843964 -0.0258309070850627
0.780495 8.705959047564 0.190227088724655
0.780995 8.711536251164 -0.0948760726624885
0.781495 8.717113454764 0.0417893408939686
0.781995 8.722690658364 -0.236761899793335
0.782495 8.728267861964 -0.0201975171972436
0.782995 8.733845065564 -0.580448315921441
0.783495 8.739422269164 -0.0193712823026115
0.783995 8.744999472764 -0.399208961708104
0.784495 8.750576676364 0.0655390179950487
0.784995 8.756153879964 -0.173761200433331
0.785495 8.761731083564 0.177670079311139
0.785995 8.767308287164 0.0870605117781888
0.786495 8.772885490764 0.18286783077387
0.786995 8.778462694364 0.387995937257834
0.787495 8.784039897964 0.0239659581301312
0.787995 8.789617101564 0.210835788135335
0.788495 8.795194305164 -0.279099417000586
0.788995 8.800771508764 0.291931994726492
0.789495 8.806348712364 -0.188783404501167
0.789995 8.811925915964 0.0800698336028322
0.790495 8.817503119564 -0.0291968536294188
0.790995 8.823080323164 -0.232559863699859
0.791495 8.828657526764 0.297802743202576
0.791995 8.834234730364 -0.188314342735122
0.792495 8.839811933964 -0.0498035831617867
0.792995 8.845389137564 0.164337500247231
0.793495 8.850966341164 0.0792258796262579
0.793995 8.856543544764 0.418017254400376
0.794495 8.862120748364 -0.0638459767707911
0.794995 8.867697951964 0.334013119284931
0.795495 8.873275155564 0.159839808018543
0.795995 8.878852359164 0.380463571147093
0.796495 8.884429562764 0.351773407906297
0.796995 8.890006766364 -0.147942611216139
0.797495 8.895583969964 0.180784006183667
0.797995 8.901161173564 -0.406592502922975
0.798495 8.906738377164 0.0417000588686173
0.798995 8.912315580764 -0.204103506032676
0.799495 8.917892784364 -0.0488792258616386
0.799995 8.923469987964 -0.232178368984268
0.800495 8.929047191564 -0.0896884614941918
0.800995 8.934624395164 0.11223594805468
0.801495 8.940201598764 -0.232890885249795
0.801995 8.945778802364 0.104845299873451
0.802495 8.951356005964 0.173253055820456
0.802995 8.956933209564 0.159014938953585
0.803495 8.962510413164 0.161746229294077
0.803995 8.968087616764 0.172067972530628
0.804495 8.973664820364 0.129035643302029
0.804995 8.979242023964 0.0663618145786023
0.805495 8.984819227564 -0.0779443403458096
0.805995 8.990396431164 0.318422741606093
0.806495 8.995973634764 -0.149067207404
0.806995 9.001550838364 -0.171721587619159
0.807495 9.007128041964 -0.239643937882053
0.807995 9.012705245564 -0.5045773166025
0.808495 9.018282449164 0.178959555074416
0.808995 9.023859652764 -0.35657773148437
0.809495 9.029436856364 0.0265904046043312
0.809995 9.035014059964 -0.0658425077845543
0.810495 9.040591263564 -0.0552765462953049
0.810995 9.046168467164 0.0785861611737954
0.811495 9.051745670764 -0.12819838006585
0.811995 9.057322874364 0.246029149835223
0.812495 9.062900077964 0.123818778469148
0.812995 9.068477281564 0.151558215242316
0.813495 9.074054485164 -0.0374792612259659
0.813995 9.079631688764 0.396380101564147
0.814495 9.085208892364 -0.0454658603116097
0.814995 9.090786095964 0.0482558788415723
0.815495 9.096363299564 -0.0720094435269767
0.815995 9.101940503164 0.143397303350881
0.816495 9.107517706764 0.154519954613456
0.816995 9.113094910364 -0.223386082722684
0.817495 9.118672113964 -0.0454945071778368
0.817995 9.124249317564 -0.0058674320111843
0.818495 9.129826521164 0.171807576012263
0.818995 9.135403724764 -0.210768778844896
0.819495 9.140980928364 0.0952539704591219
0.819995 9.146558131964 0.201073963407807
0.820495 9.152135335564 0.175372660571335
0.820995 9.157712539164 0.01982923564276
0.821495 9.163289742764 0.121152057196397
0.821995 9.168866946364 -0.0678123958548066
0.822495 9.174444149964 -0.0522750865175481
0.822995 9.180021353564 -0.318724869674957
0.823495 9.185598557164 -0.0132421481639578
0.823995 9.191175760764 -0.245190448182146
0.824495 9.196752964364 0.184630662353378
0.824995 9.202330167964 -0.379517957804823
0.825495 9.207907371564 0.280977700640476
0.825995 9.213484575164 0.0151238905697544
0.826495 9.219061778764 0.079678133172142
0.826995 9.224638982364 0.0320377960911833
0.827495 9.230216185964 0.287620680436063
0.827995 9.235793389564 0.0878421876847256
0.828495 9.241370593164 -0.259671511253967
0.828995 9.246947796764 -0.0515663637080404
0.829495 9.252525000364 -0.0621710871180799
0.829995 9.258102203964 0.0213508777939164
0.830495 9.263679407564 0.00154896365929325
0.830995 9.269256611164 -0.0436667904120242
0.831495 9.274833814764 0.0588998304926347
0.831995 9.280411018364 0.24321612079975
0.832495 9.285988221964 0.229711575133346
0.832995 9.291565425564 0.162295504927624
0.833495 9.297142629164 0.165987617656237
0.833995 9.302719832764 -0.0701259186939201
0.834495 9.308297036364 0.0808436143773736
0.834995 9.313874239964 0.0115465484479318
0.835495 9.319451443564 -0.0420302987495176
0.835995 9.325028647164 -0.419479898376782
0.836495 9.330605850764 0.145688069914547
0.836995 9.336183054364 -0.413610481601555
0.837495 9.341760257964 0.15080404858718
0.837995 9.347337461564 -0.0536199652361996
0.838495 9.352914665164 -0.311367704439776
0.838995 9.358491868764 -0.0385457201299007
0.839495 9.364069072364 -0.0998639899812063
0.839995 9.369646275964 0.224251259479714
0.840495 9.375223479564 -0.0728128781048075
0.840995 9.380800683164 0.313465706933938
0.841495 9.386377886764 0.0660555608017851
0.841995 9.391955090364 0.311985568847578
0.842495 9.397532293964 0.0690739053452
0.842995 9.403109497564 0.101378235719652
0.843495 9.408686701164 0.0789926848289053
0.843995 9.414263904764 0.0489824306971501
0.844495 9.419841108364 -0.047813843167563
0.844995 9.425418311964 -0.149025985445911
0.845495 9.430995515564 0.198962545558177
0.845995 9.436572719164 0.121232219927902
0.846495 9.442149922764 0.060096563480677
0.846995 9.447727126364 0.116057942354851
0.847495 9.453304329964 0.218983335998159
0.847995 9.458881533564 -0.185064663181962
0.848495 9.464458737164 0.161600369364545
0.848995 9.470035940764 -0.119777477233493
0.849495 9.475613144364 0.114049487393225
0.849995 9.481190347964 0.0309661978063797
0.850495 9.486767551564 -0.129834764365351
0.850995 9.492344755164 0.135025477823516
0.851495 9.497921958764 0.209982408100105
0.851995 9.503499162364 0.160169334321479
0.852495 9.509076365964 0.0632410248393276
0.852995 9.514653569564 0.17428449815137
0.853495 9.520230773164 0.0897397514790268
0.853995 9.525807976764 -0.0660964747357284
0.854495 9.531385180364 -0.436707711721841
0.854995 9.536962383964 -0.0444640654165066
0.855495 9.542539587564 -0.260997645349486
0.855995 9.548116791164 -0.282506270705304
0.856495 9.553693994764 -0.184862457760804
0.856995 9.559271198364 0.0298524611717207
0.857495 9.564848401964 0.146988531550448
0.857995 9.570425605564 -0.109454929722196
0.858495 9.576002809164 0.16953000169699
0.858995 9.581580012764 0.0380267351062031
0.859495 9.587157216364 0.125492723683708
0.859995 9.592734419964 0.0437434840717891
0.860495 9.598311623564 0.034143511550102
0.860995 9.603888827164 0.252220742142921
0.861495 9.609466030764 0.121228634411673
0.861995 9.615043234364 -0.217009182441437
0.862495 9.620620437964 -0.0134199537277563
0.862995 9.626197641564 0.214755705055483
0.863495 9.631774845164 0.183042755100497
0.863995 9.637352048764 0.141541648496684
0.864495 9.642929252364 0.0303829371908798
0.864995 9.648506455964 -0.0809185654958419
0.865495 9.654083659564 0.00069588710382008
0.865995 9.659660863164 0.0706446353197258
0.866495 9.665238066764 -0.0737455036878161
0.866995 9.670815270364 0.208009876599125
0.867495 9.676392473964 -0.288747967245511
0.867995 9.681969677564 0.0301861987109611
0.868495 9.687546881164 -0.114441593983567
0.868995 9.693124084764 0.09576650201239
0.869495 9.698701288364 -0.143332771165274
0.869995 9.704278491964 -0.162177051123134
0.870495 9.709855695564 0.0510805287816966
0.870995 9.715432899164 -0.00934387119595444
0.871495 9.721010102764 -0.000919686490875274
0.871995 9.726587306364 0.221532778945705
0.872495 9.732164509964 0.325352382406922
0.872995 9.737741713564 -0.151241713847747
0.873495 9.743318917164 0.429371495419033
0.873995 9.748896120764 -0.0818004109339318
0.874495 9.754473324364 0.336645338548743
0.874995 9.760050527964 -0.0135097920658039
0.875495 9.765627731564 -0.165022533321466
0.875995 9.771204935164 0.33065850477599
0.876495 9.776782138764 0.172428726174796
0.876995 9.782359342364 0.188687583486888
0.877495 9.787936545964 -0.065883221110391
0.877995 9.793513749564 -0.135814534758207
0.878495 9.799090953164 -0.152393130196585
0.878995 9.804668156764 -0.068312123257861
0.879495 9.810245360364 -0.522807628146569
0.879995 9.815822563964 -0.235198881136079
0.880495 9.821399767564 -0.217634383180645
0.880995 9.826976971164 0.0728363149787579
0.881495 9.832554174764 0.250072950817592
0.881995 9.838131378364 -0.532997395284766
0.882495 9.843708581964 0.548109189065308
0.882995 9.849285785564 0.0539958292472414
0.883495 9.854862989164 0.342442632984988
0.883995 9.860440192764 0.107526440730914
0.884495 9.866017396364 0.115739822449505
0.884995 9.871594599964 0.264478217008642
0.885495 9.877171803564 -0.336226238177346
0.885995 9.882749007164 -0.112088257763537
0.886495 9.888326210764 -0.210587802017168
0.886995 9.893903414364 -0.016921489812845
0.887495 9.899480617964 -0.261381240714035
0.887995 9.905057821564 0.0344533305384413
0.888495 9.910635025164 -0.0713617940477006
0.888995 9.916212228764 0.378644825076993
0.889495 9.921789432364 0.0219822838337862
0.889995 9.927366635964 0.105356004484939
0.890495 9.932943839564 0.0880592525553652
0.890995 9.938521043164 -0.19595430258216
0.891495 9.944098246764 0.00798120935940932
0.891995 9.949675450364 0.0439877153893155
0.892495 9.955252653964 -0.246373192557011
0.892995 9.960829857564 -0.169314070507232
0.893495 9.966407061164 -0.236415931032777
0.893995 9.971984264764 0.30341534261397
0.894495 9.977561468364 -0.0743856526023558
0.894995 9.983138671964 0.0973034898266487
0.895495 9.988715875564 0.420709801510706
0.895995 9.994293079164 0.0974553566696503
0.896495 9.999870282764 -0.0557023929243059
0.896995 10.005447486364 0.16656067485718
0.897495 10.011024689964 -0.221733255397372
0.897995 10.016601893564 0.122069618074307
0.898495 10.022179097164 -0.0204002530182217
0.898995 10.027756300764 -0.28926021268389
0.899495 10.033333504364 0.058579904125342
0.899995 10.038910707964 -0.213808138526012
0.900495 10.044487911564 0.036553875011208
0.900995 10.050065115164 -0.272861532363665
0.901495 10.055642318764 -0.2217537520729
0.901995 10.061219522364 -0.212175348862303
0.902495 10.066796725964 0.381032768347982
0.902995 10.072373929564 -0.242590658778913
0.903495 10.077951133164 0.081180450928806
0.903995 10.083528336764 0.434019741188921
0.904495 10.089105540364 -0.191143333908558
0.904995 10.094682743964 0.144916143861359
0.905495 10.100259947564 0.0945933164967425
0.905995 10.105837151164 0.0512270571932927
0.906495 10.111414354764 0.124405249667815
0.906995 10.116991558364 -0.219776641433572
0.907495 10.122568761964 0.224530669927315
0.907995 10.128145965564 0.328338719281531
0.908495 10.133723169164 -0.437552143037727
0.908995 10.139300372764 0.454476796702808
0.909495 10.144877576364 -0.339553752337187
0.909995 10.150454779964 0.347075273189398
0.910495 10.156031983564 -0.378135634044356
0.910995 10.161609187164 -0.144728031538308
0.911495 10.167186390764 0.125889477946551
0.911995 10.172763594364 -0.24300530494125
0.912495 10.178340797964 0.187064504575641
0.912995 10.183918001564 -0.276840307999426
0.913495 10.189495205164 0.0666414022526133
0.913995 10.195072408764 -0.176812136084709
0.914495 10.200649612364 0.238042944635402
0.914995 10.206226815964 -0.123165467899857
0.915495 10.211804019564 0.0347347765846295
0.915995 10.217381223164 -0.149677244598859
0.916495 10.222958426764 -0.0315103263802126
0.916995 10.228535630364 -0.0203424032085273
0.917495 10.234112833964 0.0431762320893562
0.917995 10.239690037564 0.152402110166333
0.918495 10.245267241164 -0.192579041119737
0.918995 10.250844444764 0.578681241704921
0.919495 10.256421648364 -0.299535737751496
0.919995 10.261998851964 0.243598109301904
0.920495 10.267576055564 -0.108093700422085
0.920995 10.273153259164 0.0291067499955913
0.921495 10.278730462764 0.189461486744947
0.921995 10.284307666364 0.215498425812441
0.922495 10.289884869964 -0.396002564680452
0.922995 10.295462073564 -0.145108294819856
0.923495 10.301039277164 -0.186185247975848
0.923995 10.306616480764 0.0513991608614376
0.924495 10.312193684364 -0.120122423417872
0.924995 10.317770887964 -0.0960760642278672
0.925495 10.323348091564 -0.00989870237006214
0.925995 10.328925295164 -0.086854137358786
0.926495 10.334502498764 -0.176294843620056
0.926995 10.340079702364 0.00611288143235433
0.927495 10.345656905964 -0.128408559502017
0.927995 10.351234109564 0.015995709635951
0.928495 10.356811313164 -0.11594177002075
0.928995 10.362388516764 -0.00375508501070583
0.929495 10.367965720364 0.11764602207207
0.929995 10.373542923964 -0.232360852704674
0.930495 10.379120127564 0.27051490355686
0.930995 10.384697331164 0.0462328910155599
0.931495 10.390274534764 0.154548632524499
0.931995 10.395851738364 -0.0476050467290826
0.932495 10.401428941964 0.243361029184848
0.932995 10.407006145564 -0.381671683176318
0.933495 10.412583349164 0.156206898493026
0.933995 10.418160552764 -0.440095901273159
0.934495 10.423737756364 0.267051495643023
0.934995 10.429314959964 -0.12667417482703
0.935495 10.434892163564 -0.0556056547243018
0.935995 10.440469367164 -0.0638657494007257
0.936495 10.446046570764 -0.100700299147855
0.936995 10.451623774364 0.41742784313669
0.937495 10.457200977964 0.0814242413100284
0.937995 10.462778181564 -0.136274798935725
0.938495 10.468355385164 0.345336026037418
0.938995 10.473932588764 0.148472754493992
0.939495 10.479509792364 -0.191169130558534
0.939995 10.485086995964 -0.338811209781706
0.940495 10.490664199564 -0.361238650412421
0.940995 10.496241403164 -0.0207433523585811
0.941495 10.501818606764 -0.144940334763636
0.941995 10.507395810364 -0.000166559002052508
0.942495 10.512973013964 0.0547491360729522
0.942995 10.518550217564 0.248735662721165
0.943495 10.524127421164 0.254173816588691
0.943995 10.529704624764 0.14556246565069
0.944495 10.535281828364 0.185262095766268
0.944995 10.540859031964 0.258495930067619
0.945495 10.546436235564 0.127699547089571
0.945995 10.552013439164 -0.201014376713707
0.946495 10.557590642764 0.280367771593372
0.946995 10.563167846364 -0.323061753904742
0.947495 10.568745049964 0.0326365893166699
0.947995 10.574322253564 -0.450804181347145
0.948495 10.579899457164 0.144237093415083
0.948995 10.585476660764 -0.0571422584562355
0.949495 10.591053864364 -0.325082757239465
0.949995 10.596631067964 0.289418880355748
0.950495 10.602208271564 0.0203099136759294
0.950995 10.607785475164 0.730395298128868
0.951495 10.613362678764 -0.0894649150507619
0.951995 10.618939882364 0.274850751689749
0.952495 10.624517085964 -0.0223757562214452
0.952995 10.630094289564 0.152273195327895
0.953495 10.635671493164 -0.279164323740645
0.953995 10.641248696764 -0.171095641986303
0.954495 10.646825900364 -0.0262455831988709
0.954995 10.652403103964 0.212739956049793
0.955495 10.657980307564 0.0186752053108741
0.955995 10.663557511164 -0.194171284979103
0.956495 10.669134714764 0.0976699630224449
0.956995 10.674711918364 0.329110665083751
0.957495 10.680289121964 0.0592751319613804
0.957995 10.685866325564 -0.221093170228528
0.958495 10.691443529164 0.0793012988747152
0.958995 10.697020732764 -0.579638490341135
0.959495 10.702597936364 0.181052037579908
0.959995 10.708175139964 -0.3533884635002
0.960495 10.713752343564 0.351661550732203
0.960995 10.719329547164 -0.137420816574928
0.961495 10.724906750764 -0.0513207400720587
0.961995 10.730483954364 -0.0489281326948109
0.962495 10.736061157964 -0.128943070435607
0.962995 10.741638361564 0.243660321745185
0.963495 10.747215565164 -0.0698574085558439
0.963995 10.752792768764 -0.0164727133697205
0.964495 10.758369972364 -0.0958626716757649
0.964995 10.763947175964 -0.110031344151082
0.965495 10.769524379564 -0.103721445789702
0.965995 10.775101583164 -0.0159469941357676
0.966495 10.780678786764 0.26703821724036
0.966995 10.786255990364 -0.0869331437381099
0.967495 10.791833193964 0.223603295023244
0.967995 10.797410397564 0.115914066660257
0.968495 10.802987601164 -0.0732158589752969
0.968995 10.808564804764 0.544786239257917
0.969495 10.814142008364 -0.392084895858398
0.969995 10.819719211964 0.406101832895869
0.970495 10.825296415564 -0.599758863088709
0.970995 10.830873619164 0.209534098966017
0.971495 10.836450822764 -0.728371075792321
0.971995 10.842028026364 0.0815773100540708
0.972495 10.847605229964 -0.267911367028296
0.972995 10.853182433564 -0.0986977854751485
0.973495 10.858759637164 0.128278558844395
0.973995 10.864336840764 -0.40114473628695
0.974495 10.869914044364 0.419237756451975
0.974995 10.875491247964 -0.290896889680557
0.975495 10.881068451564 0.107121435654017
0.975995 10.886645655164 -0.0705699281974163
0.976495 10.892222858764 0.332624739490834
0.976995 10.897800062364 0.144528375204978
0.977495 10.903377265964 0.109493783296756
0.977995 10.908954469564 0.35519053582582
0.978495 10.914531673164 0.136249180419474
0.978995 10.920108876764 0.450263552935493
0.979495 10.925686080364 -0.208940355941753
0.979995 10.931263283964 -0.573479859794862
0.980495 10.936840487564 0.181258304253104
0.980995 10.942417691164 -0.262740689986375
0.981495 10.947994894764 0.167661132648038
0.981995 10.953572098364 -0.206339320428751
0.982495 10.959149301964 0.0622688400208036
0.982995 10.964726505564 -0.125153693261772
0.983495 10.970303709164 -0.0261578515407003
0.983995 10.975880912764 0.0285623053611505
0.984495 10.981458116364 0.149728885848921
0.984995 10.987035319964 0.128466588890032
0.985495 10.992612523564 -0.0175335571937528
0.985995 10.998189727164 -0.0133434470760393
0.986495 11.003766930764 -0.000252323808882007
0.986995 11.009344134364 -0.159907903825948
0.987495 11.014921337964 -0.05745267873388
0.987995 11.020498541564 -0.0504638603037281
0.988495 11.026075745164 -0.2354687260741
0.988995 11.031652948764 -0.000816631928809671
0.989495 11.037230152364 -0.211049868173276
0.989995 11.042807355964 0.197063984827886
0.990495 11.048384559564 0.327077792009588
0.990995 11.053961763164 -0.0770203013488157
0.991495 11.059538966764 -0.0903070359489723
0.991995 11.065116170364 0.27460271387198
0.992495 11.070693373964 -0.342183704140644
0.992995 11.076270577564 0.687096976086536
0.993495 11.081847781164 -0.194850556167754
0.993995 11.087424984764 0.25534074418689
0.994495 11.093002188364 -0.0780351857409249
0.994995 11.098579391964 -0.111911395889208
0.995495 11.104156595564 -0.264337410002797
0.995995 11.109733799164 -0.476181274815069
0.996495 11.115311002764 0.219059790966087
0.996995 11.120888206364 -0.364975266260548
0.997495 11.126465409964 0.36914100706085
0.997995 11.132042613564 -0.274738749473263
0.998495 11.137619817164 0.147713799187861
0.998995 11.143197020764 -0.19411806744089
0.999495 11.148774224364 -0.319579021130369
0.999995 11.154351427964 0.125946105019665
