255

3 -5.505170 -6.645000 80.3069
3 -4.958910 -6.956620 81.6396
3 -2.963220 -7.430530 80.3178
3 -3.580300 -7.324590 81.6690
3 -1.487460 -7.352960 80.3302
3 -0.839606 -7.261330 81.6441
3  0.563716 -7.178760 81.6272
3  1.174610 -7.008440 80.2901
3  2.501350 -6.504580 80.2935
3 -6.507050 -5.645200 80.2471
3 -6.972880 -5.139190 81.5617
3 -7.672050 -3.901570 81.5651
3  3.029420 -6.107620 81.5999
3  4.188190 -5.382220 81.6099
3  4.697590 -4.985140 80.3246
3  5.800670 -4.075160 80.3400
3 -8.172210 -1.990000 80.2168
3 -7.938710 -3.380610 80.1873
2  0.394900 -2.556090 80.7707
2  1.546280 -2.500400 81.6744
2  2.723860 -2.250510 80.9061
3  6.258720 -3.627310 81.6419
3  7.102890 -2.515680 81.6193
3 -8.471960 -1.304570 81.5119
3 -8.332990  0.115019 81.5237
2 -0.766565 -1.907470 81.2824
2 -1.401780 -0.973357 80.3538
2  3.809480 -1.543200 81.4546
2  4.562360 -0.583703 80.6340
3  7.483870 -1.921070 80.3219
3  8.082240 -0.607520 80.2672
3 -5.511680 -6.598940 82.9503
3 -2.970580 -7.354360 83.0034
3 -1.520370 -7.252150 82.9744
3  1.149770 -6.931320 82.9552
3  2.472190 -6.445630 82.9582
3 -6.576240 -5.652680 82.9573
3  4.722880 -5.023110 82.9338
3 -8.320820 -1.910210 82.8920
3 -7.905610 -3.272450 82.8900
3  5.865890 -4.132360 82.9507
2 -0.920529 -1.445630 82.6207
2 -1.720160 -0.191230 82.5437
2  1.463710 -2.014720 82.9883
2  0.259905 -1.425390 83.4310
2  2.610260 -1.354520 83.5699
2  3.793340 -1.097010 82.8221
3  7.368110 -1.923850 82.9541
3  7.983840 -0.654077 82.8967
3 -4.973830 -6.865200 84.3171
3 -5.520940 -6.386110 85.6381
3 -2.936540 -7.269360 85.6190
3 -3.585160 -7.277550 84.3173
3 -1.520630 -7.221490 85.6223
3 -0.873217 -7.283700 84.3143
3  0.516174 -6.998750 84.2928
3  1.098850 -6.807700 85.6258
3  2.418280 -6.263610 85.6027
3  3.051280 -6.156190 84.3261
3 -7.046740 -5.121430 84.2590
3 -6.691810 -5.578420 85.6290
3  4.808350 -5.015220 85.6116
3  4.304890 -5.420520 84.2744
3 -7.888010 -3.284220 85.5247
3 -7.676810 -3.880580 84.2325
3  5.912280 -4.190970 85.6079
3  7.135490 -2.526320 84.2632
3  6.316700 -3.675820 84.2996
3 -8.399560 -1.253420 84.1804
3 -8.385390 -1.922960 85.5076
2  0.575000 -0.344277 84.2941
2  2.007010 -0.270193 84.3569
3  7.467260 -1.932340 85.5341
3  8.130820 -0.637895 85.5699
3 -4.977070 -6.664360 86.9310
3 -3.658270 -7.233010 86.9175
3 -0.926967 -7.159270 86.9290
3  0.472502 -6.890280 86.9380
3  2.959240 -5.940910 86.9187
3 -6.985730 -4.971780 86.9367
3  4.303970 -5.438610 86.9277
3 -7.639500 -3.711110 86.8917
3  6.452230 -3.738330 86.9580
3  7.192420 -2.513920 86.9144
3 -8.394940 -1.226250 86.8562
3 -5.008250 -6.731680 89.5984
3 -5.515010 -6.367730 88.2739
3 -3.009130 -7.201780 88.2735
3 -3.653760 -7.154570 89.5920
3 -1.576420 -7.146620 88.2530
3 -0.966477 -7.019780 89.5471
3  0.465139 -6.933490 89.6069
3  1.074320 -6.731600 88.3067
3  2.373190 -6.165720 88.2730
3  3.006390 -5.922830 89.5771
3 -6.815060 -4.816120 89.5728
3 -6.502520 -5.350490 88.2796
3  4.277850 -5.255330 89.6259
3  4.796400 -4.960290 88.3092
3 -7.682400 -3.713690 89.5740
3 -7.903950 -3.118640 88.1927
3  5.851950 -4.022000 88.2997
3  6.226620 -3.462820 89.6397
3  7.118000 -2.395540 89.5870
3 -8.323210 -1.796020 88.2125
3 -8.475170 -1.165110 89.6157
3  7.424130 -1.911940 88.2550
3  7.996660 -0.552611 88.2114
3 -5.497070 -6.355890 90.9526
3 -3.014870 -7.345640 90.8596
3 -1.606960 -7.155650 90.8972
3  1.045490 -6.740270 90.9003
3  2.354580 -6.198190 90.9026
3 -6.560410 -5.435470 90.9623
3  4.698510 -4.849010 90.9772
3 -8.101700 -3.235740 90.8857
3  5.794470 -3.933600 90.9575
3 -8.420700 -1.820690 90.9193
3  7.388770 -1.850440 90.9410
3  7.907010 -0.554390 90.9760
3 -8.161460  0.681322 80.1976
3 -7.597830  1.994300 80.1330
2 -2.022230  1.373790 80.6083
2 -2.014720  0.058519 81.1494
2  4.908690  0.552537 81.4751
2  4.870050  1.840340 80.9327
3  8.186850 -0.005349 81.6086
3  8.227760  1.413780 81.6360
3 -7.306240  2.599860 81.4217
3 -6.501880  3.741560 81.4579
2 -1.053190  3.503930 80.6707
2 -1.794370  2.485170 81.4696
2  3.595970  3.761880 80.9140
3  7.697940  3.391130 80.2594
3  8.140490  2.063800 80.2891
3 -6.064330  4.221190 80.1316
3 -5.060020  5.208080 80.1620
3 -4.650830  5.657050 81.4832
2  0.023621  4.214650 81.2572
2  1.223700  4.420740 80.4475
2  2.374720  4.359660 81.4120
3  7.520550  4.028260 81.5847
3  6.339820  5.706080 80.3108
3  6.779320  5.219520 81.6169
3 -3.450020  6.480320 81.5276
3 -2.825360  6.829910 80.1965
3 -1.450140  7.153880 80.1881
3 -0.857786  7.268380 81.5208
3  0.545938  7.590030 81.5830
3  1.216750  7.652500 80.2518
3  2.661250  7.593770 80.3054
3  3.317850  7.443200 81.5768
3  5.183600  6.562260 80.2782
3  4.673050  6.997340 81.6224
3 -8.143290  0.711575 82.8054
3 -7.696600  2.062400 82.7767
2 -1.272240  0.934581 83.3040
2  3.886730  1.220030 83.6436
2  4.432640  0.207938 82.8211
2 -1.400530  2.303600 82.7931
2 -0.274862  3.051590 83.4398
2  0.410616  4.012240 82.6882
2  3.820880  2.537830 83.0600
2  2.541750  3.090110 83.5236
2  4.361470  2.913040 81.7898
3  7.809490  3.461730 82.9611
3  8.101090  2.092690 82.9445
3 -6.100300  4.275250 82.7771
3 -5.182320  5.309650 82.7714
2  1.880400  4.066700 82.7240
3  6.297070  5.674230 82.9259
3 -2.899290  6.760920 82.8597
3 -1.523180  7.189580 82.9234
3  1.140040  7.642690 82.9311
3  2.591610  7.684560 82.9103
3  5.198940  6.606800 82.9381
3 -8.077750  0.798265 85.4593
3 -8.279980  0.161471 84.1300
3 -7.694980  2.146270 85.4443
2 -0.140838  0.823467 84.1617
2  2.621910  1.003040 84.3659
3  8.222240  1.444610 84.2712
3  8.143040 -0.006829 84.2843
3 -7.399470  2.661870 84.1001
3 -6.602960  3.856130 84.1183
2  0.493593  2.101340 84.2581
2  1.885370  2.138740 84.3606
3  8.148390  2.076790 85.5932
3  7.752600  3.446230 85.5633
3  7.494340  4.059640 84.2476
3 -6.262030  4.281960 85.5001
3 -4.720660  5.658600 84.1312
3 -5.172740  5.282580 85.4975
3  6.256330  5.636530 85.5650
3  6.681210  5.215360 84.2360
3 -2.908060  6.664450 85.5891
3 -3.516810  6.456160 84.1937
3 -1.562540  7.186610 85.5803
3 -0.927453  7.331570 84.2297
3  0.479005  7.455970 84.2459
3  1.118070  7.570110 85.5404
3  2.534650  7.654760 85.5960
3  3.228360  7.454780 84.2893
3  5.103460  6.476680 85.5982
3  4.537780  6.867790 84.2994
3 -8.275840  0.199102 86.8311
3  8.389610  1.401580 86.8811
3  8.285090 -0.005020 86.9282
3 -7.630060  2.728280 86.8049
3 -6.760440  3.913650 86.8556
3  7.549860  4.090990 86.9244
3 -4.785880  5.750110 86.8713
3  6.746090  5.264920 86.9008
3 -3.531640  6.468070 86.9324
3 -0.993535  7.377480 86.8935
3  0.442050  7.579280 86.8703
3  3.163640  7.249700 86.8941
3  4.497480  6.762650 86.8819
3 -8.379860  0.814977 88.2405
3 -8.545040  0.233969 89.5725
3  8.252720  1.488050 89.5557
3  8.127370  0.026005 89.5643
3 -8.030830  2.233110 88.1938
3 -7.666440  2.814720 89.5329
3 -6.815090  3.915250 89.5266
3  8.250870  2.131680 88.2041
3  7.428770  3.990800 89.5325
3  7.815510  3.518430 88.2282
3 -6.416890  4.435670 88.2293
3 -5.335110  5.323280 88.2203
3 -4.730860  5.574980 89.6173
3  6.138660  5.596670 88.2035
3  6.470520  5.060130 89.5464
3 -3.481680  6.216260 89.6180
3 -2.898050  6.563260 88.2648
3 -1.569040  7.071590 88.2483
3 -0.985874  7.147850 89.5621
3  1.081300  7.542880 88.2098
3  0.387364  7.445160 89.5563
3  3.074060  7.281760 89.5312
3  2.470730  7.379890 88.2035
3  5.017680  6.444640 88.1850
3  4.461950  6.833170 89.5347
3 -8.415930  0.891933 90.8926
3 -8.012840  2.249800 90.8967
3  7.777400  3.460400 90.8680
3  8.318970  2.141270 90.8619
3 -6.380740  4.340810 90.8281
3 -5.256660  5.235900 90.9257
3  5.994540  5.526710 90.8479
3 -2.918410  6.441750 90.9934
3 -1.600320  6.940210 90.9565
3  0.990236  7.504600 90.8719
3  2.391230  7.307060 90.8567
3  4.982060  6.552980 90.8379