105

1  6.29243 -0.625738 53.5095
1  3.63211 -6.789150 39.5745
1  4.84215 -7.067850 40.3214
1  7.20602 -6.922950 39.5791
1  7.50699 -6.131920 40.7538
1  2.71440 -5.807150 39.9867
1  8.43140 -5.104480 40.3546
1  1.97921 -3.607910 39.5666
1  8.57303 -2.684890 40.0498
1  3.56563 -1.403900 40.4889
1  4.92071 -0.922042 40.7068
1  5.67736 -0.424148 39.6281
1  7.66987 -1.638990 40.4671
1  5.13298 -6.276000 41.4350
1  3.00046 -5.003310 41.1701
1  4.20615 -5.245820 41.8602
1  4.98359 -4.121870 42.3402
1  6.37297 -4.477610 42.1957
1  6.47848 -5.801540 41.6501
1  2.59169 -3.637220 40.8886
1  3.34112 -2.541730 41.3664
1  4.56548 -2.783020 42.1050
1  7.30067 -3.494660 41.8456
1  6.89114 -2.144220 41.5727
1  8.36003 -3.825650 40.9154
1  5.53928 -1.765630 41.7170
2 10.31060 -4.244670 46.9358
2 10.78160 -3.185770 46.1453
2 12.18330 -2.800440 46.2271
2  8.73900 -1.870030 46.5393
2 10.01230 -1.976710 45.9567
2 10.92000 -0.856721 45.9982
2 12.27650 -1.367010 46.1277
2 13.17640 -0.651722 46.9255
2  9.07159 -4.763800 48.8500
2  9.02438 -4.066190 47.5971
2 10.37780 -5.343080 49.0035
2 11.16520 -5.050430 47.8196
2 12.53330 -4.676050 47.8967
2  8.22404 -2.943540 47.3719
2  7.49134 -2.383020 48.4900
2 13.02040 -3.539080 47.1050
2 13.91330 -2.788960 47.9600
2  7.56996 -0.941181 48.3414
2  8.33518 -0.633842 47.1509
2 14.00730 -1.381130 47.8532
2  8.34239 -4.239460 49.9192
2 10.96980 -5.293890 50.2762
2 12.34770 -4.869700 50.3899
2 13.09810 -4.567190 49.2447
2  7.52562 -3.059700 49.7374
2  7.67292 -2.251240 50.9245
2 13.95610 -3.413290 49.2362
2 14.06040 -2.598600 50.3654
2  7.73554 -0.845036 50.7803
2  7.60965 -0.156551 49.5002
2 14.15610 -0.558996 49.0348
2 14.19910 -1.173140 50.2872
2  8.96493 -4.189530 51.2112
2 10.26520 -4.699920 51.3985
2  8.52229 -2.975160 51.8594
2  9.45470 -2.254730 52.6379
2 10.80730 -2.753590 52.8287
2 11.21040 -3.943040 52.1909
2 12.49260 -4.049540 51.5625
2 13.30060 -2.912540 51.5400
2  8.71142 -0.138458 51.5654
2  9.54146 -0.828272 52.4615
2 10.91160 -0.427021 52.6146
2 11.71640 -1.602520 52.8867
2 13.53510 -0.581975 51.4462
2 12.97340 -1.689000 52.2212
1  4.07059 -3.045000 54.8546
1  4.44499 -2.229610 53.7113
1  6.30134 -2.459480 55.1317
1  1.91209 -1.870160 54.9019
1  3.57074 -1.260900 53.1866
1  2.31022 -1.092760 53.8226
1  5.83127 -1.882870 53.8904
2 10.48690  0.356362 46.5527
2  9.18277  0.473857 47.1655
2  9.33520  1.276210 48.3610
2 10.72620  1.634780 48.4916
2 11.44460  1.104410 47.3503
2 12.74700  0.581205 47.5448
2 13.35870  0.644345 48.8606
2  8.57174  0.964659 49.5083
2  9.20240  0.975777 50.8048
2 10.54380  1.355700 50.9740
2 11.29100  1.632360 49.7821
2 12.63810  1.149440 49.9619
1  4.05530  0.052078 52.7682
1  5.40285  0.357946 52.9379
2 11.42390  0.654095 51.8747
2 12.72660  0.555393 51.2616
1  1.99084  0.303037 53.8260
1  1.29347  0.912093 54.8645
1  3.06725  1.023730 53.1808
1  5.81869  1.665790 53.3918
1  7.01547  1.513490 54.2053
1  7.26402  0.071565 54.3185
1  3.46673  2.310360 53.6253
1  2.75105  2.935760 54.7009
1  4.86645  2.646630 53.7356
1  5.02024  3.478960 54.9316