299

3 -3.352720 -6.513490 29.1425
3 -0.924510 -7.628730 29.2499
3  0.476795 -7.888650 29.1822
3  3.137390 -7.852030 29.1615
3  4.464040 -7.319460 29.1896
3 -4.361000 -5.467410 29.1790
3  6.461910 -5.575550 29.1681
3  7.012410 -4.269310 29.1373
3 -6.211140 -3.545840 29.0774
3 -6.913690 -2.287150 29.0658
1 -1.310580 -1.737040 29.7905
1 -2.519450 -1.011590 29.2840
1 -0.154107 -0.954007 29.3817
3  7.658590 -1.704260 29.1238
3  7.682870 -0.247272 29.1585
3 -3.252770 -6.390270 31.9938
3 -1.461530 -7.371130 30.6910
3 -2.758320 -6.754640 30.5907
3 -0.836573 -7.509210 32.1321
3  0.576395 -7.862980 32.0941
3  1.137750 -8.042910 30.6702
3  2.587840 -8.080890 30.5976
3  3.190980 -7.869820 32.0830
3  4.552640 -7.473720 32.0750
3  5.081400 -7.154550 30.6013
3 -4.872110 -5.082840 30.5689
3 -4.370790 -5.438040 32.0230
3  6.078040 -6.107240 30.6172
3  6.446460 -5.585380 32.1409
3  7.038160 -4.228050 32.1463
3 -5.805990 -4.001830 30.5207
3 -6.175570 -3.579830 31.9773
3 -6.931260 -2.324540 31.9719
1 -2.504450 -2.174870 31.9152
1 -1.384510 -2.354970 31.0326
1 -0.213417 -2.395290 31.9079
3  7.279030 -3.686850 30.6874
3  7.536760 -2.238590 30.6393
3 -7.567090 -0.317238 30.5829
3 -7.176730 -1.713380 30.5240
1 -3.631340 -0.837604 30.1632
1 -3.614110 -1.442800 31.4109
1  0.973583 -1.015050 30.2158
1  1.002070 -1.724180 31.5050
3  7.626570 -0.200638 32.0459
3  7.483830 -1.629480 32.0562
3 -1.426040 -7.408140 33.5300
3 -2.705620 -6.763550 33.5275
3  1.103710 -8.010420 33.5798
3  2.554570 -7.977710 33.5686
3  5.016520 -7.079560 33.5977
3 -4.789110 -5.056210 33.4779
3  6.140980 -6.139720 33.5981
3 -5.784200 -4.027410 33.4487
1 -2.069990 -2.156690 33.3101
1 -0.612531 -2.217010 33.3129
3  7.152290 -3.633780 33.5251
3  7.506380 -2.212030 33.5519
3 -7.653660 -0.372808 33.4387
3 -7.225070 -1.756090 33.4353
1 -4.337500 -0.642666 32.3818
1 -3.940280 -0.590115 33.7830
1 -2.779060 -1.338890 34.2080
1  0.125688 -1.508170 34.2561
1  1.369560 -0.796560 33.8101
1  1.797530 -0.907385 32.4479
3 -0.900832 -7.525280 35.0683
3  0.500972 -7.782270 35.0519
3  3.116970 -7.828740 35.1109
3  4.510320 -7.389550 35.0965
3 -4.314340 -5.363010 34.9472
3 -3.244350 -6.400850 34.9521
3  6.415430 -5.621490 35.0927
3 -6.180700 -3.481400 34.9648
3 -7.052500 -2.322160 34.9226
3  6.998540 -4.307710 35.0408
3 -7.237750 -1.745510 36.3728
1 -2.014290 -0.578947 35.0909
1 -0.578366 -0.678962 35.1817
3  7.498530 -1.621100 35.0011
3  7.566280 -0.197501 34.9954
3 -1.521470 -7.396070 36.5234
3 -2.782490 -6.629760 36.4772
3 -0.972493 -7.568740 37.9581
3  0.397825 -7.844620 37.9976
3  1.110850 -7.841580 36.5580
3  2.538040 -7.837720 36.5541
3  4.953330 -6.976840 36.5291
3  3.076630 -7.765380 38.0083
3  4.479720 -7.388880 38.0414
3 -3.323870 -6.316780 37.9194
3 -4.833640 -5.012470 36.4069
3 -4.426200 -5.416600 37.8941
3  5.981840 -5.991190 36.4839
3  6.285330 -5.393810 37.9679
3 -5.795820 -3.858240 36.3976
3 -6.279700 -3.425470 37.8274
3 -7.050070 -2.255560 37.8486
3  6.867010 -4.120890 37.9872
3  7.105990 -3.592670 36.5369
3  7.478520 -2.182310 36.4725
3 -7.597240 -0.305794 36.2787
3  7.645320 -1.520750 37.9391
3  7.764840 -0.106742 38.0037
3 -1.518660 -7.335780 39.4089
3 -2.806350 -6.655360 39.3332
3  0.991380 -7.902200 39.4048
3  2.452210 -7.934650 39.4096
3  4.948700 -6.982680 39.4115
3 -4.853430 -5.006400 39.3111
3  5.913370 -5.932760 39.3642
3 -5.766730 -3.877810 39.3032
2 -1.485430 -2.428020 40.0843
2 -0.411884 -3.290170 39.7350
2  0.772475 -2.819000 39.0379
2  1.974050 -3.539410 39.5022
2  3.092460 -2.749240 39.7409
3  7.091430 -3.517660 39.4584
3  7.479040 -2.174730 39.4426
3 -7.635890 -0.313854 39.2900
3 -7.270070 -1.689770 39.3193
2 -1.397780 -1.032390 39.7685
2 -0.330342 -0.589318 38.9612
2  0.724381 -1.481680 38.6473
2  2.002840 -0.695859 38.7583
2  3.169870 -1.342590 39.3242
2  3.990940 -0.632388 40.2945
3 -3.299910 -6.311570 40.7753
3 -0.994894 -7.560480 40.8273
3  0.413598 -7.842540 40.8050
3  3.083640 -7.793580 40.8172
3  4.391270 -7.258080 40.8765
3 -4.491860 -5.464090 40.8236
2  1.498190 -4.407670 40.6284
3  6.207550 -5.318720 40.8749
3 -6.178550 -3.382360 40.7768
3 -6.924740 -2.198980 40.7461
2  0.087143 -4.252910 40.7401
2  3.977740 -2.889440 40.9133
3  6.921880 -4.054140 40.8294
2 -1.941990 -0.291890 40.9274
2  4.417490 -1.590650 41.3088
3  7.748310 -1.576760 40.7949
3  7.731640 -0.104788 40.8087
3 -7.659810  0.292395 29.1648
3 -7.871360  1.706800 29.1384
1 -3.876110  1.622030 29.6260
1 -2.048840  0.216598 28.5945
1 -2.656890  1.490100 28.8270
1 -0.591635  0.223261 28.7079
1  0.203416  1.419240 28.8126
1  1.348430  1.377690 29.6790
1 -1.848700  2.722790 29.0566
1 -2.533460  3.505320 30.0239
1 -0.444494  2.685660 28.9597
1  0.335878  3.437780 29.8696
3  6.759150  2.281240 29.1596
3  5.931800  3.486080 29.1795
3 -7.596480  4.347410 29.1827
3 -6.929000  5.660140 29.1219
3  2.762520  5.958910 29.1802
3  3.969170  5.187080 29.1599
3 -4.939690  7.540420 29.2009
3 -3.564130  7.897970 29.1662
3 -0.868408  7.750620 29.1030
3  0.471021  7.319510 29.1769
3 -7.865840  1.708170 32.0635
3 -7.736540  0.276572 32.0937
1 -4.337600  0.480300 30.2862
1 -4.686870  0.605696 31.6898
1  1.820880  0.175337 30.3070
1  2.275530  0.250937 31.6744
3  7.006420  1.794270 30.6216
3  7.456300  0.386839 30.6159
3 -7.844020  2.344760 30.6140
3 -7.782890  3.783390 30.6482
1 -3.808110  2.909300 30.3574
1 -4.199430  3.037260 31.6981
1  1.460020  2.649500 30.3176
1  1.901460  2.747850 31.6462
3  6.915110  2.400010 32.0844
3  6.029170  3.534360 32.1058
3  5.534650  3.916980 30.6329
3 -7.587400  4.359490 32.0716
3 -6.534910  6.152150 30.6369
3 -6.979040  5.733200 32.0378
1 -1.809970  4.311740 30.8917
1 -0.350408  4.232600 30.8855
3  2.834200  6.024480 32.0495
3  4.447760  4.798670 30.6266
3  3.991670  5.237490 32.0850
3 -5.536890  7.225860 30.5775
3 -5.028800  7.550180 32.0235
3 -3.605950  7.918330 32.1010
3 -2.939340  7.970590 30.6112
3 -1.505000  7.881570 30.6407
3 -0.924653  7.711530 32.0052
3  0.513717  7.386030 32.0135
3  2.199620  6.250530 30.5767
3  1.034550  7.047280 30.5425
1 -4.652790  1.797010 32.3781
1 -4.141270  1.833730 33.7561
1  2.326220  1.464660 32.3289
1  1.838090  1.529180 33.7118
3  7.153550  1.828760 33.5139
3  7.453430  0.410461 33.5002
3 -7.827970  2.279910 33.4724
3 -7.686910  3.749060 33.5240
1 -3.394510  3.757530 32.6609
1 -3.433510  3.030470 33.8912
1  1.248240  3.535010 32.6516
1  1.231860  2.865860 33.9513
3  5.488250  3.908900 33.5064
3 -6.557950  6.249100 33.5755
1 -2.217220  4.440890 32.2727
1 -1.013650  4.420910 33.1486
1  0.113305  4.260900 32.2333
3  4.511080  4.975110 33.4828
3 -5.541470  7.266240 33.5360
3 -2.985280  8.005540 33.5367
3 -1.546260  7.889280 33.4767
3  2.314040  6.504140 33.5201
3  1.044490  7.178800 33.5470
3 -7.702950  0.262522 34.8814
3 -7.792360  1.678550 34.9119
1 -3.875220  0.689977 34.4342
1 -2.653250  0.680733 35.2143
1 -1.903600  1.857040 35.4255
1 -0.471356  1.788420 35.4286
1  0.164077  0.563703 35.3122
1  1.307500  0.455438 34.4383
1 -2.276590  3.077030 34.6917
1 -1.040740  3.721350 34.3306
1  0.064426  2.887810 34.7393
3  6.815110  2.355700 34.9260
3  5.915950  3.510220 34.9321
3 -7.461040  4.353300 34.9642
3 -6.848070  5.656130 34.9547
3  2.845940  6.141190 34.9549
3  4.047540  5.421970 34.9821
3 -5.016780  7.596220 34.9897
3 -3.620820  7.973850 35.0278
3 -2.965400  7.907940 36.4169
3 -1.501400  7.871630 36.4381
3 -0.937850  7.738280 34.9354
3  0.435521  7.319690 34.9544
3 -7.785860  0.278711 37.8743
3 -7.976060  1.712920 37.8715
3  7.127200  1.826160 36.5030
3  7.611630  0.434675 36.4686
3 -7.855800  2.296170 36.2970
3 -7.615040  3.745800 36.3706
3  6.807580  2.410880 37.9800
3  5.655750  4.034640 36.4608
3  6.008250  3.555570 37.9228
3 -7.413890  4.344680 37.8839
3 -6.487940  6.135840 36.3798
3 -6.858870  5.697290 37.8784
3  2.863580  6.195220 37.8816
3  4.194690  5.557480 37.8589
3  4.618960  5.131250 36.4132
3 -5.507270  7.236710 36.4367
3 -4.954920  7.442230 37.8400
3 -3.593370  7.918060 37.8052
3 -0.913837  7.791970 37.8493
3  0.423270  7.357840 37.8153
3  2.334620  6.496900 36.3657
3  1.025350  7.075290 36.3449
2  0.218802  0.687137 39.3579
2 -0.242275  1.351550 40.5244
2  2.465370  1.394190 40.1548
2  1.706530  0.620170 39.2716
3  7.144080  1.849800 39.3652
3  7.698230  0.477104 39.3951
3 -7.880310  2.354010 39.4033
3 -7.612000  3.792730 39.3337
3  5.608090  4.046390 39.3023
3 -6.389710  6.108120 39.3124
3  4.594470  5.072630 39.2587
3 -5.461100  7.190730 39.2929
3 -2.945650  8.000840 39.3554
3 -1.501930  7.929820 39.3282
3  2.360840  6.508020 39.2779
3  1.090100  7.180950 39.3152
3 -8.002200  0.275640 40.6909
3 -8.004250  1.698580 40.7384
2 -1.441120  0.987605 41.2309
2  3.644690  0.702306 40.6762
2  1.909240  2.125100 41.2562
3  6.911040  2.467410 40.7380
3  6.011720  3.595810 40.7376
3 -7.456810  4.379100 40.7677
3 -6.709180  5.626850 40.8068
3  2.831120  6.145620 40.6723
3  4.077360  5.378260 40.6875
3 -4.935220  7.482480 40.8012
3 -3.555340  7.919150 40.8832
3 -0.880709  7.792900 40.6992
3  0.525366  7.451150 40.7077