420

3  -2.344690  -9.146350 -6.721870
3  -0.989932  -9.395620 -6.678700
3  -4.843430  -8.022940 -6.748800
3  -5.916710  -7.143930 -6.702190
3  -7.726540  -5.017090 -6.661390
3   6.179970  -5.140170 -7.277560
3  -8.454710  -3.810180 -6.555520
1  -2.639780  -3.185320 -6.963780
1  -1.479630  -3.954170 -7.174190
1   0.842383  -3.973780 -6.846540
3   6.438200  -3.772420 -7.128810
1  -2.577840  -1.745670 -7.113680
1   0.940263  -1.152340 -7.172150
3   6.286370  -1.038040 -6.887190
3  -4.314720  -8.413090 -5.536860
3  -3.019220  -8.950410 -5.534320
3  -0.330678  -9.501050 -5.474000
3   1.037640  -9.508360 -5.436000
3   1.771120  -9.213910 -6.592610
3   3.078480  -8.765490 -6.494460
3   3.595160  -8.554460 -5.238560
3  -6.419190  -6.635120 -5.523420
3   4.667030  -7.683430 -5.095190
3   5.133040  -7.053940 -6.246850
3  -7.320580  -5.587670 -5.481080
1  -2.007930  -5.310570 -5.185190
1  -3.210440  -4.535130 -4.969880
1  -1.162610  -5.048410 -6.276080
1   0.276370  -5.059640 -6.077630
1   0.835950  -5.371170 -4.827600
3   5.766010  -5.835310 -6.114530
3   6.012640  -5.306990 -4.832500
3  -8.809170  -3.205110 -5.340320
1  -4.007220  -2.221380 -5.320290
1  -3.510230  -3.476150 -5.841920
1   1.956550  -3.252070 -6.378280
1   2.534170  -3.577790 -5.088590
3   6.501060  -3.177550 -5.872850
3   6.328630  -3.914280 -4.714420
3  -9.461310  -1.973990 -5.269790
3  -9.808220  -1.318060 -6.457930
1  -3.428240  -1.153690 -6.105090
1   2.002300  -1.811900 -6.536750
1   2.597340  -1.246840 -5.347170
3   6.400760  -1.780050 -5.727350
3   6.219420  -1.186470 -4.460130
3  -4.399930  -8.562190 -3.149070
3  -4.967030  -8.139380 -4.326640
3  -3.141820  -9.118490 -3.157560
3  -2.449400  -9.283930 -4.350380
3  -0.490607  -9.674120 -3.076630
3  -1.069540  -9.508140 -4.313320
3   1.661610  -9.454720 -4.185530
3   0.899737  -9.685880 -3.034940
3   2.956160  -9.023500 -4.109410
3   3.477510  -8.781170 -2.844260
3  -6.511970  -6.802780 -3.118730
3  -6.019110  -7.221150 -4.343340
3   5.047560  -7.242480 -3.834140
3   4.557980  -7.907730 -2.715460
3  -7.749360  -5.056950 -4.256850
3  -7.394040  -5.702870 -3.073700
1  -3.384460  -4.364580 -3.541220
1  -2.283040  -5.031950 -2.880500
1  -1.436330  -5.619170 -3.895380
1  -0.044205  -5.658120 -3.715850
1   1.961330  -4.609830 -4.322240
1   1.770690  -4.428410 -2.901050
3   5.689460  -6.031090 -3.688460
3   5.928500  -5.511530 -2.407570
3  -8.500390  -3.881440 -4.191040
3  -8.893730  -3.310030 -2.963550
3  -9.577930  -2.096890 -2.907250
1  -3.871720  -3.147850 -3.026120
1   2.903030  -2.332790 -4.443650
1   2.707920  -2.165490 -3.065020
3   6.367250  -3.335170 -3.427420
3 -10.332500  -0.069060 -3.953410
3  -9.780870  -1.344640 -4.045730
1  -4.187210  -2.060120 -3.934550
1  -3.778460  -0.821432 -3.304530
1   2.240550  -0.910225 -2.525680
3   6.280640  -1.959700 -3.326530
3  -5.065360  -8.313550 -1.979170
3  -4.549840  -8.735590 -0.753560
3  -2.579600  -9.464620 -1.920380
3  -3.321860  -9.380700 -0.747653
3  -1.228150  -9.808470 -1.898480
3  -0.608008 -10.088500 -0.654851
3   1.495330  -9.701570 -1.766630
3   0.771855  -9.991940 -0.615870
3   2.786830  -9.213600 -1.710110
3  -6.648140  -6.947460 -0.724563
3  -6.146390  -7.420470 -1.941360
3   4.961130  -7.482840 -1.436940
3   5.735260  -6.319920 -1.307280
3  -7.802160  -5.179270 -1.833610
3  -7.440710  -5.796020 -0.641439
1  -1.716200  -4.475390 -1.724640
1  -0.284604  -4.503410 -1.540030
1   0.537414  -5.078990 -2.524470
3  -8.609680  -4.009340 -1.806020
3  -9.903430  -2.380150 -0.544937
3  -9.167710  -3.576470 -0.598767
1  -3.263580  -2.570750 -1.842610
1  -2.212900  -3.228840 -1.187550
1   0.105467  -3.273440 -0.889020
1  -1.087240  -2.484490 -0.661892
1   2.135330  -3.227970 -2.280590
1   1.301100  -2.639930 -1.260430
3   6.356090  -3.547540 -1.038860
3   6.278440  -4.157570 -2.308720
3   6.290180  -2.141360 -0.937327
3 -10.534400  -0.277190 -1.596330
3 -10.101900  -1.598780 -1.697890
1  -3.212450  -1.138890 -2.014670
1  -2.125230  -0.406349 -1.512390
1  -1.040240  -1.091020 -0.839536
1   0.197130  -0.442818 -1.210600
1   1.361620  -1.203160 -1.410270
3   6.108320  -1.388100 -2.085980
3  -5.211760  -8.511630  0.465603
3  -2.789580  -9.858710  0.457084
3  -1.412380 -10.160700  0.502518
3   1.386350  -9.952660  0.667363
3   2.690210  -9.447240  0.729121
3   3.322860  -8.988480 -0.415030
3   4.414730  -8.104970 -0.316994
3  -6.262140  -7.562230  0.490387
3   4.817280  -7.610720  0.935063
3   5.653440  -6.514490  1.077650
3  -8.783790  -4.180060  0.614809
3  -7.889310  -5.246970  0.580601
3   6.003620  -5.796360 -0.070130
3   6.347960  -4.429860  0.057322
3   6.312470  -3.823420  1.311200
3   6.122850  -2.423350  1.464790
3 -10.638900  -0.465899  0.781746
3 -10.211800  -1.802380  0.706042
3   5.490160  -0.312497  0.369843
3   6.069820  -1.575120  0.298638
3  -1.627460 -10.460900  2.896440
3  -0.800662 -10.400400  1.750850
3   0.620800 -10.226500  1.813390
3   1.201400 -10.023700  3.039400
3  -5.431670  -8.708680  2.811380
3  -4.769000  -9.069280  1.650810
3  -2.976540 -10.163800  2.869700
3  -3.559380  -9.817810  1.632710
3   2.484400  -9.549170  3.103720
3   3.140730  -9.113580  1.969910
3   4.230660  -8.256150  2.057120
3  -6.437060  -7.706960  2.852770
3  -7.687760  -6.001410  1.737360
3  -6.811870  -7.062700  1.679400
3   4.662830  -7.844470  3.340600
3   5.492480  -6.745110  3.469380
3  -8.215540  -5.554620  2.958950
3  -9.034970  -4.435870  3.004430
3   5.800530  -5.952220  2.369910
3   6.187510  -4.590690  2.455190
3 -10.006600  -2.521040  1.900620
3  -9.213560  -3.681780  1.830810
2  -5.395180  -2.189780  3.278320
2  -3.739070  -3.843240  3.057610
2  -3.260190  -2.638920  2.422880
2  -1.904050  -2.292090  2.516800
2  -0.942390  -3.123200  3.202790
3 -10.499400  -2.041080  3.113700
3 -10.813100  -0.679201  3.209410
2  -4.280690  -1.620040  2.557900
2  -3.926960  -0.280716  2.768950
2  -1.545850  -0.914364  2.736870
2  -0.374645  -0.876837  3.581130
3   5.208000  -0.580576  2.767510
3   5.767380  -1.870010  2.709810
3  -3.057940 -10.180400  5.242650
3  -0.980413 -10.474900  4.128400
3  -1.722620 -10.508600  5.289750
3   0.417231 -10.237400  4.200590
3   1.047370 -10.200300  5.440610
3  -4.861450  -9.101880  4.037640
3  -5.427730  -8.766950  5.279380
3  -3.693210  -9.899080  4.007830
3   3.077830  -9.338160  4.380880
3   2.368220  -9.757890  5.515970
3   4.209290  -8.497240  4.481370
3  -7.902240  -6.228520  4.122150
3  -6.987940  -7.291170  4.074120
3  -6.518670  -7.872160  5.263560
3   5.684710  -6.203840  4.758300
3  -9.189830  -4.673490  5.384190
3  -8.403930  -5.785950  5.327810
2  -5.429420  -4.100370  4.823790
2  -4.480960  -4.907190  5.547300
2  -2.817280  -4.653270  3.743970
2  -3.211130  -5.190420  5.026310
2  -1.409110  -4.297500  3.820230
2  -0.942849  -4.619090  5.153220
3   6.086710  -4.869660  4.879790
3 -10.295000  -2.839740  4.292610
3 -10.645600  -2.268760  5.531100
3  -9.532410  -4.003140  4.221790
2  -5.060280  -3.563250  3.586040
2   0.007763  -2.244710  3.865170
2   0.484689  -2.570500  5.144880
3   6.171300  -4.016020  3.733720
3   5.900990  -2.652910  3.863400
3 -10.913100  -0.117012  4.500020
3 -10.928400  -0.912536  5.663200
2  -6.490390  -1.972220  5.482440
2  -6.106890  -1.407710  4.209500
2  -5.721200  -0.032784  4.437480
3   5.041840  -0.816744  5.154980
3   5.580560  -2.108460  5.099170
3  -3.162920 -10.284300  7.694800
3  -1.082450 -10.600000  6.504700
3  -1.814810 -10.637200  7.710990
3   0.299560 -10.491900  6.584970
3  -4.903240  -9.235940  6.477310
3  -5.527990  -8.918420  7.687870
3  -3.726460  -9.948370  6.466280
3   2.873800  -9.478410  6.783900
3   3.997660  -8.665420  6.865870
3  -7.925470  -6.389860  6.478650
3  -7.052830  -7.484980  6.462640
3  -6.593350  -7.984590  7.698830
3   4.629300  -8.090390  5.743160
3   5.511520  -7.006090  5.880310
3   5.699090  -6.442450  7.176980
3  -8.927120  -4.578850  7.688170
3  -8.156770  -5.730830  7.672090
2  -4.650730  -4.639480  6.954770
2  -2.209350  -4.934990  7.264810
2  -2.054500  -5.193220  5.891590
3   5.952720  -5.066220  7.288980
3   6.035040  -4.292890  6.149200
3 -10.455100  -3.019700  6.681650
3  -9.538730  -4.054400  6.567610
2  -6.168050  -3.304590  5.777640
2  -5.682700  -3.633530  7.101620
2  -0.182953  -3.478170  7.191810
2  -0.008917  -3.775790  5.786980
2   0.183744  -2.087430  7.409270
3   5.701790  -2.913700  6.245650
3   5.338190  -2.369040  7.478880
3 -11.136900  -0.332083  6.968500
2  -6.375440  -0.939906  6.490900
2   0.236910  -0.186835  5.873180
2   0.597155  -1.522570  6.147190
3   4.727130  -1.115660  7.547120
3   4.582330  -0.308050  6.389760
3   0.944651 -10.401300  7.806110
3   2.212910  -9.896050  7.922580
3   4.365560  -8.161840  8.159890
2  -3.528820  -4.635170  7.798110
2  -1.261320  -4.041360  7.898580
3 -10.847100  -2.522670  7.876480
2  -5.536280  -2.627720  8.071900
3 -11.215800  -1.155830  8.149200
2  -5.902500  -1.261360  7.774070
2  -0.558276  -1.281400  8.287350
1   2.121460  -0.024704 -4.842080
3   4.822070  -0.075530  3.992420
1  -0.985693   0.139260 -6.853610
1   0.453123   0.111476 -6.671730
3   5.804020   0.257868 -6.763240
3   4.304570   2.587740 -6.592860
3  -8.265540   4.401180 -7.117940
3  -7.141320   5.241530 -6.981550
3  -4.536530   6.183370 -6.724830
3  -3.152110   6.101740 -6.638360
3 -10.286800   0.699014 -5.123990
3 -10.234800   0.043549 -6.359690
1  -3.048740   0.052694 -5.494860
1  -1.813950   0.707383 -5.871120
1  -1.224060   1.266900 -4.675410
1   0.164724   1.211460 -4.502190
1   1.032290   0.659182 -5.515870
3   5.577480   0.887803 -5.513560
3 -10.040900   2.063030 -4.984560
3  -9.703220   2.762760 -6.165450
3  -8.797530   3.775250 -5.987390
3   3.343790   3.616600 -6.546670
3   2.682410   3.949300 -5.342110
3   4.765090   1.993110 -5.439430
3  -8.460550   4.288700 -4.714680
3  -6.659850   5.522750 -5.719070
3  -7.327960   5.107850 -4.582510
3  -5.323970   5.844770 -5.620480
3  -0.404453   5.596820 -6.506720
3  -1.218140   5.517220 -5.358590
3   1.514290   4.728600 -5.281260
3   0.966056   5.221950 -6.481990
3  -2.555330   5.808870 -5.437730
3 -10.537700   0.521153 -2.741930
3 -10.241200   1.868200 -2.578390
1  -3.228220   0.219801 -4.069440
1  -2.100620   0.972733 -3.562140
1   0.708221   0.872301 -3.216170
1   1.913700   0.119437 -3.416630
3   5.764520   0.133643 -4.344780
3   5.429940   0.671288 -3.123910
3   4.597270   1.766290 -3.060140
3  -9.861380   2.595020 -3.718620
3  -9.116420   3.783720 -3.554100
3   3.147110   3.302700 -4.183080
3   2.418060   3.461400 -3.025740
3   4.265540   2.471070 -4.235680
3  -6.848680   5.276400 -3.305020
3  -5.485380   5.457870 -3.233110
3  -2.756840   5.145240 -3.129290
3  -3.322700   5.597350 -4.306480
3  -0.609179   5.013940 -4.200570
3  -1.429950   4.768210 -3.090980
3   0.719185   4.638200 -4.164530
3   1.177430   4.093300 -3.003040
3  -4.701740   5.736800 -4.370230
1  -1.555640   0.658769 -2.305980
1  -0.123037   0.632783 -2.120560
3   5.586750  -0.113691 -1.993700
3   5.228470   0.401510 -0.771919
3   4.460800   1.567990 -0.663930
3 -10.137200   2.478030 -1.303420
3  -9.449100   3.665520 -1.174630
3   0.994382   3.745430 -0.672105
3   2.908070   2.945490 -1.828680
3   2.258480   3.249980 -0.640435
3   4.024330   2.163710 -1.842470
3  -8.821600   4.260030 -2.262790
3  -7.666590   5.025520 -2.165950
3  -7.116640   5.137270 -0.887064
3  -4.918600   5.306820 -1.970320
3  -5.729930   5.146100 -0.820283
3  -3.564360   5.145640 -1.960210
3  -2.987490   4.884770 -0.742181
3  -0.948881   4.318080 -1.905000
3  -1.650880   4.538830 -0.726845
3   0.377114   3.935950 -1.884190
3 -10.658600   0.340724 -0.349188
3 -10.449100   1.728900 -0.171340
3 -10.348400   2.301930  1.096540
3  -9.113210   4.139680  0.109339
3  -9.668320   3.507460  1.244970
3   0.311247   4.045910  0.504341
3   2.797230   2.833580  0.547306
3   3.905500   1.998450  0.524298
3  -7.922500   4.848560  0.252586
3  -7.279300   4.841860  1.522900
3  -5.106200   5.014860  0.427086
3  -5.883880   4.936740  1.591680
3  -3.732710   4.945490  0.408764
3  -1.015540   4.427070  0.476641
3 -10.767300   0.130170  2.083920
3 -10.622600   1.529080  2.225900
3   3.804330   1.851940  2.940360
3   5.021940   0.181687  1.621430
3   4.291340   1.386240  1.709320
3 -10.464300   2.051550  3.533090
3  -9.193780   3.842510  2.568410
3  -9.737270   3.234980  3.694120
3   0.990147   3.896490  1.708150
3   2.775660   2.814890  2.942010
3   2.231150   3.250310  1.733850
3  -7.954400   4.498940  2.689070
3  -5.199880   4.849340  2.811500
3  -3.839680   4.791090  2.842250
3  -3.089230   4.744640  1.656170
3  -1.726310   4.587810  1.658170
3  -1.018360   4.487210  2.872280
3   0.319472   4.127750  2.895110
3 -10.748200   1.232250  4.659510
2  -4.663850   0.536212  3.710420
2  -3.716640   1.393180  4.383340
2  -2.403470   1.103920  3.863560
2  -1.273200   1.147420  4.683340
2  -0.258080   0.129062  4.554590
3   3.559690   1.541950  5.282610
3   4.118720   1.114970  4.043840
3  -9.187750   3.476540  4.998610
3   0.909992   3.869190  4.134000
3   2.108080   3.138950  4.131840
3   2.635080   2.602570  5.312650
3  -7.306270   4.582120  3.945510
3  -8.017060   4.212870  5.098670
3  -5.948760   4.778040  3.986790
3  -5.259920   4.790700  5.203430
3  -3.113960   4.721680  4.071280
3  -3.858100   4.693350  5.224700
3  -1.716910   4.701120  4.065660
3  -1.027310   4.589450  5.283410
3   0.302771   4.158290  5.344780
3 -10.971200   1.043330  7.109730
3 -10.533600   1.752740  5.956800
2  -5.883450   0.255245  5.845060
2  -4.972550   1.095360  6.499980
2  -3.869850   1.632130  5.751530
2  -2.715780   1.666400  6.604210
2  -1.432610   1.451710  6.084020
2  -0.477902   0.654223  6.821620
3   3.862750   0.870316  6.470930
3   3.348420   1.317080  7.681410
3  -9.751860   2.877980  6.121720
3  -9.316610   3.250200  7.408170
3  -8.069610   3.973280  7.474040
3   0.892294   3.772290  6.532420
3   2.043930   2.966700  6.503480
3  -7.374150   4.364140  6.325320
3  -5.986980   4.566080  6.365270
3  -5.293920   4.575090  7.565610
3  -3.195250   4.638230  6.433190
3  -3.914320   4.632880  7.611620
3  -1.799260   4.653910  6.479030
3  -1.129400   4.423010  7.706050
2  -4.504580   0.796840  7.836180
2  -3.098590   1.180510  7.904760
2  -0.860947   0.112553  8.056260
3   2.471090   2.398980  7.685340
3   0.203639   3.963490  7.756540
2  -2.530700   0.070957  2.870100