290

3 -3.389740 -7.267950 88.5081
3 -2.074880 -7.746250 88.5079
3  0.699247 -7.987370 88.5075
3  2.077310 -7.742570 88.5066
3  4.613350 -6.558700 88.5038
3 -5.670180 -5.671720 88.5083
3 -6.569580 -4.599930 88.5084
3  5.713040 -5.681340 88.4995
1  2.181710 -3.030600 88.6186
1  4.777720 -2.152930 88.6376
3  7.487870 -3.454380 88.5078
3  8.062490 -2.146230 88.5119
3 -7.746070 -2.076770 88.5082
3 -7.988860 -0.698827 88.5077
1  0.118971 -1.729470 88.4313
1  0.577989 -0.849853 89.4739
3 -4.009410 -6.945380 89.7209
3 -3.390560 -7.266770 90.9344
3 -1.393120 -7.897300 89.7205
3 -2.075460 -7.746010 90.9331
3  0.000909 -8.018900 89.7200
3  0.698993 -7.988470 90.9324
3  2.744900 -7.531590 89.7184
3  2.077340 -7.744650 90.9311
3  4.013480 -6.936840 89.7145
3  4.600590 -6.562580 90.9290
3 -5.155590 -6.142340 89.7219
3 -5.669270 -5.667420 90.9351
3 -6.566810 -4.593070 90.9367
3  6.161800 -5.144640 89.7138
3  5.672180 -5.659990 90.9246
3 -7.533530 -2.741210 89.7215
3 -6.943500 -4.009820 89.7213
1  2.622740 -2.172740 89.6607
3  7.008150 -4.022120 89.7097
3  7.269210 -3.379140 90.9274
3 -7.736680 -2.071920 90.9340
3 -7.980680 -0.695755 90.9335
3 -8.015500 -0.000584 89.7198
1  1.816130 -1.055550 90.0756
1  4.031410 -0.340146 90.1824
1  4.000610 -1.749470 89.7257
3  8.042460 -1.405130 89.7163
3  7.759420 -2.067790 90.9245
3  8.194030 -0.000325 89.7187
3 -4.010580 -6.940960 92.1475
3 -3.391550 -7.262560 93.3610
3 -1.393640 -7.896860 92.1459
3 -2.076480 -7.743930 93.3585
3  0.000555 -8.019160 92.1450
3  0.698325 -7.988680 93.3575
3  2.743070 -7.535320 92.1442
3  2.076440 -7.745840 93.3570
3  4.011380 -6.942750 92.1423
3  4.599520 -6.569420 93.3564
3 -5.155790 -6.134340 92.1511
3 -5.677660 -5.655730 93.3624
3 -6.607220 -4.603420 93.3661
3  6.140780 -5.150520 92.1418
3  5.671250 -5.669250 93.3553
3 -7.542870 -2.732410 92.1530
3 -7.854420 -2.085210 93.3622
3 -6.943440 -3.997970 92.1488
2 -3.148270 -2.383640 93.6112
3  6.941380 -4.002220 92.1401
3  7.265740 -3.389120 93.3562
3 -8.151380 -0.705657 93.3597
3 -8.039420 -0.001723 92.1488
2 -4.879990 -0.620937 93.5518
2 -2.252920 -1.384240 93.0744
2 -2.664370 -0.072863 92.7592
2 -0.973148 -1.580790 93.7037
3  7.886930 -1.390240 92.1434
3  7.742740 -2.073850 93.3564
3 -4.015640 -6.933910 94.5726
3 -3.391870 -7.259090 95.7834
3 -1.393750 -7.895440 94.5706
3 -2.077000 -7.741730 95.7827
3  0.000197 -8.018510 94.5701
3  0.698118 -7.988250 95.7825
3  2.742210 -7.536060 94.5698
3  2.076030 -7.745800 95.7824
3  4.010410 -6.944880 94.5695
3  4.599230 -6.569880 95.7824
3 -5.170270 -6.135300 94.5762
3 -5.744350 -5.696700 95.7820
3 -6.736520 -4.680320 95.7826
3  6.142900 -5.155990 94.5693
3  5.671180 -5.670690 95.7824
3 -7.783060 -2.810800 94.5679
3 -7.114450 -4.068880 94.5678
3 -8.162340 -2.156910 95.7757
2 -4.904460 -2.284620 95.2110
2 -2.991120 -3.537100 95.8816
2 -1.085670 -2.648890 94.6635
2 -2.437950 -3.140020 94.6440
2 -0.382246 -2.598560 95.8739
3  6.945450 -4.009720 94.5694
3  7.268150 -3.390550 95.7825
3 -8.454880 -0.733904 95.7765
2 -5.532500 -1.145940 95.6965
2 -5.547610 -0.158720 94.7171
2 -4.466120 -1.999320 93.8702
2  0.572003 -0.429840 95.2210
2 -0.152197 -0.485161 93.9790
3  7.897290 -1.393570 94.5699
3  7.746850 -2.075690 95.7826
3 -4.019040 -6.933840 96.9933
3 -1.393690 -7.894880 96.9946
3  0.000144 -8.018190 96.9948
3  2.742150 -7.535980 96.9950
3  4.010300 -6.944880 96.9952
3 -5.181580 -6.143710 96.9907
3  6.142930 -5.155920 96.9953
3 -7.861920 -2.835280 96.9939
3 -7.151100 -4.078810 96.9941
2 -4.415860 -2.827450 97.5893
2 -4.306960 -3.086460 96.1686
2 -2.266800 -3.516400 97.1373
2 -0.968143 -3.017660 97.1218
3  6.945590 -4.009810 96.9955
2 -5.129120 -1.728530 98.0407
2 -5.610130 -0.899198 97.0280
2  0.361015 -1.163890 97.5564
2  0.457716 -1.463810 96.1514
3  7.897790 -1.393660 96.9954
3 -3.391970 -7.260310 98.2039
3 -2.076940 -7.742460 98.2063
3  0.698204 -7.988400 98.2073
3  2.076220 -7.745770 98.2076
3  4.599380 -6.569620 98.2080
3 -5.705310 -5.669940 98.2029
3 -6.666680 -4.636510 98.2005
3  5.671290 -5.669950 98.2088
3 -8.042580 -2.129190 98.2133
2 -3.152050 -3.069210 98.1982
2 -2.751650 -2.173800 99.2168
2 -0.537985 -2.112930 98.1568
3  7.267060 -3.390020 98.2087
3 -8.325010 -0.725956 98.2133
2 -4.835550 -0.887139 99.1819
2 -1.397900 -1.689320 99.1767
3  7.744960 -2.074950 98.2084
3 -7.746180  2.075700 88.5078
1  0.154546  0.485119 89.1505
1  0.978059  1.577900 89.4220
1  4.470180  1.999620 89.2682
1  5.542230  0.156613 88.4207
3  8.348580  0.730684 88.5138
3 -7.267880  3.390580 88.5079
1  2.441690  3.141550 88.4900
1  1.088790  2.650100 88.4681
3  8.053230  2.134960 88.5141
3 -5.671060  5.670830 88.5083
3  5.703950  5.667910 88.5031
3  6.673700  4.642590 88.5010
3 -4.599150  6.570030 88.5081
3 -2.076080  7.745910 88.5079
3 -0.698137  7.988450 88.5077
3  2.076840  7.742580 88.5068
3  3.391960  7.260920 88.5045
3 -7.893460  1.392650 89.7200
3 -7.736880  2.069630 90.9346
1  2.256320  1.379110 90.0501
1  2.663760  0.069684 90.3757
1  4.878510  0.619444 89.5871
3  7.755010  2.071130 90.9284
3  8.016210  0.696104 90.9276
3 -7.261280  3.384760 90.9339
3 -6.944000  4.008460 89.7213
1  3.150600  2.381050 89.5199
3  6.993800  4.013480 89.7149
3  7.632880  2.759320 89.7123
3 -6.142350  5.155350 89.7212
3 -5.670570  5.665880 90.9364
3  5.159580  6.131840 89.7119
3  5.669010  5.660920 90.9281
3  6.572250  4.589990 90.9247
3 -4.010620  6.944550 89.7213
3 -4.599650  6.567700 90.9345
3 -2.742360  7.536030 89.7206
3 -2.076660  7.745620 90.9335
3 -0.000235  8.018880 89.7201
3 -0.698463  7.988770 90.9327
3  1.393840  7.896110 89.7193
3  2.075950  7.745180 90.9319
3  4.011880  6.936800 89.7169
3  3.391030  7.264900 90.9298
3 -7.905840  1.390110 92.1483
2 -4.031350  0.336157 92.9587
2 -4.001670  1.739270 93.4246
2 -1.818290  1.052600 93.0641
2 -0.575490  0.850978 93.6566
3  8.011540  0.001738 92.1441
3  7.742450  2.075650 93.3571
3  7.984860  0.698037 93.3576
3 -7.870930  2.092640 93.3623
3 -7.342420  3.398760 93.3609
3 -6.950270  3.999800 92.1525
2 -2.626030  2.164180 93.4887
3  6.939800  4.005230 92.1426
3  7.529040  2.736140 92.1416
3 -6.141350  5.143520 92.1490
3 -5.682900  5.662910 93.3657
3  5.155550  6.139600 92.1414
3  5.669950  5.671080 93.3563
3  6.568730  4.598330 93.3558
3 -4.011670  6.940330 92.1490
3 -4.603140  6.558260 93.3615
3 -2.743500  7.534140 92.1464
3 -2.077240  7.743790 93.3591
3 -0.000701  8.019180 92.1453
3 -0.699029  7.988030 93.3579
3  1.393410  7.897240 92.1446
3  2.075050  7.746290 93.3574
3  4.009780  6.944170 92.1436
3  3.390030  7.267700 93.3567
3 -8.401990  0.008711 94.5596
3 -8.267230  1.439510 94.5571
2 -5.503240  1.126960 95.1565
2  0.590435  0.938188 95.6687
2 -0.122158  1.730690 94.7028
3  8.019150  0.000436 94.5703
3  7.746530  2.076660 95.7826
3  7.989530  0.698559 95.7828
3 -8.185200  2.176950 95.7762
3 -7.568030  3.484840 95.7780
3 -7.098250  4.067290 94.5735
2 -4.785070  2.146550 94.5055
2 -3.056530  3.530160 95.5569
2 -4.348150  3.042280 95.5586
2 -2.183730  3.032250 94.5197
2 -0.908386  2.797610 95.1407
3  6.944750  4.011110 94.5696
3  7.535880  2.742840 94.5699
3 -6.217890  5.177420 94.5718
3 -5.732560  5.698470 95.7842
3  5.155370  6.143280 94.5695
3  5.670170  5.671730 95.7824
3  6.569700  4.600080 95.7825
3 -4.014190  6.935560 94.5742
3 -4.619280  6.562120 95.7834
3 -2.745140  7.530100 94.5714
3 -2.076930  7.741960 95.7828
3 -0.000908  8.018550 94.5702
3 -0.699088  7.987010 95.7825
3  1.392970  7.897190 94.5699
3  2.074810  7.746160 95.7824
3  4.009120  6.945700 94.5698
3  3.389620  7.267970 95.7824
3 -8.492780  0.007176 96.9984
3 -8.352530  1.452020 96.9994
2 -5.635050  0.407610 97.4727
2 -5.506610  1.366870 96.5337
2  0.379693  0.162913 97.9909
2  0.495414  1.231170 97.0319
3  8.019700  0.000362 96.9952
3 -7.174920  4.109770 96.9927
2 -4.821390  2.539520 96.8088
2 -2.354970  3.531100 96.8353
2 -1.010510  3.099890 96.5489
2 -0.319728  2.327150 97.4862
3  6.944890  4.011020 96.9954
3  7.536200  2.742840 96.9952
3 -6.253450  5.198560 96.9929
3  5.155360  6.143280 96.9953
3 -4.014260  6.933520 96.9923
3 -2.745430  7.528970 96.9941
3 -0.000893  8.018280 96.9948
3  1.392950  7.897020 96.9949
3  4.009130  6.945630 96.9951
2 -5.180020  0.484793 98.8046
2 -4.431910  1.636040 99.0957
2 -0.925453  1.937270 98.7326
2 -0.507066  0.596057 99.0372
3  7.744370  2.075970 98.2078
3  7.986880  0.698068 98.2079
3 -7.993900  2.125040 98.2049
3 -7.430620  3.429330 98.2049
2 -4.290170  2.693620 98.0818
2 -2.931050  3.158020 98.0829
2 -2.218970  2.347020 99.0413
3 -5.699270  5.671030 98.1981
3  5.670140  5.671320 98.2083
3  6.569210  4.598990 98.2088
3 -4.607820  6.555700 98.2031
3 -2.077180  7.742780 98.2060
3 -0.699101  7.987460 98.2070
3  2.075000  7.746150 98.2075
3  3.389950  7.267690 98.2080