258

3  0.254636 -8.543420 84.9488
3  1.730180 -8.420680 84.9188
3 -3.713590 -7.488000 84.8679
3 -2.367930 -8.115330 84.9064
3  3.887330 -6.910240 84.9132
3 -6.082220 -4.232440 84.9547
3 -5.496270 -5.537600 84.9300
2 -0.227605 -4.142860 84.2019
3  4.936010 -5.883310 84.9535
2 -2.411790 -3.584530 85.1617
2 -3.218140 -2.385410 85.2188
2  2.493640 -3.388600 84.7918
2  3.240620 -2.249750 85.1841
3  6.470260 -3.830850 85.0531
3  6.680310 -2.376480 85.0211
3 -6.655220 -0.234498 85.0024
3 -6.685450 -1.678780 85.0253
2 -3.292260 -1.453280 84.1947
2 -3.398520  0.002471 84.4675
3 -0.364327 -8.444980 86.5006
3 -1.811030 -8.209630 86.5148
3 -4.161320 -7.135820 86.4626
3  2.331340 -8.130420 86.5090
3  3.509230 -7.303170 86.4638
3 -5.224370 -6.129230 86.4654
2 -0.528727 -4.314850 86.6348
2  0.310462 -4.502280 85.4514
3  5.332530 -5.440600 86.5662
3  6.164520 -4.291970 86.6046
3 -6.355020 -3.732810 86.5826
3 -6.492070 -2.309300 86.6025
2 -2.401350 -2.799080 87.3651
2 -1.851370 -3.829650 86.4709
2  1.691640 -4.121070 85.7729
2  1.722190 -3.652470 87.1567
2 -3.276950 -1.942820 86.5789
2 -3.315790 -0.566034 86.8586
2  3.183550 -0.335991 86.7634
2  3.199840 -1.753650 86.4794
3  6.899380 -1.734330 86.5646
3  6.745920 -0.243212 86.5806
3  0.274323 -8.440570 88.0899
3  1.698870 -8.212050 88.0620
3 -2.323590 -8.088980 88.1093
3 -3.680640 -7.479670 88.0838
3  3.938790 -6.956420 88.0626
3 -5.516270 -5.661360 88.0625
3 -6.206920 -4.349780 88.0821
3  4.900350 -5.820340 88.1255
2 -1.552430 -2.369460 88.4303
2 -0.177616 -2.754430 88.4806
2  0.368016 -3.733690 87.6943
2  2.446470 -2.459010 87.4884
3  6.454450 -3.743860 88.1378
3  6.773060 -2.315420 88.1448
3 -6.694500 -1.734340 88.1286
3 -6.691700 -0.248908 88.1780
2 -2.494630 -0.044665 87.8619
2 -1.611710 -0.912353 88.6634
2 -0.254446 -0.459620 88.8965
2  0.605767 -1.641980 88.8140
2  1.960020 -1.498250 88.4332
2  2.422590 -0.153000 87.9667
3 -0.326693 -8.324130 89.6767
3 -1.815550 -8.211680 89.6825
3  0.230747 -8.414770 91.2657
3 -4.108260 -7.060330 89.6783
3 -5.014550 -6.005880 89.6411
3 -3.694890 -7.460120 91.2661
3 -2.388750 -8.078840 91.2951
3  1.683720 -8.293150 91.2894
3  2.241500 -8.090720 89.6818
3  3.552690 -7.283010 89.7299
3  3.976600 -6.895050 91.2894
3 -6.109920 -4.312790 91.2793
3 -5.406270 -5.584060 91.2585
3  6.110780 -4.260130 89.6839
3  5.288880 -5.435860 89.6619
3  5.076290 -5.914480 91.2782
3 -6.320790 -3.768770 89.6965
3 -6.696570 -2.363730 89.6790
3  6.717260 -2.321050 91.3070
3  6.336030 -3.751420 91.2905
3 -6.608830 -0.307967 91.2556
3 -6.695810 -1.745680 91.2335
3  6.841330 -1.724680 89.7484
3  6.863240 -0.248811 89.7786
3 -0.405051 -8.339330 92.8576
3 -4.127860 -7.119070 92.8767
3 -1.902900 -8.289820 92.8795
3  2.290220 -8.118550 92.8703
3  3.521520 -7.226990 92.8459
3 -5.056800 -6.064180 92.8230
3  5.372580 -5.455270 92.8922
3  6.218800 -4.246030 92.8361
3 -6.376540 -3.776570 92.8606
3 -6.593450 -2.330060 92.8621
3  6.855500 -1.743030 92.8681
3  6.981550 -0.263056 92.8863
3  0.219277 -8.442950 94.4293
3 -3.657110 -7.411010 94.4596
3 -2.443390 -8.150630 94.4530
3  1.752470 -8.219030 94.4356
3  3.980340 -6.885790 94.4170
3 -5.552040 -5.710450 94.4450
3 -6.190990 -4.355740 94.4255
3  5.024780 -5.903130 94.4912
3  6.334160 -3.670680 94.4411
3  6.795040 -2.285470 94.4409
3 -6.826280 -1.780470 94.4453
3 -6.838910 -0.342901 94.4476
3 -0.365817 -8.433010 96.0161
3 -1.837140 -8.228300 96.0130
3 -4.101750 -7.083700 96.0348
3  2.321210 -8.052470 96.0186
3  3.533390 -7.175830 96.0415
3 -5.124640 -6.055160 95.9880
3  5.437890 -5.467550 96.0877
3  6.187420 -4.190330 96.0527
3 -6.326600 -3.738640 96.0242
3 -6.603200 -2.355260 96.0384
3  6.909050 -1.672220 96.0210
3  6.972240 -0.231124 96.0338
3  0.286259 -8.455750 97.5930
3 -3.695720 -7.463640 97.5840
3 -2.392630 -8.161950 97.6251
3  1.710850 -8.228510 97.5891
3  4.020750 -6.908180 97.6053
3 -6.100200 -4.260770 97.5947
3 -5.406840 -5.525460 97.5852
3  5.152600 -5.971630 97.5737
3  6.399560 -3.659930 97.5749
3  6.752360 -2.271530 97.6122
3 -6.682120 -1.813200 97.5776
3 -6.792570 -0.371521 97.5663
2  1.791260  2.067450 84.5050
2  3.157360  0.084541 84.3854
3  6.739250  0.328982 84.9750
3  6.639140  1.802640 84.9342
3 -6.481820  2.431220 84.9627
3 -6.098010  3.813920 84.9597
2 -1.766110  2.272740 85.1529
2  0.470134  2.460230 84.3169
3  5.221320  5.606850 85.0820
3  5.895750  4.279520 84.9995
3 -4.904410  6.059710 84.8838
3 -3.944910  7.138660 84.9657
3  3.488200  7.607180 85.0968
3 -1.633330  8.474110 84.9711
3 -0.225801  8.779910 85.0332
3  2.405450  8.539590 85.0736
3 -6.782670  0.347419 86.5835
3 -6.541050  1.791180 86.5445
2 -3.368930  0.423525 85.8126
2 -2.540090  1.584510 86.1335
2  1.488250  1.948840 86.9138
2  2.359870  1.801020 85.8456
2  3.152680  0.567141 85.7233
2 -0.385212  2.726020 85.4677
2  0.101464  2.295400 86.7443
3  6.212060  3.786510 86.5792
3  6.569650  2.412160 86.5463
3 -6.040200  4.374710 86.5572
3 -5.269490  5.672650 86.5181
3  4.877430  6.063260 86.5760
3 -3.457720  7.524970 86.5792
3  3.945330  7.232040 86.6413
3 -2.155580  8.208410 86.5720
3  0.372060  8.856630 86.6494
3  1.827820  8.699080 86.6718
2 -1.995520  1.232310 87.4671
2 -0.684388  1.583220 87.6653
2  1.484510  0.914807 87.9904
2  0.159941  0.778662 88.4574
3  6.760400  0.326377 88.1849
3  6.721300  1.785510 88.1427
3 -6.435880  2.360000 88.1451
3 -6.055780  3.813650 88.1605
3 -4.855970  6.094450 88.1179
3  5.262080  5.579680 88.1503
3  6.029840  4.342000 88.1625
3 -3.971920  7.278740 88.1319
3  3.541550  7.563670 88.2698
3 -1.585280  8.463780 88.1582
3 -0.203671  8.713150 88.2255
3  2.347480  8.459140 88.2718
3 -6.479360  1.742580 89.7049
3 -6.598010  0.312557 89.6578
3  6.811390  1.821460 91.3271
3  6.896200  0.344684 91.3675
3 -6.382370  2.269020 91.3185
3 -6.031710  3.736040 91.2636
3  6.414370  3.837900 89.7177
3  6.670590  2.379250 89.7398
3 -5.930530  4.307990 89.7029
3 -5.255570  5.627440 89.7053
3 -4.908960  6.140440 91.2977
3  4.937050  6.056430 89.7620
3  5.407120  5.701090 91.3115
3  6.198740  4.437290 91.3103
3 -3.904210  7.228920 91.3548
3 -3.504740  7.608380 89.7496
3  3.914180  7.114100 89.7413
3  3.509920  7.557990 91.3044
3 -2.225110  8.408400 89.7337
3 -0.287108  8.905540 91.3929
3 -1.722270  8.585950 91.3598
3  1.734490  8.637360 89.8500
3  0.338040  8.851870 89.7996
3  2.269940  8.343750 91.3243
3 -6.581390  0.224990 92.8718
3 -6.418800  1.677820 92.8981
3  6.716030  2.433540 92.8474
3  6.408380  3.847310 92.8814
3 -5.888250  4.279860 92.8621
3 -5.354740  5.643230 92.8809
3  5.068590  6.243490 92.8072
3 -3.495610  7.550350 92.9666
3  4.078850  7.243690 92.8792
3 -2.272210  8.443640 92.9496
3  0.372652  8.848730 92.9625
3  1.764000  8.478700 92.9086
3  6.757510  1.789230 94.4080
3  6.900040  0.343065 94.4121
3 -6.425590  2.300430 94.4203
3 -6.050280  3.711930 94.4282
3 -4.899550  6.073670 94.4520
3  5.391070  5.696750 94.4088
3  6.036960  4.419940 94.4159
3 -4.010060  7.238440 94.4817
3  3.547820  7.487450 94.4669
3 -1.674040  8.536230 94.4991
3 -0.220359  8.828170 94.5080
3  2.319250  8.266100 94.4339
3 -6.686030  0.217897 96.0481
3 -6.551650  1.695240 95.9935
3  6.617630  2.354070 96.0126
3  6.268800  3.786110 95.9723
3 -5.886130  4.240370 95.9942
3 -5.203200  5.499370 96.0274
3  5.058420  6.099230 96.0426
3 -3.487790  7.524190 96.0551
3  4.049800  7.125650 96.0553
3 -2.260940  8.357370 96.1018
3  0.339937  8.802020 96.0419
3  1.839050  8.568530 95.9937
3  6.813260  1.801890 97.5173
3  6.847170  0.386767 97.5728
3 -6.421790  2.301440 97.6078
3 -6.085890  3.710880 97.5889
3  5.361920  5.606560 97.5641
3  6.018180  4.274360 97.5736
3 -4.903900  6.030190 97.6234
3 -3.975340  7.123390 97.6441
3  3.590680  7.522660 97.5945
3 -1.683760  8.505180 97.6524
3 -0.237369  8.751290 97.6416
3  2.345410  8.267320 97.6074