301

3 -2.711530 -6.571620 68.4959
3 -1.508860 -7.414530 68.5623
3  1.065810 -7.980240 68.4198
3  2.536560 -7.878150 68.4081
3  4.993700 -6.886980 68.3988
3 -4.760870 -4.888470 68.3835
3  5.961640 -5.822300 68.3777
3 -5.805430 -3.869560 68.3857
1 -1.517070 -2.587110 68.8827
1 -0.761964 -3.717230 69.3455
1  0.448020 -3.760330 68.6417
1  1.647590 -4.244980 69.2929
1  2.862430 -3.473510 69.0904
1  2.967740 -2.414370 68.1356
3  7.223290 -4.110000 69.8149
3  7.356570 -3.491850 68.3924
3  7.723930 -2.139520 68.3506
3 -7.773090 -0.290275 68.4285
3 -7.229260 -1.605940 68.4436
1 -2.245300 -1.854960 69.8507
1 -2.241410 -0.441644 69.7152
1 -0.648181 -1.809880 67.9272
1  2.939600 -0.057232 68.1245
1  3.716390 -1.155200 68.5595
3  7.561450 -0.146686 69.8388
3 -1.527460 -7.214640 71.3577
3 -2.796260 -6.579140 71.3852
3 -0.928659 -7.511580 69.9019
3  0.530806 -7.764510 69.9373
3  1.121310 -7.814820 71.3330
3  2.581150 -7.723770 71.3197
3  3.156270 -7.650060 69.8173
3  4.520100 -7.223570 69.8250
3  4.928760 -6.719500 71.2602
3 -3.213390 -6.228810 69.9375
3 -4.767430 -4.864830 71.3752
3 -4.323710 -5.266530 69.9017
1  0.423751 -4.500140 71.3863
1  1.629390 -4.653280 70.6901
3  6.375050 -5.274450 69.8254
3  6.045780 -5.798340 71.2651
3 -6.229070 -3.391030 69.9297
3 -5.763680 -3.855660 71.4247
3 -6.993180 -2.134270 69.9988
1 -2.272120 -2.239810 71.2307
1 -1.529460 -3.298410 71.6540
1 -0.744156 -4.008150 70.6952
1  2.806890 -4.072950 71.3314
1  3.602770 -3.366740 70.3368
1  4.309740 -2.216760 70.6549
3  7.375680 -3.532380 71.2691
3  7.701850 -2.107980 71.2206
3 -7.846420 -0.332860 71.4351
3 -7.281430 -1.667650 71.4792
1  4.400450 -1.099440 69.8043
3  7.813070 -1.564600 69.8097
3 -0.927788 -7.524670 72.8848
3  0.487167 -7.743630 72.8481
3  3.173580 -7.607500 72.7863
3  4.517550 -7.079250 72.7096
3 -3.352240 -6.347310 72.8248
3 -4.367930 -5.324360 72.8288
3  6.475720 -5.342730 72.7266
3 -6.124910 -3.356470 72.9052
3 -6.908560 -2.175160 72.9373
1  0.387213 -4.038300 72.7430
1 -0.873349 -3.285270 72.9190
1  1.528830 -3.568710 73.3583
1  2.828390 -3.661670 72.7235
1  3.497060 -2.418930 73.0119
3  7.155570 -4.074870 72.7009
1 -2.386090 -1.002950 71.9809
1 -1.608810 -0.919677 73.1524
1 -0.876322 -2.071460 73.6823
1  2.720870 -0.233916 73.8330
1  2.748560 -1.640110 73.9273
1  4.364850 -0.333117 72.0216
1  4.365170 -1.793620 72.0676
3  7.768750 -1.500180 72.6749
3  7.502330 -0.102080 72.6594
3 -1.463010 -7.225580 74.3253
3 -2.730810 -6.551330 74.2519
3 -0.881075 -7.422870 75.7006
3  0.542592 -7.764430 75.6840
3  1.135440 -7.669830 74.2325
3  2.579140 -7.671020 74.2162
3  3.246210 -7.585170 75.6632
3  4.507300 -7.015670 75.6963
3  5.052960 -6.772460 74.1550
3 -3.336570 -6.323710 75.7190
3 -4.792960 -4.902320 74.3124
3 -4.431850 -5.418890 75.7344
3  6.092030 -5.776670 74.1768
3  6.508110 -5.339550 75.6356
3 -5.758060 -3.804380 74.3392
3 -6.263510 -3.441480 75.7488
3 -7.020620 -2.179620 75.7739
1  1.472200 -2.363490 74.1467
3  7.298150 -4.111120 75.6038
3  7.460140 -3.549810 74.1377
3  7.788560 -2.140860 74.1081
3 -7.825520 -0.336615 74.2987
3 -7.265750 -1.666590 74.3259
1  0.288332 -1.587360 74.2772
1  0.318332 -0.109736 74.3097
3  7.494390 -0.106391 75.6364
3  7.808250 -1.499730 75.6358
3 -1.434980 -7.244430 77.1734
3 -2.775590 -6.651840 77.2011
3  1.156300 -7.696200 77.2038
3  2.592220 -7.658670 77.2104
3  5.093460 -6.778090 77.1726
3 -4.822300 -4.945060 77.1869
3  6.172190 -5.843040 77.1275
3 -5.846250 -3.908190 77.1733
2  1.749500 -2.947120 78.0836
3  7.378290 -3.503620 77.0958
3  7.696520 -2.110050 77.0276
3 -7.789720 -0.301425 77.2515
3 -7.267730 -1.631200 77.2545
2 -0.140489 -0.692275 78.0607
2  1.232350 -0.508196 77.7899
2  2.156230 -1.621370 77.8618
3 -1.463220 -7.211760 80.0998
3 -2.764520 -6.559150 80.1318
3 -0.845901 -7.346420 78.5902
3  0.549159 -7.685470 78.5907
3  1.139030 -7.742920 80.0690
3  2.583420 -7.876880 80.1109
3  3.191490 -7.531200 78.6860
3  4.531800 -6.989270 78.7260
3  5.055780 -6.757880 80.0804
3 -3.207950 -6.235880 78.6441
3 -4.306880 -5.291890 78.6115
3 -4.877170 -4.947430 80.0117
2  1.502110 -4.410280 79.9341
3  6.596610 -5.333170 78.5169
3  6.159140 -5.844060 80.0492
3 -6.309420 -3.419690 78.6030
3 -5.807310 -3.891170 79.9679
3 -7.040460 -2.229310 78.6670
2  0.311593 -3.135250 78.4796
2  0.198560 -4.018940 79.5772
2  2.489250 -3.743640 79.0616
2  3.733150 -3.260090 79.6552
3  7.325300 -4.081510 78.5259
3  7.422620 -3.517050 80.0080
3 -7.828890 -0.335292 80.0572
3 -7.275130 -1.650580 80.0635
2 -1.689050 -1.935330 79.3371
2 -1.841580 -0.530194 79.5846
2 -0.551344 -2.026050 78.3387
2  3.353840 -1.130140 78.4162
2  4.095590 -1.884250 79.3139
3  7.760100 -2.115260 79.9887
3  7.733360 -1.484540 78.4717
3  7.571350 -0.048128 78.4591
2 -1.737280 -2.839340 80.4712
2 -0.752683 -3.870890 80.5833
2  4.045880 -3.471280 81.0623
2 -2.107600 -0.063768 80.8743
2  4.786630 -1.292850 80.4463
1 -1.469960  0.253223 68.7900
1 -0.772101  1.539560 69.0844
1  0.503727  1.498260 68.3257
1  3.003350  1.161020 68.8570
1  1.720310  1.885060 68.9854
3  6.807030  1.849360 68.3546
3  7.353570  0.510146 68.3858
3 -8.047030  2.340810 68.4797
3 -7.602760  3.712480 68.4487
3  5.363570  4.038140 68.4335
3 -6.376510  6.061120 68.5095
3  4.427290  5.125990 68.4048
3 -5.289640  6.980450 68.4430
3 -2.888340  8.043560 68.4113
3 -1.459070  8.226370 68.3377
3  2.312440  6.780940 68.3859
3  1.081690  7.531520 68.3999
3 -7.881110  0.286597 69.9083
3 -8.040810  1.714910 69.9599
1 -1.597530  1.261220 71.4068
1 -2.340200  0.096005 71.0418
1 -0.780180  1.906390 70.4355
1  2.913630  2.039780 71.1052
1  3.747240  1.255900 70.1508
1  4.370560  0.095835 70.6429
3  7.021600  1.857000 71.2708
3  7.493170  0.511052 71.2932
3 -8.036550  2.295520 71.4476
3 -7.610880  3.706360 71.4308
3 -7.438000  4.284150 69.9007
1  0.445857  2.380850 71.0560
1  1.626270  2.324310 70.3898
3  5.809450  3.570470 69.7912
3  5.372630  4.082050 71.1610
3  6.558020  2.331600 69.7858
3 -6.698200  5.529620 69.8817
3 -6.358420  6.056360 71.4158
3  3.890250  5.516730 69.8338
3  4.412110  5.097790 71.2139
3 -5.266030  6.978870 71.4159
3 -4.745880  7.323300 69.9420
3 -3.397580  7.860120 69.9143
3 -2.814760  8.022800 71.4127
3 -1.359850  8.295760 71.3677
3 -0.832864  8.222230 69.9233
3  0.614426  7.946070 69.8453
3  2.303090  6.697590 71.3153
3  1.190430  7.662090 71.3380
3  2.749340  6.363770 69.8388
3 -7.956730  0.214607 72.8623
3 -8.007790  1.668660 72.8349
1 -0.854147  1.332210 72.6581
1  0.416618  1.978100 72.4239
1 -0.970458  0.284896 73.6542
1  1.572050  1.690660 73.1524
1  2.857190  1.625590 72.4624
1  3.530820  0.455281 72.8595
3  5.718740  3.560070 72.6931
3  6.589400  2.461770 72.7010
3 -7.404480  4.309840 72.7866
3 -6.668700  5.534730 72.7775
3  2.824180  6.383760 72.7130
3  3.946470  5.494470 72.7014
3 -4.711290  7.239160 72.9094
3 -3.362670  7.767490 72.8501
3 -0.742697  8.152000 72.8027
3  0.636503  7.891540 72.8187
3 -7.957120  0.312347 75.7743
3 -7.905760  1.739080 75.8098
1  1.569690  0.557804 74.0893
3  6.962800  1.888360 74.1271
3  7.351170  0.467592 74.1546
3 -7.930930  2.375860 74.3701
3 -7.694600  3.766000 74.3650
3  5.273970  3.948790 74.0990
3  5.832140  3.547940 75.5755
3  6.719950  2.444070 75.5844
3 -7.561060  4.363420 75.7372
3 -6.757480  5.556070 75.7950
3 -6.319380  6.051620 74.3136
3  4.408480  5.076850 74.1183
3  4.022730  5.534870 75.6040
3 -5.255410  6.935960 74.2929
3 -4.696980  7.285590 75.7207
3 -3.377600  7.796530 75.7135
3 -2.749570  7.976510 74.2665
3 -1.339300  8.207760 74.2222
3 -0.724151  8.139710 75.7773
3  0.714639  7.940390 75.7382
3  2.938050  6.434430 75.6086
3  2.365180  6.782510 74.1664
3  1.210760  7.648500 74.2859
3  6.966060  1.871670 77.0372
3  7.456290  0.540117 77.0192
3 -7.960990  2.352520 77.1624
3 -7.802610  3.786670 77.1151
3  5.424000  3.993210 76.9527
3 -6.336420  5.982260 77.1870
3  4.474290  5.058080 76.9642
3 -5.165150  6.791910 77.1653
3 -2.737620  7.969000 77.1896
3 -1.312200  8.126990 77.1603
3  2.512580  6.801960 77.0735
3  1.241920  7.523970 77.1515
3 -8.021470  0.298699 78.6327
3 -8.044770  1.749280 78.6671
2 -0.953117  0.254228 78.7276
2 -0.331720  1.383170 79.2149
2  1.860930  0.704370 78.2928
2  1.076700  1.630920 78.9759
2  3.257630  0.310262 78.6298
2  3.827170  0.899954 79.7591
3  7.108200  1.942550 79.8895
3  7.575660  0.572827 79.8549
3 -7.841680  3.804090 80.0280
3 -8.052950  2.366650 80.0470
2  1.674610  2.288390 80.0921
3  6.723440  2.460600 78.4563
3  5.795470  3.533070 78.4845
3  5.473610  3.989080 79.9810
3 -7.601800  4.374660 78.6878
3 -6.714470  5.514880 78.6652
3 -6.353250  6.027040 80.1283
3  4.034870  5.444610 78.4624
3  4.539610  5.112710 79.9240
3 -5.129100  6.804800 80.1118
3 -4.612710  7.152750 78.6942
3 -3.322020  7.764130 78.6589
3 -2.725930  7.974630 80.0668
3 -1.282630  8.076130 80.0547
3 -0.685527  8.100000 78.6107
3  0.688190  7.714940 78.5651
3  2.564910  6.837710 79.9129
3  1.263670  7.510770 79.9472
3  2.981610  6.447900 78.5056
2 -0.576600  1.869430 80.5551
2  3.015160  1.888940 80.4594
2  4.513440  0.074992 80.7157
2  0.629362  2.440710 81.1133