322

3  0.279253 -8.139030 40.8831
3  1.749690 -8.097140 40.7977
3 -3.646550 -7.182880 40.8667
3 -2.315500 -7.735950 40.8306
3  4.063060 -6.966920 40.7539
3 -6.294180 -4.228270 40.8483
3 -5.618010 -5.536200 40.8584
3  4.927010 -5.795090 40.7331
3  6.357190 -3.539430 40.7494
3  6.642590 -2.125890 40.7691
3 -7.015540 -1.667760 40.8492
3 -7.084980 -0.199373 40.8449
3 -0.263264 -8.086460 42.3985
3 -4.127180 -6.810140 42.4150
3 -1.710450 -7.870530 42.4178
3  2.322140 -7.971650 42.3439
3  3.646990 -7.329610 42.3397
3 -5.248730 -5.920180 42.4519
3  5.358760 -5.342790 42.3291
3  6.027500 -4.058330 42.3269
3 -6.517830 -3.599850 42.4536
3 -6.926050 -2.164270 42.4115
2 -0.712864 -2.727980 43.1166
2 -0.208754 -1.526650 42.5629
2 -1.042590 -0.297976 42.6754
2  1.159740 -1.130590 42.8251
3  6.611140 -1.519030 42.3712
3  6.791670 -0.066095 42.3749
3  0.393750 -8.151920 43.9430
3 -3.610670 -7.160560 43.9561
3 -2.348110 -7.866790 43.9438
3  1.814870 -8.046470 43.9668
3  4.064570 -6.911760 43.9766
3 -6.180010 -4.085660 44.0483
3 -5.628470 -5.423820 44.0636
2 -0.608506 -4.267950 44.8771
3  5.137900 -5.860090 43.9300
2 -1.949810 -3.756460 44.7755
2 -1.987290 -2.832950 43.6827
2  0.181905 -3.670220 43.7910
2  1.525830 -3.259300 43.9970
2  2.006030 -1.997400 43.5247
3  6.362880 -3.551910 43.9322
3  6.545860 -2.123100 43.9544
3 -6.963550 -1.594220 44.0381
3 -7.168850 -0.180776 44.0139
2 -2.316340 -0.374951 43.2154
2 -2.855810 -1.672150 43.6598
2 -3.624890 -1.411280 44.8923
2  2.946430 -1.486150 44.5085
2  2.975230 -0.059505 44.7135
3 -4.147890 -6.909090 45.5549
3 -0.331852 -8.174470 45.4937
3 -1.771200 -7.969040 45.4811
3  2.380510 -7.917830 45.5300
3  3.615860 -7.243520 45.5441
3 -5.185660 -5.861150 45.6099
2 -0.071802 -4.528250 46.1788
3  5.513620 -5.462490 45.5185
3  6.115420 -4.107780 45.5313
3 -6.350750 -3.586670 45.6803
3 -6.730410 -2.166810 45.6129
2 -2.628190 -3.420370 45.9542
2 -3.507400 -2.303340 45.9973
2  1.301700 -4.064390 46.4200
2  2.034590 -3.516630 45.3285
2  2.994990 -2.387630 45.6177
3  6.613170 -2.113370 47.1414
3 -7.158020 -0.137977 47.1952
2  3.046580 -1.837020 46.9367
2  2.998430 -0.441588 47.1186
3  6.758840 -1.527470 45.5458
3  6.900130 -0.051939 45.5098
3 -0.327011 -8.194110 48.6716
3  0.303892 -8.133930 47.0790
3 -4.152170 -6.977200 48.6906
3 -3.629970 -7.210140 47.1198
3 -2.321540 -7.776940 47.0856
3 -1.759500 -8.005540 48.6841
3  1.752390 -7.927050 47.0973
3  2.273960 -7.836360 48.6730
3  4.080330 -6.881170 47.1574
3  3.599470 -7.240000 48.7131
3 -6.180760 -4.157050 47.2044
3 -5.148880 -5.901160 48.7582
3 -5.479860 -5.425070 47.1960
2 -0.777675 -4.131510 47.3768
3  5.167630 -5.916510 47.1263
3  5.544940 -5.429750 48.7074
3 -6.438980 -3.556250 48.7298
3 -6.631660 -2.156650 48.7897
2 -2.036860 -3.607140 47.2073
2 -2.536550 -2.587910 48.1648
2 -1.603560 -1.991880 49.0830
2  1.423540 -3.580730 47.7337
2  0.126719 -3.639490 48.3788
2  2.260450 -2.468830 47.9766
3  6.284150 -4.193600 48.6802
3  6.370880 -3.612800 47.0946
3 -6.857290 -1.565800 47.1991
2 -3.313620 -0.341261 47.4821
2 -3.445720 -1.739050 47.3261
2  1.817200 -1.415880 48.9149
2  2.289240 -0.130798 48.3176
3  6.616700 -1.599730 48.6737
3  6.804540 -0.140984 48.6873
3 -3.671510 -7.288710 50.2988
3 -2.372260 -7.942240 50.2819
3  0.272635 -8.185650 50.2547
3  1.713570 -8.012000 50.2536
3  4.043880 -6.814210 50.2551
3 -6.185290 -4.128640 50.3082
3 -5.451690 -5.419940 50.3553
3  5.214930 -5.964030 50.2859
2 -0.287910 -2.562270 49.2041
3  6.336130 -3.579830 50.2207
3  6.468090 -2.103700 50.2228
3 -7.010960 -0.204673 50.4038
3 -6.841290 -1.635520 50.4116
2 -1.540410 -0.609474 49.3012
2 -0.196770 -0.200381 49.5209
2  0.609631 -1.437840 49.5642
3 -0.348676 -8.234990 51.8420
3 -4.099470 -6.921710 51.9007
3 -1.791070 -8.125190 51.8659
3  2.230480 -7.707570 51.8219
3  3.561760 -7.188040 51.8247
3 -5.117850 -5.875430 51.9102
3  5.512660 -5.467580 51.7964
3 -6.349330 -3.563600 51.9048
3 -6.670270 -2.166740 51.9128
3  6.236880 -4.173040 51.8210
3  6.680750 -1.618380 51.8141
3  6.741750 -0.091314 51.8578
3 -0.296596 -8.270050 54.9772
3  0.276364 -8.208890 53.4632
3 -4.085110 -6.836630 55.0529
3 -3.598570 -7.238950 53.4724
3 -2.337110 -7.982540 53.4462
3 -1.734570 -8.030250 55.0329
3  1.734500 -8.041340 53.4243
3  2.299910 -7.878780 55.0097
3  3.646210 -7.397730 54.9963
3  4.035570 -6.869340 53.4373
3 -6.173600 -4.107470 53.4608
3 -5.443090 -5.354880 53.4949
3 -5.163570 -5.878510 55.0342
3  6.220570 -4.192220 54.9258
3  5.254670 -5.988450 53.3956
3  5.433850 -5.450820 54.8842
3 -6.384730 -3.536040 55.0038
3 -6.473870 -2.114030 54.9949
3  6.636610 -2.166610 53.4366
3  6.388190 -3.616470 53.4266
3 -6.864970 -0.105406 53.5108
3 -6.806050 -1.550950 53.4768
1 -2.644070 -0.425222 54.6484
1 -1.717600 -0.471085 53.5195
1 -0.601988 -1.368470 53.9302
1  1.745090 -1.243890 54.5320
1  0.745647 -1.053730 53.5873
1  2.741020 -0.179292 54.4890
3  6.678600 -1.549490 55.0268
3  6.738600 -0.115130 55.0228
3  6.807120  1.862840 40.7185
3  6.960010  0.379388 40.7539
3 -6.582940  2.381580 40.8400
3 -6.267520  3.838450 40.8496
3 -4.981990  6.078340 40.8462
3  5.373750  5.717270 40.8072
3  6.001380  4.439000 40.7802
3 -3.900130  7.119710 40.8131
3  3.651450  7.700670 40.7763
3 -1.644620  8.389070 40.7530
3 -0.221949  8.627430 40.8045
3  2.434510  8.448280 40.7574
3 -7.129820  0.354839 42.4506
3 -6.720700  1.760790 42.4340
2 -0.124257  0.803836 42.8653
2  1.196460  0.271820 42.9915
3  6.639340  2.344880 42.3395
3  6.223450  3.776300 42.3484
3 -6.168730  4.349230 42.4661
3 -5.272540  5.589670 42.4464
3 -3.326840  7.273090 42.3788
3  4.128370  7.352400 42.2895
3  5.052020  6.236130 42.3814
3 -2.144280  8.187070 42.3389
3  0.386778  8.694270 42.3221
3  1.797410  8.589560 42.3505
2 -2.752310  0.599961 44.1653
2 -3.650660  0.042903 45.1370
2 -0.657434  1.848330 43.6888
2 -1.976820  1.779370 44.3381
2  1.590280  1.853840 44.7427
2  2.100630  0.845801 43.9081
3  6.817960  1.917590 44.0045
3  6.903500  0.412260 43.9818
3 -6.640350  2.389840 44.0074
3 -6.252570  3.759400 44.0550
2  0.296793  2.317960 44.6849
3 -4.823860  6.019380 43.9580
3  5.408930  5.643220 43.9239
3  6.026980  4.333650 43.8936
3 -3.734750  6.944720 43.9380
3  3.646440  7.654520 43.9078
3 -1.569300  8.470060 43.9557
3 -0.178094  8.763790 43.9329
3  2.432390  8.372040 43.8885
3 -7.192390  0.436787 45.6176
3 -6.904170  1.878180 45.6202
2 -3.492400  0.611916 46.4385
2 -2.628110  1.747190 46.7472
2  2.138180  1.604770 46.0922
2  3.030910  0.457661 46.0343
3  6.776400  0.502540 47.1116
3 -6.763990  2.460890 47.1400
3 -6.264480  3.868570 47.1389
2 -1.831550  2.296400 45.6981
2 -0.438741  2.615920 45.9303
2  0.166909  2.504760 47.2217
3  6.221350  3.869550 45.4972
3  6.652060  2.467560 45.5869
3 -6.054030  4.405070 45.5665
3 -5.231900  5.582650 45.5303
3 -3.273610  7.359400 45.4529
3 -3.650630  6.981320 47.0886
3  4.148740  7.312020 45.4514
3  4.980080  6.186650 45.4836
3 -2.082660  8.195560 45.5196
3 -1.555900  8.538760 47.1002
3 -0.121085  8.828200 47.0835
3  0.383757  8.777670 45.4972
3  1.862640  8.614950 45.4684
3  2.476220  8.440200 47.0454
3 -7.014460  0.405993 48.7744
3 -6.913170  1.880030 48.7315
2 -2.368280  0.163571 48.4632
2 -1.967620  1.470970 48.0200
2 -0.600722  1.868000 48.3202
2  1.504260  1.963820 47.2644
2  1.581720  1.058850 48.4189
2  0.278604  0.963189 48.9623
3  6.744620  1.948170 47.1082
3  6.572190  2.467480 48.7036
3  6.168280  3.864670 48.6156
3 -5.906660  4.399950 48.7156
3 -5.155740  5.626370 48.6517
3 -4.747830  6.024590 47.1157
3  5.366370  5.711880 47.0658
3  6.013610  4.425430 47.0531
3 -3.286880  7.475410 48.6649
3 -2.056930  8.310450 48.6472
3  3.741290  7.706670 47.0759
3  4.118670  7.312380 48.6683
3  4.979730  6.142940 48.6480
3  0.504437  8.812900 48.6606
3  1.934230  8.564380 48.6327
3  6.655870  1.905940 50.2818
3  6.774450  0.429638 50.3010
3 -6.703310  2.465580 50.2905
3 -6.194790  3.824660 50.2625
3  5.349150  5.720420 50.2604
3  6.033150  4.439600 50.2222
3 -4.678060  6.086310 50.2123
3 -3.711400  7.100870 50.1907
3  3.738280  7.702170 50.2846
3 -1.474360  8.494270 50.2334
3 -0.067451  8.828470 50.2673
3  2.459220  8.305520 50.2300
3 -6.968140  0.446513 51.9834
3 -6.883550  1.914600 51.8929
1 -1.410730  0.703626 52.8031
1 -0.009857  1.072020 52.4927
1  1.067090  0.137720 52.7729
1 -1.082080  3.001180 53.2145
1  0.162793  2.481510 52.6668
3  6.204450  3.850410 51.7813
3  6.524520  2.481410 51.8219
3 -5.938130  4.340350 51.8255
3 -5.175560  5.636620 51.8113
3 -3.320210  7.501550 51.7444
3  4.174910  7.326480 51.8497
3  5.025340  6.195540 51.8458
3 -2.056690  8.294530 51.8185
3  0.519489  8.860360 51.8305
3  1.954210  8.640690 51.8122
3 -6.777710  1.955110 55.0533
3 -6.858550  0.487839 55.0562
1 -3.292720  0.775276 55.0461
1 -2.980480  2.025830 54.3272
1  2.347430  0.704596 53.3955
3  6.761200  0.485033 53.4394
3  6.691630  1.927850 53.4379
3 -6.703960  2.514850 53.4305
3 -6.127540  3.822050 53.3816
1 -2.009580  1.929530 53.2557
1  1.371390  2.995520 53.1450
1  3.121320  2.685670 54.7008
1  2.498260  2.148820 53.5197
3  6.334920  3.980100 54.9940
3  6.592390  2.509690 55.0137
3 -5.937560  4.407110 54.9469
3 -5.119300  5.605690 54.9092
1 -1.035330  4.128860 54.0502
1  0.185747  4.703370 54.5562
1  1.374580  4.126430 54.1259
3  5.320030  5.719970 53.3910
3  6.003710  4.404610 53.3829
3 -4.814330  6.115990 53.3740
3 -3.303450  7.556580 54.9457
3 -3.788980  7.172070 53.3566
3  3.770070  7.762770 53.4501
3  4.237690  7.432470 55.0022
3  5.095810  6.248830 54.9973
3 -1.991590  8.186880 54.9957
3 -1.433810  8.416270 53.3923
3 -0.056815  8.840030 53.4155
3  1.960210  8.784340 55.0062
3  0.508634  8.954720 55.0096
3  2.548540  8.584660 53.4026
1 -2.022180  4.156780 55.0725