308

3 -8.561730 -2.021300 104.333
2 -5.143840 -0.603640 104.446
3 -4.879090 -6.803200 105.559
3 -3.574620 -7.389920 105.500
3 -0.968296 -7.598120 105.455
3  0.442048 -7.280140 105.472
3  2.837340 -6.039500 105.478
3 -7.097780 -5.202060 105.636
2 -2.560070 -4.265620 104.796
2 -2.996480 -4.045550 106.110
2 -1.188210 -4.210730 104.514
3  4.038620 -5.322650 105.504
3 -7.900370 -3.976010 105.621
2 -4.904040 -2.731980 105.466
2 -4.166750 -3.368510 106.501
2 -0.284775 -4.077970 105.502
2  0.821423 -3.163630 105.366
3  6.188660 -3.595450 105.484
3  7.044180 -2.438830 105.487
3 -8.672560 -1.417960 105.641
2 -5.333400 -1.323700 105.684
2  1.723120 -0.462058 105.472
3 -5.443360 -6.456160 106.898
3 -4.918940 -6.870150 108.131
3 -2.953330 -7.585470 106.845
3 -3.638540 -7.502940 108.127
3 -1.544660 -7.681150 106.783
3 -0.973175 -7.570400 108.098
3  1.068900 -7.030100 106.766
3  0.428134 -7.309250 108.068
3  2.336720 -6.456880 106.790
3  2.933710 -6.105480 108.124
3 -6.520850 -5.613210 106.905
3 -7.074760 -5.210600 108.193
3  4.082700 -5.322240 108.111
3  4.623280 -4.987890 106.803
3  5.728270 -4.012720 106.828
3 -7.862360 -4.072220 108.216
3 -8.226240 -3.401870 106.937
2 -3.934950 -2.809390 107.772
2 -2.655170 -3.220630 108.302
2 -2.053400 -3.982150 107.236
2 -0.705013 -3.983230 106.883
2  0.121803 -3.007620 107.538
2  1.097520 -2.533580 106.626
3  6.152700 -3.599240 108.129
3  7.033250 -2.490490 108.097
3 -8.492250 -2.039060 106.958
3 -8.492070 -1.363800 108.281
2 -4.970000 -0.759970 106.938
2 -4.365200 -1.503560 107.986
2  1.565200 -1.206610 106.687
2  0.998683 -0.345638 107.710
3  7.351830 -1.853810 106.804
3  7.771460 -0.486274 106.776
3 -5.432350 -6.465770 109.494
3 -2.975530 -7.509420 109.470
3 -1.581890 -7.713760 109.438
3  1.005870 -7.017620 109.414
3  2.316600 -6.385530 109.452
3 -6.609180 -5.674710 109.520
3  4.608940 -4.916230 109.464
3  5.706940 -4.034690 109.477
3 -7.931970 -3.410580 109.538
2 -1.777690 -2.315750 108.959
2 -0.418124 -2.255330 108.551
3 -8.448310 -2.089710 109.575
2 -3.563450 -0.628404 108.796
2 -2.261810 -1.031640 109.268
2 -0.058077 -0.847524 108.508
3  7.297200 -1.913840 109.424
3  7.776820 -0.506850 109.468
3 -4.901400 -6.803170 110.807
3 -5.444120 -6.543290 112.208
3 -3.591530 -7.418080 110.777
3 -2.943690 -7.624830 112.120
3 -0.922874 -7.582870 110.758
3 -1.550080 -7.618630 112.091
3  0.460630 -7.304420 110.781
3  1.092070 -7.114600 112.104
3  2.381980 -6.458410 112.093
3  2.950590 -6.179090 110.780
3 -7.005040 -5.256790 110.870
3 -6.515760 -5.674220 112.231
3  4.140390 -5.389360 110.784
3  4.685140 -5.093620 112.115
3  5.753530 -4.129970 112.086
3 -8.038180 -3.447670 112.265
3 -7.790070 -4.037840 110.898
3  6.191020 -3.647070 110.798
3  6.934940 -2.465330 110.773
3 -8.289280 -2.010680 112.271
3 -8.440390 -1.434520 110.974
1 -0.030536 -1.109380 112.063
1  1.193220 -1.940950 112.365
1  2.438680 -1.387220 112.039
1  2.707120 -0.202713 111.245
3  7.334670 -1.915770 112.077
3  7.831110 -0.593634 112.070
3 -4.895930 -6.952560 113.499
3 -3.544340 -7.512180 113.476
3 -0.906899 -7.498550 113.458
3  0.513382 -7.307660 113.431
3  2.951500 -6.188470 113.465
3 -6.914990 -5.149010 113.574
3  4.196050 -5.488260 113.481
3 -7.821360 -4.047550 113.573
1  0.866577 -2.498930 113.719
1  1.920380 -2.657110 114.664
1  3.229980 -2.177880 114.284
3  6.199760 -3.646090 113.424
3  7.033500 -2.503900 113.337
3 -8.426160 -1.427690 113.628
1 -0.371054 -1.924960 114.181
1 -0.946606 -1.134750 113.130
1  3.526220 -1.612450 112.997
1  4.936760  0.095633 114.019
1  4.359680 -0.417021 112.874
3  8.069640 -0.007556 113.441
3 -5.405720 -6.605170 114.865
3 -4.807940 -6.916410 116.128
3 -2.873820 -7.470050 114.781
3 -3.463440 -7.386730 116.163
3 -0.822884 -7.537200 116.182
3 -1.479650 -7.606990 114.764
3  0.526817 -7.183140 116.168
3  1.138610 -7.083410 114.840
3  2.419670 -6.486560 114.846
3  3.012860 -6.119200 116.129
3 -6.840940 -5.142160 116.224
3 -6.402550 -5.593570 114.878
3  4.192480 -5.441030 116.104
3  4.768780 -5.078690 114.796
3  5.824320 -4.162330 114.777
3 -8.307580 -2.043970 114.908
3 -8.058370 -3.443990 114.959
3 -7.694850 -4.030680 116.244
1  0.475598 -1.873210 116.505
1  1.732970 -2.374570 116.135
3  7.234750 -2.560980 116.085
3  6.255410 -3.599040 116.108
3  7.452960 -2.008400 114.688
3 -8.559220 -1.422480 116.253
1 -0.463229 -1.609460 115.535
1 -1.263810 -0.435050 115.893
1  2.921140 -1.706410 116.585
1  3.861410 -1.624190 115.522
1  4.698940 -0.467493 115.326
3  7.980490 -0.689847 114.709
3  8.108480 -0.074184 116.064
2 -4.703500  0.715584 104.611
2 -2.893670  2.132180 104.366
3 -6.191830  4.038680 104.344
3 -8.495730  0.054951 105.640
2 -4.451180  1.325170 105.870
2  1.264760  0.938797 105.750
2  0.626644  1.643610 104.766
3  7.911610  0.134265 105.469
3  8.069810  1.591710 105.464
3 -7.514480  2.564440 105.645
3 -6.631340  3.625870 105.615
2 -3.320730  2.239920 105.716
2 -0.560037  2.447780 105.138
3 -5.118690  4.939410 104.326
3 -4.652520  5.446350 105.671
3  7.560200  4.271440 105.479
3  6.630370  5.311940 105.435
3 -3.454990  6.221580 105.669
3 -0.951821  7.311880 105.587
3  0.469128  7.499740 105.525
3  3.109010  7.255530 105.486
3  4.481870  6.866570 105.443
3 -8.320740  0.691499 106.997
3 -8.436510  0.014611 108.292
2 -4.582060  0.617300 107.029
2 -3.645650  0.663199 108.133
2 -2.615720  1.599990 108.061
2 -1.268300  1.215540 108.489
2 -0.301881  1.730240 107.563
2  0.799611  0.961996 107.091
3  7.997360  0.133818 108.112
3  8.132980  1.537750 108.130
3 -7.787370  2.008910 106.995
3 -7.465190  2.573930 108.282
3 -6.550080  3.621500 108.302
2 -2.429420  2.408640 106.759
2 -0.978528  2.493980 106.474
3  8.127100  2.204240 106.776
3  7.859800  3.654100 106.794
3 -6.104580  4.046800 106.987
3 -5.064930  5.026100 107.035
3 -4.542790  5.447190 108.317
3  7.621210  4.216390 108.179
3  6.175030  5.779010 106.827
3  6.706930  5.332550 108.146
3 -2.811670  6.467100 106.952
3 -3.392680  6.290650 108.287
3 -1.577430  7.227320 106.921
3 -0.923132  7.453570 108.170
3  0.438765  7.716680 108.199
3  1.105880  7.647880 106.834
3  2.514720  7.485900 106.849
3  3.040270  7.269680 108.158
3  4.971020  6.502570 106.833
3  4.347160  6.755230 108.134
3 -8.316120  0.702153 109.632
2 -1.145430 -0.072401 108.998
3 -7.765700  2.025400 109.597
3  8.060240  2.139790 109.453
3  7.777250  3.539120 109.483
3 -6.091240  4.134800 109.581
3 -5.054380  5.082750 109.594
3  6.077970  5.580670 109.509
3 -2.899000  6.668910 109.580
3 -1.578310  7.263710 109.614
3  1.083090  7.787810 109.521
3  2.531340  7.561640 109.445
3  4.906550  6.378510 109.501
3 -8.451570  0.024398 110.997
3 -8.340730  0.621058 112.328
1 -0.485502  1.286380 111.727
1  1.559240  0.533955 110.989
1  0.267279  0.129734 111.442
1  3.909900  0.388834 111.733
1  3.986860  1.818640 111.907
3  7.910040  0.059077 110.787
3  8.121930  1.489590 110.766
3 -7.788540  1.941600 112.305
3 -7.452630  2.538600 110.952
3 -6.548550  3.651070 110.965
1  0.305184  2.473230 111.576
1  1.633630  2.009640 111.072
1  2.799440  2.598150 111.563
3  7.847680  3.501660 112.102
3  7.518730  4.148250 110.837
3  8.154030  2.132900 112.055
3 -6.053740  4.050230 112.320
3 -5.077410  5.065920 112.325
3 -4.594810  5.466250 110.959
3  6.114450  5.604590 112.169
3  6.551220  5.160200 110.834
3 -3.426950  6.264160 110.953
3 -2.875880  6.620950 112.282
3 -0.940970  7.326910 110.891
3 -1.530180  7.135360 112.265
3  0.429495  7.674690 110.864
3  1.053560  7.746930 112.191
3  3.110040  7.344700 110.841
3  2.486350  7.562400 112.198
3  4.405130  6.776200 110.838
3  4.938150  6.453210 112.199
3 -8.434720 -0.000021 113.641
1 -1.699600 -0.001360 113.441
1 -1.463230  1.259710 112.771
1  5.003930  1.477390 114.185
3  8.217710  1.402440 113.427
3 -7.344750  2.462140 113.664
3 -6.504460  3.619940 113.632
1 -1.554270  2.340000 113.679
1 -0.685752  3.419590 113.634
1  0.224748  3.545000 112.529
1  2.694540  3.637210 112.581
1  3.683630  3.466090 113.565
1  4.517130  2.320400 113.198
3  7.459590  4.009150 113.443
3 -4.581430  5.521870 113.607
1  1.440230  4.073970 113.040
3  6.592520  5.142290 113.482
3 -3.349140  6.241500 113.613
3 -0.920462  7.348520 113.580
3  0.457517  7.701440 113.586
3  3.056800  7.329520 113.538
3  4.408640  6.753900 113.512
3 -8.467260 -0.042013 116.262
3 -8.288260  0.625750 114.973
1 -1.890120  0.309220 114.870
1 -1.919640  1.763700 115.031
1  4.954810  1.884960 115.597
1  4.747230  0.602514 116.334
3  8.297820  1.351810 116.126
3 -7.631280  1.850150 114.981
3 -7.329520  2.413360 116.255
3 -6.504780  3.581640 116.276
1 -0.110330  4.037030 114.776
1 -1.186260  2.315770 116.154
1 -0.402882  3.537420 116.060
1  3.470520  3.758480 114.888
1  4.141230  2.985290 115.949
3  8.200190  2.036350 114.792
3  7.746440  3.381510 114.803
3 -6.022570  4.105050 114.949
3 -5.031290  5.103650 114.966
3 -4.499750  5.465620 116.237
1  1.230290  4.457200 114.379
1  2.211080  4.191660 115.320
3  7.494890  3.915760 116.150
3  6.215140  5.664200 114.799
3  6.728910  5.093530 116.173
3 -2.780870  6.544510 114.951
3 -3.310310  6.233230 116.253
3 -0.855942  7.296320 116.255
3 -1.465230  7.100520 114.903
3  1.089630  7.805510 114.885
3  0.487827  7.695870 116.306
3  3.174690  7.347280 116.217
3  2.494510  7.567730 114.891
3  5.008990  6.427290 114.832
3  4.459200  6.707580 116.167