307

3 -1.559600 -7.363980 42.2353
3 -2.808050 -6.645600 42.1898
3  1.029660 -7.990330 42.2289
3  2.508850 -7.971670 42.2756
3  4.912850 -6.888780 42.3464
3 -4.892430 -5.021530 42.2218
2 -0.458993 -4.346420 42.0181
2  2.315310 -4.472210 41.7938
3  5.874880 -5.817730 42.3193
3 -5.840130 -3.901890 42.2116
2 -1.528610 -3.458760 42.3766
2 -2.054240 -2.581170 41.4582
2  3.464590 -3.667110 41.9196
3  7.174670 -3.506310 42.2381
3 -7.825370 -0.286772 42.2358
3 -7.230860 -1.638870 42.2291
2 -2.274770 -1.238770 41.9419
2  4.698110 -1.287060 42.6451
3  7.660010 -2.183080 42.2509
3 -0.950140 -7.660990 43.7137
3  0.426665 -8.021300 43.6884
3  3.028860 -7.812680 43.7804
3  4.341770 -7.156040 43.7438
3 -3.280820 -6.260520 43.6851
3 -4.408010 -5.414480 43.6992
2  0.394273 -4.528760 43.2047
2  1.758070 -4.685440 43.0993
3  6.230260 -5.327090 43.6654
3 -6.145050 -3.313140 43.7222
2 -1.368550 -3.116100 43.8025
2 -0.115456 -3.688580 44.2934
2  2.619470 -3.982870 44.0557
2  3.729090 -3.434610 43.3143
3  7.030290 -4.126930 43.6345
3 -6.879690 -2.077150 43.6670
2 -2.258300 -0.833315 43.3097
2 -1.779240 -1.811170 44.2719
2  4.298810 -2.174590 43.6941
2  3.662230 -1.444280 44.7387
3  7.735170 -1.514710 43.7578
3  7.752630 -0.107217 43.7520
3 -1.562640 -7.430270 45.1240
3 -2.784340 -6.670350 45.0963
3 -1.016250 -7.635390 46.6240
3  0.426215 -8.001460 46.6435
3  1.045600 -8.092490 45.2308
3  2.451410 -7.822580 45.1842
3  4.336630 -7.085890 46.6490
3  3.027390 -7.763690 46.6313
3  4.828050 -6.767370 45.2209
3 -3.225300 -6.232130 46.5186
3 -4.920120 -4.942920 45.0807
3 -4.375250 -5.355540 46.5032
3  5.867790 -5.759570 45.1815
3  6.229200 -5.168640 46.5173
3 -5.758760 -3.820070 45.0710
3 -6.125540 -3.303350 46.6505
2  0.642882 -3.084110 45.3306
2  2.080010 -3.195520 45.1627
3  7.115650 -4.015960 46.5630
3  7.245240 -3.456780 45.1718
3  7.663250 -2.103470 45.2024
3 -7.632050 -0.167743 45.0923
3 -7.184370 -1.547170 45.0757
3 -6.918390 -2.094530 46.5731
2 -0.884423 -1.110600 45.1663
2  0.295865 -1.713290 45.6990
2  1.562220 -0.975077 45.7632
2  2.627420 -1.902980 45.5065
3  7.827590 -1.510340 46.6361
3  7.607010 -0.098574 46.6179
3 -1.546430 -7.303410 47.9858
3 -2.798950 -6.542680 47.9533
3  1.030940 -8.194140 48.0950
3  2.452330 -7.949620 48.1956
3  4.844440 -6.756310 48.1255
3 -4.818140 -4.792290 47.9586
3  5.874090 -5.706410 48.0649
3 -5.809440 -3.821490 47.9511
3  7.348530 -3.506200 48.0185
3 -7.719390 -0.202057 47.9924
3 -7.226950 -1.576350 48.0408
3  7.739820 -2.106410 47.9935
3 -1.657090 -7.429070 50.8756
3 -2.871010 -6.641360 50.8882
3 -1.032760 -7.623480 49.4167
3  0.266444 -8.201550 49.4616
3  0.959374 -7.993070 50.9479
3  2.960440 -7.622710 49.5723
3  2.367010 -7.713480 50.9416
3  4.271870 -7.056620 49.4879
3 -3.291410 -6.168060 49.4570
3 -4.351850 -5.159000 49.4644
3 -4.854040 -4.740990 50.9243
3  6.312830 -5.257670 49.4705
3  5.814900 -5.670600 50.9274
3 -6.195780 -3.344920 49.4966
3 -5.843940 -3.685750 50.8904
3  7.183120 -4.114680 49.4972
3  7.407030 -3.568230 50.9400
3  7.763990 -2.165540 50.9310
3 -7.951790 -0.213221 50.8518
3 -7.269410 -1.505050 50.9264
3 -7.008240 -2.122870 49.4874
1 -3.356740 -0.929966 49.9338
1 -2.103050 -1.029010 49.2944
1 -0.973353 -1.607020 49.9813
1  0.228959 -0.837316 49.5998
1  1.205110 -0.587576 50.5560
3  7.644320 -0.070469 49.5491
3  7.814390 -1.496770 49.5393
3 -1.135230 -7.769040 52.2637
3  0.303469 -7.953640 52.3362
3  2.937030 -7.482240 52.3801
3  4.730040 -6.620010 50.9734
3  4.218770 -6.915220 52.3328
3 -3.311040 -6.238160 52.3522
3 -4.336680 -5.248410 52.3777
3  6.260980 -5.311230 52.3664
3 -6.189990 -3.199300 52.4029
3 -6.968850 -2.019800 52.4205
3  7.155690 -4.197170 52.3412
1 -3.445890 -1.332990 51.3116
1 -4.341310 -0.473764 52.0134
1 -1.097800 -2.037620 51.3598
1 -2.367490 -1.841880 52.0222
1 -0.081515 -1.814770 52.3091
1  1.103330 -1.152180 51.9099
1  1.652850 -0.148423 52.8453
3  7.733270 -1.546920 52.4000
3  7.582340 -0.126157 52.4799
3 -1.692190 -7.507690 53.7931
3 -2.855080 -6.682440 53.8166
3  0.902531 -7.905880 53.8217
3  2.331750 -7.731460 53.8482
3  4.768630 -6.635820 53.7601
3 -4.722850 -4.748060 53.7807
3  5.958660 -5.815830 53.7624
3 -5.799840 -3.741940 53.8060
3  7.673180 -2.188430 53.8850
3  7.371400 -3.579460 53.8994
3 -7.927270 -0.225267 53.8618
3 -7.299440 -1.532330 53.8588
1 -4.106790 -0.146614 53.3648
1 -2.126710 -1.646140 53.4061
1 -3.003880 -0.819230 54.1204
1 -0.666436 -1.677690 53.6246
1 -0.153220 -0.667094 54.5030
2 -1.237540  1.294490 42.6611
2  2.734020  1.949330 42.4332
2  3.831310  1.063050 42.0812
3  7.115540  1.923690 42.2369
3  7.682790  0.558407 42.2394
3 -8.008720  2.377440 42.2212
3 -7.729590  3.824540 42.2481
2  0.570443  2.153930 41.4532
3  5.595090  4.067980 42.1628
3 -6.453120  6.102770 42.2044
3  4.551640  5.041280 42.1699
3 -5.421230  7.125170 42.1951
3 -2.966450  7.995800 42.2775
3 -1.502570  7.878400 42.2444
3  1.001930  7.172620 42.1693
3  2.257760  6.408020 42.1587
3 -7.863050  0.367773 43.6723
3 -8.096540  1.783590 43.6273
2 -1.756120  0.468245 43.7034
2 -0.040035  2.027830 42.7387
2  0.759514  1.990200 43.8971
2  2.658720  0.858110 44.7102
2  2.193850  1.827180 43.7165
2  3.634620 -0.040690 44.3258
2  4.250410  0.063882 43.0152
3  6.790040  2.403970 43.6785
3  5.991440  3.600820 43.6545
3 -7.583030  4.421380 43.7051
3 -6.816080  5.627610 43.7410
3  2.777420  6.063860 43.6183
3  3.996360  5.333140 43.6274
3 -4.845300  7.407420 43.6642
3 -3.513310  7.846400 43.6853
3 -0.889726  7.856940 43.6928
3  0.479686  7.413950 43.6829
3 -7.821500  0.349055 46.5679
3 -8.089550  1.755450 46.5309
2 -0.784227  0.259533 44.7642
2  0.392085  0.999189 44.8909
2  1.589380  0.404306 45.4959
3  7.087150  1.875520 45.1329
3  7.538840  0.516043 45.1265
3 -8.138360  2.422570 45.0648
3 -7.817460  3.831950 45.0642
3  6.697780  2.358450 46.5465
3  5.552340  4.056850 45.1174
3  5.926250  3.585920 46.5558
3 -7.656120  4.448660 46.5820
3 -6.467470  6.137210 45.1331
3 -6.860540  5.651680 46.5692
3  2.876670  6.263220 46.5824
3  4.492520  5.011370 45.1302
3  4.077940  5.458230 46.5814
3 -5.323760  7.072530 45.0956
3 -4.840140  7.392020 46.5690
3 -3.476170  7.906330 46.5746
3 -2.885900  7.952340 45.1085
3 -1.434430  7.938270 45.1095
3 -0.839202  7.949150 46.5622
3  0.526943  7.482480 46.5292
3  2.296040  6.474260 45.1505
3  1.068790  7.210440 45.1709
1 -2.308390  1.235040 48.4303
1 -1.584540  0.072684 48.4425
1 -0.169751  0.170235 48.6721
1  0.529466  1.393040 48.7300
3  6.928500  1.843270 48.0775
3  7.542530  0.518804 48.0728
3 -8.149110  2.449240 47.9665
3 -7.878690  3.860060 47.9524
1 -1.680910  2.509390 48.4187
1 -0.282836  2.625360 48.5598
3  5.556020  4.101970 48.1166
3 -6.448240  6.105340 47.9871
3  4.545720  5.102490 48.0744
3 -5.348270  7.045020 47.9614
3 -2.884140  8.048710 48.0752
3 -1.454690  8.036500 48.0470
3  2.410430  6.715940 48.0124
3  1.141800  7.387620 48.0447
3 -7.999260  0.369516 49.3969
3 -8.200630  1.797340 49.4268
1 -3.625960  1.318950 48.9984
1 -4.186510  0.237566 49.7664
1  1.493840  1.679850 49.7338
1  1.811430  0.693135 50.6450
3 -8.167360  2.404030 50.8891
3 -7.823890  3.786300 50.8557
1 -3.818800  2.725280 49.3865
1 -4.315600  2.978100 50.7260
1 -2.564500  3.428690 49.0540
1  0.230588  3.662790 49.4464
1  1.394270  3.076070 50.1103
3  6.604410  2.397210 49.5897
3  5.932230  3.641680 49.6093
3 -7.588970  4.375180 49.4554
3 -6.792520  5.575200 49.4386
3 -6.411550  6.073090 50.8531
1 -2.100460  4.361350 50.0223
1 -0.689503  4.419370 50.2251
3  4.104760  5.547790 49.5165
3 -5.292430  6.940550 50.9419
3 -4.782510  7.305080 49.5040
3 -3.491460  7.920540 49.5065
3 -2.851330  7.997830 50.9848
3 -0.750429  8.124940 49.4923
3  0.621160  7.733520 49.4933
3  2.945100  6.370500 49.4930
3  1.122490  7.463920 50.9940
3 -8.249620  1.831110 52.4131
3 -8.038300  0.418769 52.3644
1 -4.733300  0.565030 51.0719
1 -4.877330  1.904550 51.4821
1  2.119740  0.946416 52.0038
3  6.842990  1.809430 51.0222
3  7.436040  0.492405 50.9708
1 -3.830740  3.962620 51.6450
1 -4.646420  2.243560 52.9097
1 -4.042660  3.523210 52.9753
1  0.722612  4.286650 52.2423
1  1.537840  3.324930 51.5501
1  1.915030  2.232550 52.4420
3  5.554430  4.122980 51.0216
3  6.551110  2.376480 52.4596
3  5.903810  3.620660 52.4962
3 -7.558430  4.339050 52.3355
3 -6.838410  5.560520 52.3312
1 -2.729640  4.716160 51.2469
1 -1.671730  4.951110 52.2022
1 -0.428817  4.712530 51.5814
3  4.583420  5.213030 50.9664
3  4.115070  5.580740 52.4163
3 -4.839880  7.325770 52.4507
3 -3.531090  8.009510 52.4423
3 -1.400570  8.135980 50.9738
3 -0.851036  8.108130 52.4667
3  0.571831  7.726950 52.4369
3  2.446500  6.862290 51.0354
3  2.931740  6.473060 52.4878
1 -4.200490  1.222090 53.7544
1  0.889532  1.431210 54.5147
1  1.065940  0.056821 54.0933
3  6.768460  1.806690 53.9902
3  7.338990  0.429180 53.9999
3 -7.678270  3.751160 53.7619
3 -8.147320  2.440990 53.7899
1 -3.017230  3.721780 53.9138
1 -0.652197  3.884130 54.2180
1  0.600728  3.793750 53.5896
1  1.336410  2.537010 53.7221
3  5.406450  4.081670 53.8805
3 -6.490520  6.092450 53.7550
1 -1.798340  4.466280 53.5068
3  4.493690  5.186850 53.8558
3 -5.376910  6.983900 53.7446
3 -1.436830  8.154190 53.8734
3 -2.868400  8.039540 53.8754
3  1.143080  7.410900 53.8771
3  2.395900  6.716130 53.8786