306

3 -0.534302 -8.108370 26.5961
3 -4.250490 -6.969640 26.7202
3 -1.980920 -8.147200 26.6536
3  2.133280 -7.792470 26.5845
3  3.450090 -7.195370 26.5594
3 -5.332500 -6.004450 26.7002
2 -2.038910 -4.125910 26.7550
2  0.380723 -4.518650 26.9104
3  5.327070 -5.384060 26.5886
3  6.096090 -4.098760 26.6188
3 -6.659510 -3.711600 26.6844
3 -6.947260 -2.298040 26.7087
2 -3.627330 -2.251890 26.5847
2  2.348460 -3.496790 26.3231
2  3.037040 -2.307470 26.3431
2 -3.778060 -0.851604 26.9282
2  3.076960 -0.056499 26.9873
3  6.795780 -1.636130 26.5960
3  6.945640 -0.150053 26.5653
3  0.099209 -8.163380 28.1930
3 -3.800270 -7.357040 28.2155
3 -2.556930 -8.062440 28.2216
3  1.518090 -8.014470 28.1577
3  3.912300 -6.729660 28.1505
3 -6.509010 -4.261400 28.2499
3 -5.752790 -5.548960 28.2442
2 -0.844889 -4.303910 27.5434
3  5.044200 -5.853180 28.1545
2 -2.847540 -3.118830 27.3306
2 -2.278300 -2.732800 28.5771
2 -1.023880 -3.473590 28.7012
2  1.532120 -3.881980 27.4205
2  1.438690 -3.035430 28.5550
3  6.261600 -3.540360 28.2157
3  6.649870 -2.137380 28.1970
3 -7.021600 -0.217575 28.2642
3 -6.974950 -1.677150 28.2965
2 -3.234550 -0.416397 28.1466
2 -2.399590 -1.409080 29.0420
2  2.967370 -1.416370 27.4618
2  2.158780 -1.767250 28.5464
3 -0.462826 -8.283610 29.7306
3 -4.290970 -7.020560 29.8163
3 -1.957660 -8.170590 29.7695
3  2.115890 -7.691860 29.7084
3  3.374560 -7.049170 29.7130
3 -5.323180 -5.986550 29.8446
3  5.489230 -5.402900 29.7164
3  6.194540 -4.120500 29.7132
3 -6.696010 -3.686860 29.8258
3 -6.843170 -2.274810 29.8108
2  0.130240 -2.830810 29.2321
2 -1.162560 -0.716454 29.4412
2  1.303120 -0.761465 29.2420
2  0.047800 -1.411150 29.5802
3  6.669480 -1.523140 29.7265
3  6.750100 -0.096722 29.7188
3 -0.397328 -8.169180 32.8923
3 -1.811160 -7.971110 32.9253
3  0.180566 -8.159380 31.3068
3 -4.183780 -6.969730 33.0020
3 -3.793470 -7.376510 31.4209
3 -2.494920 -8.067710 31.3898
3  1.612220 -8.022320 31.3143
3  3.943690 -6.764820 31.2959
3  2.169010 -7.868100 32.9153
3  3.500090 -7.270060 32.8731
3 -6.454850 -4.199990 31.4385
3 -5.679520 -5.465530 31.4329
3  5.083080 -5.915390 31.2669
3  5.464980 -5.413780 32.8572
3  6.116360 -4.112850 32.8669
3 -6.606350 -3.656830 33.0260
3 -6.811180 -2.244740 32.9862
3  6.360960 -3.511910 31.2875
3  6.715870 -2.144040 31.2992
3 -6.845180 -1.657170 31.3869
3 -6.865810 -0.212854 31.3952
1  0.889949 -0.169800 32.8263
3  6.671670 -1.511960 32.8759
3  6.895770 -0.068704 32.8449
3  0.179274 -8.176870 34.5050
3 -3.751330 -7.289270 34.5747
3 -2.362080 -7.804480 34.5357
3  1.670190 -8.137120 34.4833
3  3.994640 -6.854780 34.4386
3 -6.305110 -4.228080 34.5942
3 -5.262810 -5.911730 33.0261
3 -5.567950 -5.461380 34.5872
3  5.141570 -5.923010 34.4074
3  6.283320 -3.583980 34.4509
3  6.507450 -2.142250 34.4255
3 -6.898520 -1.583530 34.5678
3 -6.912200 -0.157265 34.5388
1 -2.790280 -0.337898 34.7424
1 -1.849700 -0.560530 33.7111
1 -0.711951 -1.335680 34.2753
1  0.608507 -1.188240 33.8545
1  1.737330 -1.119750 34.8023
1  2.689720 -0.155867 34.3325
3 -0.404006 -8.154480 36.1265
3 -4.266560 -6.949630 36.1712
3 -1.829370 -7.945750 36.1679
3  2.239860 -7.890020 36.0818
3  3.554290 -7.206990 36.0600
3 -5.298570 -5.940340 36.1311
3  5.440650 -5.451410 36.0050
3  6.020730 -4.120960 36.0407
3 -6.604960 -3.686560 36.1173
3 -6.914150 -2.267970 36.0815
1 -2.256760 -0.910266 36.0185
1 -0.967894 -1.435510 35.6698
1  1.488150 -1.213960 36.1981
1  0.135792 -1.361700 36.6240
3  6.567410 -1.505870 36.0165
3  6.877070 -0.071670 36.0124
3  0.278870 -8.245080 37.6973
3 -3.659550 -7.151000 37.7546
3 -2.331600 -7.673520 37.6826
3  1.694810 -8.095730 37.6064
3  4.062960 -6.860400 37.6480
3 -6.389850 -4.215980 37.7247
3 -5.669860 -5.486790 37.6936
3  5.093300 -5.868100 37.6104
3  6.324810 -3.556420 37.6085
3  6.406230 -2.088430 37.5995
3 -7.153910 -0.258211 37.6560
3 -6.980280 -1.749610 37.6822
1 -2.389890 -0.171002 37.2373
1 -0.042413 -0.625971 37.8646
1  1.234490 -0.033730 38.1662
1  2.176970 -0.378131 37.1237
3 -0.316359 -8.193750 39.2930
3 -4.165160 -6.897010 39.2745
3 -1.746750 -7.855620 39.2824
3  2.284780 -7.938410 39.1740
3  3.574750 -7.312880 39.1950
3 -5.247520 -5.981880 39.2569
3  5.359350 -5.344130 39.1750
3 -6.558630 -3.707140 39.2708
3 -7.026510 -2.325940 39.2735
3  6.193360 -4.104720 39.1667
3  6.608270 -1.551170 39.1646
3  6.878510 -0.154039 39.1770
3 -6.947280  0.359783 26.6495
3 -6.712190  1.872250 26.6904
2 -2.352900  1.608550 26.8833
2  1.458290  1.868090 26.7278
2 -1.019750  2.092890 26.5623
3  6.741660  2.447390 26.5639
3  6.397130  3.948510 26.5896
3 -5.973770  4.338240 26.6251
3 -5.308220  5.611220 26.6728
3 -3.304710  7.318940 26.6902
3 -2.127520  8.127770 26.6279
3  4.132440  7.210170 26.6238
3  5.040960  6.116720 26.5780
3  0.397242  8.533090 26.5834
3  1.861840  8.458280 26.6036
2 -2.397310  0.793165 28.0754
2  1.314970  0.538717 28.7180
2  0.061462  1.238950 28.5444
2  2.224770  0.918966 27.5524
3  6.815330  1.915630 28.1852
3  6.892170  0.463620 28.1329
3 -6.558030  2.348010 28.1926
3 -6.137120  3.734910 28.2013
2  0.159111  1.974940 27.3354
3 -4.900340  6.095500 28.2543
3  5.490690  5.806260 28.1882
3  6.074030  4.448120 28.1980
3 -3.746280  6.974960 28.2756
3  3.716560  7.693050 28.1988
3 -1.617690  8.338850 28.2493
3 -0.185151  8.570330 28.1800
3  2.432680  8.313390 28.2026
3 -6.910730  0.384501 29.8548
3 -6.666080  1.834220 29.8079
2 -1.168250  0.651038 28.8697
3  6.693020  2.515020 29.7128
3  6.306900  3.873380 29.7227
3 -6.099790  4.342550 29.7837
3 -5.354320  5.650660 29.7824
3 -3.411110  7.440080 29.7992
3 -2.172070  8.196360 29.7606
3  5.111000  6.245820 29.7644
3  4.220140  7.348760 29.7897
3  0.416238  8.569300 29.7493
3  1.864850  8.429440 29.7125
3 -6.863980  0.391881 32.9552
3 -6.753830  1.881490 32.9905
1 -2.281440  1.589810 32.5443
1 -1.616550  0.321262 32.6186
1 -0.212447  0.512850 32.2815
1 -0.017808  1.887380 31.8818
1  2.345040  1.746890 32.7746
3  6.712220  1.913840 31.2790
3  6.838240  0.458118 31.2272
3 -6.525430  2.405380 31.3926
3 -6.217750  3.826370 31.3746
1 -1.303140  2.580930 32.1308
1 -1.300400  3.832350 32.7840
1  1.221390  2.500490 32.2437
1  1.215840  3.829940 32.7819
3  6.765690  2.517490 32.8741
3  6.259550  3.856060 32.9071
3 -5.041760  6.121290 31.3791
3 -6.107820  4.326910 32.9851
3 -5.362840  5.615130 32.9762
1 -0.015964  4.380220 33.0715
3  5.453380  5.730760 31.3523
3  6.049530  4.436980 31.3036
3 -3.869350  7.117210 31.3758
3 -3.511730  7.552430 32.9345
3 -2.212390  8.293760 32.9221
3  3.718990  7.621050 31.3521
3  4.204320  7.319440 32.9457
3  5.115960  6.203120 32.9261
3 -1.648410  8.554670 31.3371
3 -0.157393  8.596800 31.3632
3  0.431738  8.629930 32.9382
3  1.865350  8.547020 32.8907
3  2.449440  8.339670 31.3325
1 -3.258120  1.891240 33.6102
1 -3.508290  0.888372 34.7222
1  2.148430  0.395047 33.0652
3  6.902280  1.943850 34.4332
3  6.853290  0.529919 34.4335
3 -6.684240  2.439650 34.5645
3 -6.344240  3.804990 34.5509
1 -3.228020  3.237340 34.2380
1  3.015960  2.606770 33.7205
1  2.360690  3.916820 33.6447
1  3.498610  2.118640 34.9441
3 -5.114350  6.110650 34.5544
1 -2.204880  4.126620 33.8326
1 -1.528950  5.041950 34.7089
1 -0.191484  5.239460 34.1964
1  2.225600  4.651530 34.8286
3  5.473710  5.747980 34.4623
3  6.116580  4.442230 34.4563
3 -3.944700  7.135000 34.5132
3  3.729260  7.703820 34.5416
3 -1.602440  8.451720 34.4981
3 -0.139383  8.559680 34.5157
3  2.394380  8.330390 34.4843
3 -6.989690  0.381310 36.1272
3 -6.850740  1.859140 36.1597
1 -3.536030  1.674650 35.9674
1  3.305150  0.715477 35.2861
1  3.074050  0.604690 36.6781
1 -3.430010  3.063130 35.6631
1 -2.693070  3.885370 36.5346
1  3.280370  2.887540 36.1825
3  6.773170  2.527400 36.0427
3  6.227600  3.885140 36.0561
3 -6.205220  4.359980 36.1465
3 -5.500980  5.675190 36.1262
1 -1.764510  4.878270 36.0665
1 -0.680028  5.015450 37.0166
1  0.907936  5.310980 35.1032
1  0.654936  5.232910 36.5696
1  2.673130  4.115720 36.1137
3 -3.510420  7.488260 36.1048
3  5.101660  6.201220 36.0652
3  4.205080  7.343540 36.0856
3 -2.185900  8.194230 36.0727
3  0.452514  8.678650 36.0677
3  1.877970  8.424730 36.0685
1 -3.004520  1.137150 37.1430
1 -1.292460  1.299570 38.7010
1 -0.106880  1.981730 38.9992
1 -1.321390 -0.073488 38.1794
1  1.208480  1.281190 38.6875
1  3.071820  1.944240 37.2446
3  6.731910  1.883100 37.6127
3  6.961460  0.474655 37.6114
3 -6.644860  2.426680 37.7060
3 -6.384610  3.829740 37.7271
1 -2.339030  2.016040 38.0576
1 -2.186220  3.375090 37.8068
1  0.125789  3.403510 38.6588
1  1.484110  3.595550 38.2357
1  2.156620  2.290570 38.2435
3 -5.068030  6.136350 37.7209
1 -0.954564  4.085420 38.1055
1  1.710810  4.442130 37.1313
3  5.366470  5.712950 37.6280
3  5.970400  4.370630 37.6617
3 -4.026440  7.179700 37.6991
3  3.811640  7.821700 37.6793
3 -1.595580  8.407610 37.6179
3 -0.132108  8.628480 37.6433
3  2.464300  8.398380 37.6853
3 -7.022430  0.381257 39.2284
3 -6.774190  1.808060 39.2574
3  6.493940  2.361120 39.2486
3  6.076420  3.812190 39.1736
3 -6.177640  4.373080 39.3112
3 -5.438640  5.691250 39.2955
3 -3.430150  7.436340 39.2138
3 -2.235300  8.268790 39.1845
3  5.103810  6.215800 39.1943
3  4.204190  7.322630 39.2341
3  0.436682  8.730560 39.2299
3  1.899630  8.546130 39.2375