293

3 -0.364246 -8.453880 -1.736250
3 -1.819290 -8.252690 -1.719350
3 -4.200380 -7.102800 -1.696180
3  2.297690 -8.058260 -1.727200
3  3.570950 -7.365600 -1.731840
3 -5.289730 -6.138360 -1.686590
1 -1.651340 -4.173010 -2.653410
1  0.602223 -4.492440 -2.907460
3  5.324270 -5.405380 -1.712270
3  5.980950 -4.158920 -1.689430
3 -6.612690 -3.797980 -1.689090
3 -6.877300 -2.367110 -1.693440
1 -3.251170 -2.323050 -2.820930
1 -0.989310 -3.444670 -1.566770
1  0.411762 -3.645410 -1.713920
1  1.361620 -2.582530 -1.440010
1  2.500930 -2.352320 -2.305940
1 -2.683500 -1.593840 -1.788570
1 -2.475120 -0.140849 -1.960200
1  1.668890 -0.273640 -1.677490
1  2.741640 -0.925592 -2.450250
3  6.672900 -1.696810 -1.729150
3  6.837030 -0.202406 -1.721170
3  0.224616 -8.409280 -0.167777
3 -3.688180 -7.435650 -0.128325
3 -2.419090 -8.133930 -0.130922
3  1.694840 -8.224350 -0.120472
3  4.052440 -7.082530 -0.140547
3 -6.309850 -4.348000 -0.185702
3 -5.607040 -5.626700 -0.182131
3  5.048090 -6.037200 -0.139092
1 -1.484320 -2.152860 -1.181410
3  6.143630 -3.670330 -0.063477
3  6.573170 -2.221830 -0.110859
3 -6.833240 -1.738910 -0.173866
3 -6.871600 -0.327175 -0.200762
1 -0.545400 -1.085590 -1.006640
1  0.827897 -1.282770 -1.065700
3 -0.342679 -8.351160  1.412290
3 -1.832920 -8.279670  1.418490
3 -4.168000 -7.039990  1.423780
3 -5.208880 -6.048670  1.410360
3  2.209340 -8.106790  1.484910
3  3.480870 -7.387670  1.442730
3  5.338650 -5.538880  1.479450
3  5.980450 -4.216860  1.487650
3 -6.519200 -3.793480  1.390340
3 -6.754160 -2.326610  1.379500
2 -0.543832 -3.294040  2.383810
2  1.705770 -2.810480  2.881860
2 -0.294621 -1.905780  2.082370
2 -1.219440 -0.854279  2.362490
2  1.103500 -1.613150  2.348320
2  1.479010 -0.389184  2.857560
3  6.622050 -1.633760  1.510640
3  6.759210 -0.165068  1.503570
3 -0.361453 -8.388820  4.564380
3 -1.824920 -8.206140  4.592870
3  0.186065 -8.350280  2.989540
3  1.624020 -8.172180  3.073150
3 -4.227390 -7.078560  4.551050
3 -3.620560 -7.316580  3.000250
3 -2.378340 -8.059340  3.002870
3  3.918630 -6.924170  3.038960
3  2.193480 -7.979680  4.645160
3  3.449430 -7.340740  4.613760
3 -6.321470 -4.335930  3.008910
3 -5.709350 -5.646040  2.968370
3 -5.378840 -6.092730  4.581180
2 -1.839440 -4.561410  4.065780
2 -0.585785 -5.092130  4.550380
2  0.661277 -4.756240  3.944390
3  5.019150 -5.989600  3.043230
3  5.486360 -5.614300  4.622070
3  6.025170 -4.271230  4.643170
3 -6.615500 -3.747460  4.590330
3 -6.832680 -2.325870  4.595550
2 -2.723450 -2.522570  3.315310
2 -3.397180 -2.888050  4.514890
2 -1.766840 -3.560260  3.003370
2  0.669662 -3.838290  2.929550
2  2.746570 -2.747020  3.792740
3  6.164740 -3.663300  3.065890
3  6.598980 -2.275850  3.115210
3 -6.768160 -1.765040  2.976480
3 -6.985570 -0.321671  2.965530
2 -2.482650 -1.210780  3.027000
2 -2.841300 -0.075165  3.887300
2  3.158370 -1.420420  4.329560
2  2.573590 -0.249360  3.824320
3  6.665970 -1.736550  4.655200
3  6.815950 -0.266171  4.670480
3  0.142880 -8.312150  6.186530
3  1.578600 -8.067980  6.215350
3 -3.710400 -7.438590  6.133080
3 -2.350900 -8.038290  6.169240
3  3.955020 -6.948260  6.201510
3 -6.286610 -4.245340  6.171760
3 -5.631670 -5.560990  6.141830
2 -2.555630 -4.201490  6.447780
2 -0.371407 -5.173780  6.011700
2  1.018480 -4.921830  6.240870
2  1.650830 -4.645250  4.957870
3  5.032440 -6.016360  6.179850
2 -2.863950 -4.132320  5.056740
2  2.670210 -3.681150  4.924570
2  3.096480 -2.978700  6.093020
3  6.182980 -3.706200  6.208260
3  6.610760 -2.308350  6.266340
3 -7.004380 -0.304826  6.188650
3 -7.006050 -1.753960  6.186600
2 -3.621730 -1.783380  5.427850
2 -3.421540 -0.415592  5.108640
2  3.431710 -1.602930  5.752180
2  3.017300 -0.590210  6.615530
3 -0.430829 -8.455960  7.774180
3 -1.872210 -8.302290  7.784550
3 -4.173070 -7.013930  7.707430
3  2.117370 -7.941170  7.778900
3  3.482650 -7.317400  7.724160
3 -5.304650 -5.989120  7.697480
2 -1.311830 -4.799110  6.900420
2  1.425890 -4.257490  7.391300
3  5.373310 -5.560110  7.801600
3  5.937050 -4.222610  7.787770
3 -6.556440 -3.750240  7.739980
3 -6.839240 -2.338540  7.739840
2 -2.801970 -3.081200  7.294030
2 -1.888160 -3.071690  8.415780
2 -0.907489 -4.093860  8.113570
2  0.461953 -3.815660  8.330250
2  2.452690 -3.315690  7.272960
2  2.139830 -2.244700  8.185600
2 -3.377290 -1.966780  6.794640
2 -2.983660 -0.678470  7.383770
2 -2.105760 -0.603101  8.437510
2 -1.499150 -1.792700  8.932600
2  0.206024 -0.164393  8.819040
2  2.402620 -0.897368  7.867170
3  6.729240 -1.720920  7.817790
3  6.919730 -0.231384  7.790530
3  0.070429 -8.349010  9.375720
3 -2.462090 -8.090260  9.367680
3 -3.694010 -7.309750  9.299630
3  1.523120 -8.155700  9.359850
3  3.975150 -7.086930  9.346760
3 -6.329190 -4.308440  9.279050
3 -5.654510 -5.600400  9.300790
3  5.034110 -6.067370  9.382000
2  0.818550 -2.538790  8.798550
3  6.165670 -3.648700  9.339460
3  6.522030 -2.224460  9.331270
3 -7.013030 -0.207444  9.292440
3 -6.895490 -1.667640  9.307550
2 -0.122866 -1.556190  9.196790
3  6.875670 -0.178538 10.920300
3 -0.477734 -8.553430 10.918800
3 -4.270490 -7.031060 10.893800
3 -1.908710 -8.288680 10.926200
3  2.008850 -7.915190 10.936100
3  3.393170 -7.373250 10.930000
3 -5.297860 -6.019110 10.920800
3  5.267710 -5.497830 10.922700
3  5.834750 -4.117860 10.901300
3 -6.526700 -3.702280 10.875500
3 -6.848450 -2.234340 10.893900
3  6.789350 -1.652110 10.903100
3 -6.799290  0.284874 -1.795830
3 -6.648080  1.743480 -1.846190
1 -0.311509  1.116080 -2.108140
1 -1.122350  0.192136 -1.430380
1  1.092990  0.907741 -2.211960
3  6.816720  2.383050 -1.683360
3  6.522910  3.798190 -1.681140
3 -5.962960  4.208780 -1.734540
3 -5.189870  5.458820 -1.671930
3  5.315750  6.203080 -1.730680
3 -3.372210  7.348560 -1.624370
3 -2.057790  7.998830 -1.652510
3  4.283960  7.261870 -1.654770
3  0.481325  8.602130 -1.660750
3  1.956280  8.580780 -1.699730
3  6.929910  1.842300 -0.104798
3  6.859450  0.370031 -0.105703
3 -6.449240  2.278400 -0.223681
3 -6.092710  3.679490 -0.183846
3 -4.926980  6.000950 -0.131924
3  5.538640  5.615140 -0.156088
3  6.327290  4.411010 -0.110903
3 -3.914360  7.057840 -0.100557
3 -1.512550  8.215340 -0.090100
3  3.903530  7.716970 -0.092135
3 -0.091466  8.520340 -0.038248
3  2.517980  8.293240 -0.109033
3 -6.858710  0.212327  1.420500
3 -6.664910  1.683610  1.363630
2 -0.823846  0.442953  2.906670
3  6.498860  3.813880  1.469830
3  6.879120  2.437300  1.483370
3 -5.979580  4.256400  1.421680
3 -5.270380  5.605450  1.464700
3 -3.464050  7.406190  1.504830
3 -2.118690  8.055300  1.432030
3  5.218240  6.090020  1.394970
3  4.318410  7.236780  1.364480
3  0.524545  8.558990  1.488050
3  1.959710  8.474220  1.463330
3 -6.877000  0.266517  4.570350
3 -6.588130  1.687420  4.580390
2 -1.795960  0.894027  3.825840
2  0.533525  0.678964  3.097720
2  0.936323  1.362310  4.322430
2  2.220880  0.800418  4.742780
3  6.944610  1.808020  3.072110
3  6.796430  0.360186  3.076610
3 -6.455980  2.233730  2.965540
3 -6.233290  3.719720  3.018920
3  6.888870  2.425000  4.647990
3  6.541860  3.838720  4.629040
3 -5.936260  4.229720  4.613670
3 -5.236090  5.528050  4.567100
3 -4.883410  6.013400  2.989830
3  5.598840  5.637210  3.005900
3  6.316430  4.363910  3.027600
3 -3.878690  7.096450  2.970350
3 -3.414220  7.459170  4.535210
3 -2.048850  8.006380  4.511540
3 -1.436960  8.312780  2.964120
3  3.851480  7.533910  2.997460
3  4.338840  7.186340  4.596730
3  5.405190  6.139240  4.610740
3 -0.001588  8.540930  2.941960
3  0.529193  8.519380  4.563820
3  1.972810  8.270870  4.603820
3  2.509690  8.219740  3.059610
2 -3.034430  0.301188  6.326610
2 -1.387940  1.651550  4.923100
2 -2.019260  1.282510  6.196220
2  0.008980  1.855310  5.221290
2  0.209032  1.626470  6.626420
2  2.469530  0.682511  6.124520
3  6.954310  0.392328  6.242290
3  6.882200  1.839330  6.248180
3 -6.486840  2.356970  6.168730
3 -6.123410  3.773920  6.134870
3 -4.929870  6.087870  6.149780
3  5.706260  5.684710  6.176980
3  6.221070  4.360570  6.219200
3 -3.945320  7.142960  6.111440
3  3.848210  7.515360  6.196940
3  2.581900  8.204030  6.194930
3 -1.533960  8.273120  6.126590
3 -0.071416  8.506500  6.141460
3 -7.023970  0.362890  7.738150
3 -6.713770  1.749120  7.733860
2 -1.056310  1.408170  7.308410
2 -1.066230  0.424684  8.374590
2  1.457080  1.134920  7.050380
2  1.461760  0.134295  8.195560
3  6.831210  2.451590  7.811920
3  6.485010  3.831800  7.772100
3 -5.857510  4.231420  7.718180
3 -5.272820  5.573600  7.691700
3 -3.476440  7.510320  7.702270
3 -2.138320  8.082380  7.707610
3  5.324470  6.178360  7.727430
3  4.299040  7.228760  7.825350
3  0.541652  8.620320  7.728200
3  1.987780  8.435080  7.741960
3  6.961270  1.808390  9.386820
3  6.929090  0.369615  9.381510
3 -6.398280  2.300320  9.310270
3 -6.013110  3.689860  9.292210
3 -4.844830  5.974320  9.284650
3 -5.848900  4.238050 10.845000
3 -5.214870  5.569380 10.875600
3  5.710930  5.773140  9.334910
3  6.386600  4.449700  9.349670
3 -3.855030  7.100890  9.297980
3 -3.477290  7.536750 10.906600
3 -2.191210  8.219040 10.807900
3  3.778680  7.592870  9.398870
3  2.515920  8.353890  9.365950
3  4.301560  7.302930 10.898100
3 -1.544020  8.336510  9.264240
3 -0.038440  8.530960  9.231540
3  0.442483  8.543180 10.783300
3 -6.858370  0.316740 10.893600
3 -6.599110  1.748770 10.879500
3  6.768430  2.410390 10.932700
3  6.379460  3.839350 10.927900
3  5.362280  6.287950 10.901900
3  1.898130  8.440050 10.814200