276

3 -5.192270 -6.451100 56.2143
3 -2.720070 -7.423720 56.2248
3 -1.295660 -7.483480 56.2524
3  1.373550 -7.100320 56.3199
3  2.654670 -6.438250 56.3409
3 -6.288000 -5.552670 56.1612
3  4.909450 -5.023410 56.3294
3  5.998180 -4.074000 56.3499
3 -8.348890 -2.046390 56.1336
3 -7.945360 -3.433680 56.1934
3  7.519050 -1.870180 56.2413
3  8.131810 -0.640407 56.2305
3 -4.618480 -6.721760 57.5477
3 -5.206400 -6.394200 58.8833
3 -2.724580 -7.452860 58.8772
3 -3.315130 -7.197710 57.5742
3 -0.665195 -7.598370 57.6156
3 -1.322890 -7.562770 58.9251
3  0.740538 -7.298060 57.6330
3  1.370800 -7.039980 58.9333
3  2.605800 -6.429080 58.9641
3  3.217260 -6.121820 57.6779
3 -6.588900 -4.995060 57.5210
3 -6.132490 -5.408500 58.9123
3 -7.621730 -3.942630 57.5183
3  4.453340 -5.430200 57.6832
3  4.880870 -4.932500 59.0179
3  5.891310 -3.922060 58.9688
3 -8.345370 -2.044770 58.8532
3 -7.915050 -3.424390 58.8319
3  6.337920 -3.517320 57.6322
3  7.128940 -2.358820 57.6326
3 -8.380790 -1.450120 57.5014
3 -8.044410 -0.065563 57.5378
2  0.185561 -0.073385 57.6171
2  0.811977 -1.281790 58.1521
2  2.232750 -1.142380 58.0712
2  2.519510  0.225183 57.5100
3  7.518660 -1.805060 58.9340
3  8.250090 -0.617680 58.9118
3 -4.669460 -6.777330 60.1500
3 -3.345270 -7.299650 60.1954
3 -0.641445 -7.550870 60.2532
3  0.723500 -7.282780 60.2990
3  3.086360 -6.009450 60.2752
3 -6.801600 -5.139950 60.1406
3 -7.720860 -4.069460 60.1327
3  4.299550 -5.221760 60.3262
2  0.162912 -1.943270 59.2294
2  0.991343 -2.442980 60.2827
2  2.327870 -2.118470 60.2834
3  6.305010 -3.428950 60.2950
3  7.158690 -2.290380 60.2710
3 -8.389350 -1.457700 60.2117
3 -8.114880 -0.073020 60.2335
2 -1.699900 -0.316145 59.2771
2 -1.082540 -1.454870 59.8081
2  3.003310 -1.509700 59.1910
2  4.127450 -0.822697 59.6992
2  4.155400 -0.977780 61.1381
3 -5.266500 -6.572950 61.4844
3 -4.711570 -6.859040 62.7583
3 -2.740230 -7.477630 61.5071
3 -3.377740 -7.297580 62.7845
3 -1.304160 -7.661580 61.6008
3 -0.629562 -7.578850 62.9374
3  0.705193 -7.172950 62.9430
3  1.292910 -7.014960 61.6098
3  2.498990 -6.292910 61.6289
3  3.034510 -5.976990 62.9484
3 -6.864380 -5.180130 62.8146
3 -6.356620 -5.586240 61.4611
3 -7.686180 -3.974850 62.8431
3  4.208610 -5.155310 62.9906
3  4.736450 -4.807020 61.6607
3  5.841170 -3.878200 61.6534
3 -8.393910 -2.097760 61.5786
3 -8.031750 -3.455260 61.5508
2  0.249305 -2.316800 61.5338
2  0.881909 -2.004270 62.7749
2  3.086490 -1.895260 61.4765
3  6.309960 -3.467580 62.9624
3  7.172000 -2.336450 62.9735
3 -8.302030 -1.490130 62.8790
3 -8.183030 -0.051060 62.9231
2 -1.073450 -1.730140 61.2293
2 -1.605760 -0.725892 62.0907
2  2.373090 -1.703280 62.6488
2  4.479010  0.085328 61.9961
3  7.512290 -1.793840 61.6226
3  8.207330 -0.577490 61.5988
3 -5.282710 -6.562100 64.1779
3 -2.752240 -7.430120 64.1407
3 -1.306900 -7.584160 64.2071
3  1.229400 -6.935930 64.2826
3  2.529310 -6.327370 64.2881
3 -6.440960 -5.682760 64.1443
3  4.781420 -4.849570 64.2720
3  5.880360 -3.971150 64.2578
3 -8.373140 -2.150760 64.2699
3 -7.994390 -3.504150 64.2506
2 -0.877678 -0.346050 63.3147
2  0.320103 -0.983656 63.6644
2  1.454360 -0.177040 64.0936
2  2.633260 -0.594772 63.4836
3  7.554750 -1.880230 64.2959
3  8.136100 -0.591755 64.2927
3 -4.738760 -6.897690 65.4777
3 -5.345480 -6.690160 66.8131
3 -2.815230 -7.593930 66.7739
3 -3.418170 -7.376570 65.4404
3 -1.409000 -7.668970 66.8431
3 -0.706923 -7.674900 65.5641
3  0.678399 -7.234680 65.5995
3  1.238800 -7.056090 66.9644
3  3.086280 -6.063730 65.6473
3  2.520880 -6.414890 66.9798
3 -6.978460 -5.340310 65.5305
3 -6.474220 -5.770220 66.8521
3 -7.737090 -4.127850 65.5773
3  4.299950 -5.315540 65.6724
3  4.800430 -4.952250 66.9830
3 -8.181660 -2.133480 66.8765
3 -7.855670 -3.498160 66.8927
3  5.873730 -3.996420 66.9519
3  6.261410 -3.505830 65.6314
3  7.137490 -2.354470 65.6767
3 -8.341730 -1.460880 65.5820
3 -8.165840 -0.055827 65.5677
3  7.495950 -1.892690 66.9699
3  8.283490  0.049133 65.6715
3  8.100810 -0.602040 67.0073
3 -7.945130  0.519879 56.1985
3 -7.424630  1.861490 56.1706
3 -5.905490  4.120540 56.1942
3  8.040980  3.516600 56.2366
3  8.349390  2.082970 56.2687
3 -4.819040  5.064200 56.2073
3  6.635210  5.738970 56.1842
3 -2.428220  6.338930 56.1891
3 -1.234090  7.031060 56.1754
3  1.455260  7.409500 56.1968
3  2.840620  7.298180 56.1727
3  5.429040  6.529880 56.1727
3 -7.879210  0.498844 58.8700
3 -7.406600  1.884440 58.8610
2 -1.188820  1.841770 58.3799
2 -1.047100  0.410750 58.2233
2  1.060010  2.254080 57.4417
2  1.225520  0.878201 57.2942
2  3.389930  2.380630 58.3262
2  3.609440  1.001370 58.0403
2  4.440910  0.417711 59.1418
3  8.384440  1.483270 57.6055
3  8.259630  0.027803 57.5501
3 -7.220780  2.483480 57.5532
3 -6.352870  3.626050 57.5492
3 -5.925950  4.123650 58.9133
2 -0.180218  2.777560 57.9824
2  0.176456  3.830950 58.9806
2  1.620730  3.942490 58.9851
2  2.171400  2.978730 58.0821
3  7.953780  3.407900 58.8592
3  8.284750  2.024400 58.9094
3 -4.769060  4.940660 58.9089
3 -4.243290  5.426700 57.5699
3 -2.993860  6.108930 57.5471
3  7.695820  4.007520 57.5270
3  6.539490  5.635430 58.8893
3  7.001540  5.269170 57.5351
3 -2.429400  6.390370 58.9170
3 -1.170880  7.086710 58.8509
3 -0.584585  7.268630 57.5071
3  0.781019  7.474660 57.4950
3  1.408440  7.551240 58.8830
3  3.479200  7.211700 57.5057
3  2.846480  7.448390 58.8659
3  5.320790  6.375330 58.9076
3  4.781630  6.734950 57.5544
2 -1.931600  2.025880 59.6360
2 -2.252820  0.708409 60.1646
2  4.687800  1.533640 60.0478
3  8.587490  1.408000 60.2200
3  8.401070  0.029800 60.2687
3 -7.042270  2.383150 60.2480
3 -6.307740  3.603010 60.2373
2 -1.558800  3.057340 60.4944
2 -0.497964  3.956250 60.1560
2  3.524110  3.669600 60.4430
2  4.081290  2.756200 59.5446
3 -4.173230  5.353460 60.2270
2  0.155337  4.389400 61.4099
2  1.567710  4.606970 61.3501
2  2.286430  4.354840 60.1101
3  7.694640  3.936540 60.2269
3  6.937050  5.129620 60.2098
3 -2.947860  6.120510 60.2620
3 -0.601537  7.279330 60.2329
3  0.798425  7.579220 60.2127
3  3.493950  7.251650 60.2598
3  4.835570  6.712850 60.2582
3 -7.934160  0.524873 61.5877
3 -7.374440  1.846550 61.5901
2 -2.114930  0.537395 61.5230
2 -1.793750  1.597040 62.4500
2  3.726810  0.272464 63.2450
2  4.764340  1.383190 61.4446
3  8.373470 -0.018711 62.9455
3  8.432260  1.384220 62.9492
3 -7.125450  2.416900 62.9376
3 -6.248700  3.504140 62.8711
3 -5.823760  4.064920 61.5394
2 -1.576480  2.863450 61.9526
2 -0.439180  3.635010 62.5097
2  3.563970  3.490710 61.8264
2  2.351550  4.034390 62.4329
2  1.782070  3.368080 63.4893
2  4.223970  2.377080 62.3352
3  7.961600  3.364240 61.5982
3  8.422020  2.034920 61.5879
3 -4.704010  4.956310 61.5355
3 -4.183480  5.305080 62.8469
3  7.536330  3.861860 62.9445
3  6.421210  5.524520 61.5898
3  6.806430  5.080170 62.9220
3 -2.985600  6.082390 62.8728
3 -2.508110  6.504980 61.6027
3 -1.195860  7.123180 61.5491
3 -0.572822  7.280440 62.8812
3  1.415780  7.752900 61.5307
3  0.768376  7.742370 62.8661
3  2.859020  7.483870 61.5188
3  3.475240  7.338710 62.8935
3  5.349900  6.466850 61.6239
3  4.781000  6.791020 62.8916
3 -8.053540  0.545931 64.2643
3 -7.504100  1.899160 64.2817
2 -1.079050  1.079810 63.5643
2  1.324820  1.204090 64.3512
2  0.014970  1.802990 64.0572
2  3.604700  1.656740 63.4439
3 -5.794040  4.017090 64.1594
2  0.362213  3.115540 63.5062
2  2.417140  2.141860 64.0089
3  8.016670  3.456420 64.2823
3  8.339000  2.020310 64.2937
3 -4.668510  4.895130 64.1581
3  6.490030  5.683490 64.2874
3 -2.421550  6.303240 64.1878
3 -1.169660  6.977350 64.2054
3  1.438790  7.668790 64.1683
3  2.820270  7.554880 64.1984
3  5.296550  6.503610 64.2602
3 -8.097360  0.658004 66.8889
3 -7.436850  1.949750 66.8619
3  8.457540  1.453500 65.6654
3  8.310700  2.102350 66.9722
3 -7.108090  2.487330 65.5402
3 -6.211220  3.616040 65.5334
3 -5.829090  4.047140 66.8557
3  7.752800  4.095310 65.6064
3  7.865680  3.448740 66.9756
3 -4.737940  4.954910 66.8333
3 -4.160760  5.302870 65.5551
3  6.438080  5.748080 66.9335
3  6.995280  5.324410 65.6183
3 -2.958940  6.026540 65.5243
3 -2.448800  6.335270 66.8299
3 -0.621139  7.240840 65.5168
3 -1.179880  6.913820 66.7967
3  0.747741  7.639320 65.4597
3  1.387290  7.693560 66.8397
3  3.417560  7.505990 65.5521
3  2.800470  7.542130 66.8478
3  4.788090  6.982400 65.5911
3  5.329660  6.647960 66.9247