315

3  1.277750 -8.024450  1.58902
3  5.176660 -6.855210  1.61988
2  2.494870 -4.532280  2.89110
3  6.262330 -5.900660  1.61227
2 -1.868160 -3.197030  2.49405
2  4.315490 -2.820210  2.86916
2 -2.352100 -1.847080  2.58283
2  4.695430 -0.614249  2.22498
3 -3.141710 -6.577880  2.96695
3 -1.350980 -7.448940  4.40007
3 -2.598920 -6.859810  4.40742
3 -0.722278 -7.605820  2.98932
3  0.684384 -7.997870  3.01909
3  1.261780 -7.976920  4.38647
3  2.724640 -7.812610  4.38050
3  3.360160 -7.749470  2.98097
3  4.628670 -7.097090  3.01319
3  5.143590 -6.746990  4.44713
3 -4.559000 -5.081200  4.36218
3 -4.167380 -5.558100  2.90631
2 -0.011242 -4.527120  2.99390
2  1.278780 -4.564420  3.65257
3  6.688620 -5.445810  3.00086
3  6.293590 -5.903500  4.44779
3 -5.652960 -3.347890  2.92687
3 -5.391090 -3.934260  4.35889
2 -1.166390 -3.839860  3.60382
2 -0.918494 -2.997120  4.72388
2  1.460380 -3.695040  4.77015
2  2.837940 -3.227660  4.78291
2  3.474860 -3.714120  3.62521
3  7.485530 -4.212170  3.00046
3  7.777630 -3.666630  4.49463
3  8.049120 -2.182190  4.50524
3 -7.273440 -0.269056  4.44349
3 -6.554620 -1.521490  4.43768
3 -6.261590 -2.009100  2.94706
2 -2.193090 -1.069040  3.73286
2 -1.451320 -1.660780  4.81499
2  4.641150 -1.490460  3.36065
2  3.965500 -1.117550  4.50604
3  8.024670 -1.560400  3.05647
3  8.005450 -0.097594  3.05532
3 -3.200000 -6.662810  5.84345
3 -0.763184 -7.741280  5.89949
3  0.659687 -7.912880  5.87451
3  3.299040 -7.659370  5.87595
3  4.676240 -7.173050  5.89285
3 -4.223350 -5.641510  5.92316
3  6.714020 -5.470130  5.87950
3 -5.701730 -3.485930  5.82078
2  0.420300 -3.017030  5.35153
3  7.522150 -4.220100  5.90081
3 -6.188910 -2.089560  5.85205
2 -0.406774 -0.824362  5.51062
2  0.701488 -1.678770  5.77635
2  1.995660 -1.143940  5.77526
2  3.076420 -1.994190  5.23399
3  8.053360 -1.512830  5.94032
3  7.889710 -0.113491  5.94923
3 -3.196190 -6.661890  8.77793
3 -1.447990 -7.739370  7.32780
3 -2.729310 -7.039450  7.35402
3 -0.832812 -7.874190  8.76554
3  0.662408 -7.983760  8.74438
3  1.243760 -7.969500  7.29450
3  2.662300 -7.710140  7.35572
3  3.261550 -7.654810  8.86371
3  4.590110 -7.128330  8.90082
3  5.077550 -6.789640  7.38497
3 -4.546300 -5.196050  7.38077
3 -4.157550 -5.629280  8.76041
3  6.280250 -5.964680  7.38422
3  6.635160 -5.380710  8.88200
3  7.277160 -4.124310  8.85386
3 -5.346710 -3.971640  7.32543
3 -5.638430 -3.435560  8.75202
3 -6.329110 -2.166880  8.79952
1  1.256030 -2.046870  8.79347
3  7.631700 -3.570570  7.39994
3  7.918430 -2.146980  7.36015
3 -7.183770 -0.331472  7.35429
3 -6.471560 -1.569810  7.32905
1  0.182908 -1.216280  8.59215
1 -1.109150 -1.655340  9.10860
1  2.542480 -1.522860  9.01851
3  7.855900 -0.145899  8.92861
3  7.914650 -1.573400  8.87526
3 -1.407380 -7.681370 10.18910
3 -2.691320 -7.009570 10.18200
3  1.225090 -8.000520 10.22760
3  2.614750 -7.757890 10.24360
3  5.135380 -6.757900 10.30550
3 -4.606540 -5.238770 10.17490
3  6.251150 -5.865030 10.33300
3 -5.356210 -3.994190 10.21470
1 -1.266180 -2.889620  9.79109
1 -1.989270 -2.906210 11.04540
1 -0.107586 -3.756450  9.95283
1  1.112240 -3.316230  9.43243
1  2.373550 -3.585200 10.15330
1  3.265560 -2.463410  9.89363
3  7.560240 -3.642360 10.28620
3  7.849670 -2.272110 10.37340
3 -7.031610 -0.293650 10.21410
3 -6.569870 -1.680450 10.26440
1 -2.531680 -0.541057 10.81400
1 -1.753810 -0.461060  9.65867
1  2.621510 -0.117034  9.20049
1  4.029160 -1.906650 10.97520
1  4.125870 -0.471096 11.12060
3 -3.190420 -6.691930 11.65660
3 -1.373560 -7.707300 13.17120
3 -2.704300 -7.115000 13.10750
3 -0.783716 -7.900050 11.70140
3  0.613884 -8.089210 11.71370
3  1.188910 -7.998690 13.17710
3  2.594680 -7.753070 13.23060
3  3.192100 -7.523850 11.71450
3  4.489380 -6.968900 11.73240
3  5.184790 -6.936460 13.22100
3 -4.223230 -5.725890 11.63010
3 -4.667050 -5.259470 13.13560
1 -0.145841 -4.367740 11.30500
1  1.019600 -4.445530 12.08930
3  6.623010 -5.457320 11.72670
3  6.295930 -6.043020 13.25440
3 -5.724840 -3.561020 11.65110
3 -5.426480 -4.044000 13.09230
3 -6.316510 -2.208740 11.69550
1 -1.304480 -3.767440 11.98820
1 -1.347030 -3.549950 13.35430
1  2.291310 -4.108430 11.46030
1  3.991420 -2.484870 12.26670
1  3.164520 -3.604960 12.47320
3  7.410960 -4.214630 11.73300
3  7.497970 -3.601260 13.21300
3  7.745110 -2.193530 13.24350
3 -7.028960 -0.204317 13.18880
3 -6.671770 -1.688890 13.17190
1 -2.592460 -1.762480 11.57660
1 -2.587340 -1.487900 12.98390
1 -2.475730 -0.069576 13.07240
1  4.226240 -0.195562 12.53670
1  4.086480 -1.451550 13.22140
3  7.850300 -1.588690 11.84910
3  7.772290 -0.159353 11.83370
3 -3.330520 -6.822460 14.58600
3 -0.887900 -7.863320 14.65670
3  0.551213 -8.099450 14.68310
3  3.182580 -7.649580 14.62470
3  4.551840 -7.146840 14.68970
3 -4.267480 -5.750980 14.63300
1  1.113130 -4.190580 13.50440
3  6.668450 -5.594740 14.72240
3 -5.760470 -3.528100 14.62580
3 -6.441150 -2.263500 14.60230
1 -1.923690 -2.320950 13.88090
1 -0.104611 -3.830550 14.15170
1  2.402330 -3.619530 13.71410
1  2.536840 -2.662010 14.72180
3  7.307580 -4.235290 14.69490
1  3.430090 -1.498660 14.46470
3  7.768050 -1.636120 14.75310
3  7.704900 -0.186443 14.76130
2 -1.927210  0.372453  1.89135
2 -0.121369  2.121150  1.91765
2  2.378090  2.064090  1.73727
2  4.093600  0.621172  2.34202
3  7.154800  1.855030  1.63346
3  7.651130  0.484578  1.64847
3  5.495420  3.910380  1.62792
3  4.398780  4.833870  1.66663
3 -2.815560  8.083300  1.59244
3 -1.389750  8.202980  1.61742
3  2.283890  6.535830  1.60971
3  1.097390  7.351880  1.59606
3 -7.463020  0.344569  2.99816
3 -7.767440  1.794870  3.05934
2 -1.943420  0.307755  3.31618
2 -0.063126  2.031640  3.31646
2 -1.068390  1.124190  4.00208
2  1.227340  1.940400  3.94896
2  2.428390  1.996200  3.19722
2  3.486870  1.077190  3.54949
2  3.445730  0.209414  4.63028
3  7.040730  1.746540  4.51876
3  7.843630  0.527149  4.50971
3 -7.730860  2.328870  4.44173
3 -7.631800  3.784830  4.48119
3  6.784880  2.377300  3.07195
3  5.980890  3.557800  3.11530
3  5.476580  3.916780  4.60364
3 -7.494330  4.386710  3.04912
3 -6.810190  5.681110  2.98758
3 -6.532530  6.277950  4.40824
3  2.785710  6.195460  3.04946
3  3.968060  5.281750  3.08770
3  4.438840  4.946130  4.60439
3 -5.382010  7.179030  4.37178
3 -4.803400  7.492150  2.94900
3 -3.457450  7.985200  3.01438
3 -2.874320  7.957180  4.44642
3 -1.422370  8.162270  4.48934
3  0.600709  7.634240  3.03602
3 -0.751890  8.123760  3.04157
3  2.299900  6.483330  4.54963
3  1.138580  7.357660  4.56053
3 -7.395520  0.356699  5.94324
3 -7.736650  1.776440  5.94984
2 -0.205820  0.470627  5.04245
2  2.222880  0.204540  5.34909
2  1.143090  0.977939  4.98631
3  5.897230  3.398810  5.96267
3  6.752850  2.260490  5.93426
3 -7.502540  4.414400  5.81624
3 -6.770030  5.636790  5.80914
3  2.826290  6.128010  6.03997
3  3.941580  5.268630  6.02445
3 -4.903200  7.519970  5.88889
3 -3.535000  7.931090  5.92598
3 -0.874589  8.086050  5.95706
3  0.538286  7.594670  5.98122
3 -7.290060  0.262837  8.76982
3 -7.641820  1.658750  8.76863
1  0.233643  0.245147  8.68244
1  1.488790  0.751919  9.00443
3  6.918410  1.672430  7.52263
3  7.644120  0.422824  7.51630
3 -7.722700  2.359010  7.38117
3 -7.598760  3.789690  7.34899
3  6.522910  2.168500  8.95678
3  5.391760  3.793390  7.43858
3  5.756840  3.340050  8.92940
3 -7.418600  4.378930  8.77262
3 -6.476360  6.216540  7.37407
3 -6.819650  5.700910  8.83842
3  2.748790  6.135990  8.90854
3  4.361360  4.774260  7.47461
3  3.841720  5.217060  8.94065
3 -5.475550  7.243190  7.43450
3 -4.952150  7.534200  8.86484
3 -3.582380  7.976720  8.83187
3 -2.904780  7.993320  7.35689
3 -1.502820  8.067760  7.41621
3 -0.898939  7.972660  8.87637
3  0.459993  7.478770  8.90136
3  2.285480  6.559030  7.41894
3  1.061600  7.334420  7.38136
1 -0.816862  1.663670 10.32650
1 -0.910189  0.637566  9.39501
1  1.592630  1.776740 10.00680
1  2.821380  1.573420 10.71020
1  3.426230  0.392202 10.25710
3  6.881270  1.663410 10.42690
3  7.630560  0.386414 10.39920
3 -7.652700  2.273510 10.21700
3 -7.508300  3.714920 10.26630
1  0.452143  2.324160 10.58920
3  5.312720  3.832580 10.32490
3 -6.471380  6.212400 10.27170
3  4.316700  4.852200 10.28590
3 -5.517870  7.252970 10.30880
3 -2.950460  8.065150 10.28510
3 -1.541850  8.038030 10.31490
3  0.991165  7.243910 10.34720
3  2.253000  6.478990 10.35860
3 -7.216910  0.302060 11.67560
3 -7.574590  1.674010 11.65710
1 -1.587320  1.599010 11.54230
1 -2.434170  0.557545 11.74760
1  2.839330  1.855920 12.08010
1  3.614650  1.037080 13.00820
3  6.919120  1.667910 13.20020
3 -7.626620  3.782060 13.14810
3 -7.641530  2.330770 13.13250
1 -0.703676  2.085030 12.61150
1  0.520904  2.611140 12.05390
1  1.708110  2.431310 12.80310
3  6.584380  2.174170 11.81890
3  5.778360  3.361030 11.81730
3  5.341720  3.907870 13.23820
3 -7.393200  4.337610 11.65310
3 -6.931200  5.704340 11.64110
3 -6.486440  6.227540 13.16000
3  2.692040  6.007060 11.79720
3  3.931380  5.320330 11.76090
3  4.260130  4.851720 13.22170
3 -5.536430  7.289670 13.17650
3 -4.946590  7.511150 11.72790
3 -3.586870  7.978950 11.70240
3 -1.584520  7.897870 13.14720
3 -3.027150  7.994270 13.16080
3 -0.965584  7.851230 11.74740
3  0.418369  7.391100 11.74670
3  0.986079  7.221190 13.16830
3  2.211110  6.404020 13.21810
3 -7.201540  0.366592 14.61860
3 -7.589030  1.796720 14.57490
1 -1.671810  0.429599 14.17720
1 -0.779615  1.540120 13.88210
1  0.455502  1.312700 14.63060
1  1.686890  1.784290 14.09260
1  2.893920  0.972607 14.28350
3  7.618210  0.360913 13.24900
3  6.615860  2.213450 14.66160
3  5.847110  3.429010 14.67400
3 -7.530680  4.447440 14.56680
3 -6.906930  5.746950 14.63110
3  2.731170  6.122880 14.68810
3  3.930400  5.279510 14.64440
3 -4.988760  7.564780 14.62590
3 -3.652410  7.986290 14.69190
3 -1.041200  7.921910 14.64700
3  0.355636  7.454000 14.67760