287

3 -1.674630 -7.435530 56.6979
3 -2.789280 -6.522990 56.6967
3 -1.073970 -7.682350 55.3047
3  0.302420 -7.988790 55.2812
3  0.973362 -8.031880 56.7217
3  2.397140 -7.928070 56.7441
3  3.036550 -7.684350 55.3106
3  4.274170 -7.004600 55.2928
3  4.699420 -6.598760 56.7222
3 -3.287900 -6.191670 55.2655
3 -4.764850 -4.798320 56.6871
3 -4.291110 -5.144450 55.2772
3  6.313130 -5.324620 55.2801
3  5.780160 -5.619230 56.7574
3 -6.143930 -3.236290 55.2892
3 -5.797850 -3.787240 56.7504
3  7.174540 -4.142990 55.3277
3  7.377580 -3.530830 56.8119
3  7.689070 -2.159950 56.8665
3 -7.844940 -0.249461 56.7712
3 -7.099570 -1.530480 56.7154
3 -7.050630 -2.126810 55.2871
3  7.468100 -0.133095 55.4619
3  7.705530 -1.572890 55.4009
3 -1.118430 -7.679250 58.1258
3  0.291494 -8.046890 58.1755
3  2.921040 -7.713080 58.2169
3  4.149690 -7.000790 58.1506
3 -3.283070 -6.257240 58.1026
3 -4.249230 -5.214170 58.1252
3  6.220590 -5.283870 58.1879
3 -6.158220 -3.279170 58.2618
2 -1.691250 -2.657110 59.2621
2  0.337642 -3.611060 58.5690
2  0.151731 -2.320320 57.8977
2  1.607540 -3.995020 58.9939
2  2.755450 -3.143730 58.6883
3  7.134220 -4.157730 58.2405
3 -7.079220 -2.140570 58.2531
2 -1.068990 -1.788890 58.3088
2 -1.226910 -0.334555 58.3673
2  1.251610 -1.521120 57.5331
2  1.142780 -0.026293 57.6240
2  2.512830 -1.883290 58.0759
2  3.307680 -0.704628 58.3839
3  7.625550 -1.500740 58.3114
3  7.451440 -0.061756 58.2883
3 -1.654120 -7.478060 59.5577
3 -2.837940 -6.652320 59.6142
3 -1.059200 -7.729690 61.0656
3  0.278009 -8.138770 61.0818
3  0.907625 -8.134640 59.6810
3  2.354330 -7.881720 59.6214
3  2.942710 -7.662920 61.0834
3  4.269880 -7.109070 61.0514
3  4.841220 -6.787070 59.6044
3 -3.290980 -6.272950 61.0543
3 -4.762850 -4.782280 59.6199
3 -4.343780 -5.214690 61.0877
2  0.693702 -4.757010 61.1840
2 -0.627057 -4.372380 60.7130
2  1.782040 -4.548640 60.3065
3  5.902030 -5.821030 59.6226
3  6.284500 -5.335950 61.0417
3 -6.987690 -2.155760 61.1431
3 -5.810320 -3.783450 59.6679
3 -6.060490 -3.259160 61.1347
2 -0.838375 -3.857280 59.4211
2  3.009920 -4.025010 60.8338
2  3.545170 -3.147460 59.8399
3  7.264120 -4.235900 61.0824
3  7.402200 -3.589580 59.6250
3  7.671430 -2.149270 59.6572
3 -7.776240 -0.244959 59.6731
3 -7.421090 -1.626110 59.6638
2 -2.445510 -2.208430 60.3928
2 -2.503610 -0.765004 60.5161
2  4.330860 -2.059860 60.2085
2  4.134640 -0.840202 59.5258
3  7.733460 -1.544660 61.1347
3  7.595700 -0.105754 61.1688
3 -1.641830 -7.479050 62.6355
3 -2.863840 -6.648630 62.6520
3  0.906333 -8.154650 62.5402
3  2.331390 -7.806570 62.5068
3  4.841080 -6.737830 62.4981
3 -4.806890 -4.812560 62.5660
2  0.795165 -4.460500 62.5686
3  5.877310 -5.726820 62.5014
3 -5.743280 -3.719520 62.5601
2 -1.329970 -3.860950 61.8642
2 -2.144790 -2.733760 61.6973
2 -0.494201 -3.967840 63.0615
2  2.022470 -3.969240 63.0839
2  3.129260 -3.756710 62.1878
2  3.863600 -2.622690 62.5584
3  7.286000 -3.557420 62.5705
3  7.612740 -2.149640 62.5420
3 -7.777950 -0.251128 62.5570
3 -7.295510 -1.583080 62.6268
2 -2.133650 -1.670380 62.6234
2 -2.417580 -0.434723 61.9410
2  4.444420 -1.756400 61.6234
2  4.364670 -0.327755 61.7403
3 -1.591110 -7.286300 65.4807
3 -2.795940 -6.566510 65.5454
3 -0.996470 -7.595050 64.0146
3  0.354336 -8.096880 63.9778
3  0.995138 -8.092760 65.5469
3  2.428540 -7.893880 65.5222
3  3.005860 -7.632210 63.9840
3  4.364620 -7.139200 63.9718
3  4.866160 -6.831990 65.4680
3 -3.282680 -6.170040 64.1005
3 -4.355420 -5.251830 64.0696
3 -4.801030 -4.855640 65.5345
3  6.239990 -5.262440 64.0942
3  5.954490 -5.777890 65.5313
3 -6.096270 -3.342170 64.0552
3 -5.885080 -3.874850 65.5922
2 -0.438904 -2.882550 63.9858
2  0.818380 -2.320930 64.3990
2  2.044170 -2.870470 64.0846
2  3.166370 -2.047160 63.7363
3  6.997820 -4.003970 64.0493
3  7.220350 -3.535110 65.5081
3 -7.955800 -0.324941 65.6032
3 -7.300590 -1.656590 65.6133
3 -6.945020 -2.157720 64.0936
2 -1.382010 -1.742600 63.8451
2 -0.640114 -0.504186 64.2619
2  0.731601 -0.909323 64.5160
2  1.884270 -0.070630 64.3708
2  3.148530 -0.633260 63.9157
3  7.615840 -2.149060 65.5226
3  7.728550 -1.543530 64.1121
3  7.559730 -0.087056 64.0532
3 -0.958666 -7.676260 66.9968
3  0.415682 -7.975970 66.9870
3  3.070360 -7.770810 67.0100
3  4.377550 -7.179830 66.9432
3 -3.160030 -6.172390 67.0139
3 -4.291570 -5.280300 67.0071
3  6.379040 -5.380900 66.9421
3 -6.260410 -3.403630 67.0069
3 -6.945640 -2.201410 67.0139
3  7.087530 -4.147940 66.9454
1  1.728560 -1.951210 67.4498
1  1.669350 -0.482413 67.5274
3  7.722860 -1.526750 66.9421
3  7.518600 -0.068388 66.8899
1  0.531000 -2.617460 67.7425
1 -0.728183 -0.445481 67.7640
1 -3.202500  1.464450 54.7737
1 -2.470790  0.291349 54.9900
1 -1.040450  0.308411 55.1020
1 -0.386861  1.583650 55.1227
1 -2.580920  2.694740 54.8180
1 -1.150640  2.781370 55.0112
3 -8.090260  0.375785 55.3087
3 -8.125670  1.800330 55.3420
3  6.723220  1.782060 56.8401
3  7.343750  0.473780 56.9082
3 -7.737870  3.752780 56.7399
3 -8.070330  2.390050 56.7563
3  6.480030  2.366640 55.4052
3  5.766540  3.617780 55.3563
3  5.366750  4.091980 56.8155
3 -7.476810  4.343110 55.2959
3 -6.926180  5.665280 55.2401
3 -6.628170  6.198700 56.7137
3  4.015540  5.573920 55.3564
3  4.459400  5.216640 56.7979
3 -5.482510  7.057220 56.7142
3 -4.873530  7.277930 55.2252
3 -3.524530  7.868430 55.2891
3 -2.937150  7.919420 56.7641
3 -1.496200  8.074100 56.7835
3 -0.857438  8.041830 55.3687
3  0.486893  7.698570 55.3437
3  2.947130  6.449030 55.3388
3  2.466610  6.982640 56.8320
3  1.137100  7.644440 56.7624
3 -8.014590  0.367968 58.2511
3 -8.136500  1.784660 58.2018
2 -0.016729  0.423461 58.2259
2 -0.006873  1.484260 59.1869
2  2.424170  0.429794 58.1822
2  2.457080  1.455760 59.1841
3  5.641000  3.535140 58.2296
3  6.478460  2.331990 58.2942
3 -7.495840  4.341180 58.1593
3 -6.932610  5.672180 58.1862
3  4.036810  5.692600 58.2783
3 -4.967740  7.328940 58.1277
3 -3.573550  7.786450 58.1207
3 -0.883592  8.054590 58.1982
3  0.482204  7.733310 58.2522
3  2.933090  6.611120 58.2766
3 -8.057800  1.754540 61.1138
3 -7.948280  0.325306 61.0955
2 -1.881550  0.122316 59.5906
2 -1.133990  1.231900 60.0322
2 -1.018500  1.537510 61.3839
2  1.187850  1.995980 59.6242
2  3.323120  1.380020 60.3023
2  4.157350  0.234316 60.4734
3  6.726230  1.860980 59.6772
3  7.394150  0.574087 59.7287
3 -8.083940  2.372940 59.6175
3 -7.653850  3.734350 59.6283
2  1.254610  2.270190 61.0232
3  5.443650  4.186320 59.7153
3  5.727570  3.633870 61.1918
3  6.354520  2.319070 61.1483
3 -7.408240  4.314290 61.1561
3 -6.935320  5.703200 61.1470
3 -6.588950  6.222230 59.5767
3  4.504550  5.276540 59.7624
3  4.060040  5.688650 61.1740
3 -5.497660  7.121050 59.5403
3 -4.972330  7.455980 61.0931
3 -3.578600  7.861740 61.0851
3 -2.971810  8.034080 59.6609
3 -1.528530  8.178110 59.6544
3 -0.906622  8.071290 61.1067
3  0.527198  7.781070 61.1140
3  2.840010  6.480730 61.1431
3  2.358290  6.871440 59.7572
3  1.075860  7.529410 59.7441
2 -1.649140  0.669196 62.3810
2  0.395741  1.577680 63.2556
2  2.594260  1.891080 61.4641
2  2.789850  1.304380 62.6785
2  3.657840  0.182765 62.8632
3  6.764930  1.821650 62.5967
3  7.333880  0.487564 62.5932
3 -8.054940  2.380540 62.6434
3 -7.691000  3.796680 62.6680
2  0.218184  2.029150 61.9032
3  5.322410  4.096390 62.5838
3 -6.456470  6.172050 62.6326
3  4.523360  5.263300 62.5990
3 -5.476240  7.131210 62.5818
3 -2.946170  8.059130 62.5152
3 -1.486440  8.208480 62.5287
3  2.374440  6.924690 62.5676
3  1.030710  7.477460 62.6017
3 -8.028670  0.308739 64.0886
3 -8.121820  1.754420 64.0942
2 -0.821821  0.704675 63.5785
2  1.672250  1.170200 63.6361
3  6.789970  1.858100 65.4705
3  7.367130  0.546669 65.5317
3 -7.611950  3.710980 65.5665
3 -8.044170  2.359110 65.5527
3  5.773570  3.626370 63.9963
3  6.414870  2.361750 64.0226
3  5.533200  4.298020 65.4441
3 -7.457130  4.334220 64.0835
3 -6.835880  5.658520 64.1318
3 -6.429650  6.073300 65.6277
3  4.012340  5.674500 64.0463
3  4.496800  5.261850 65.4895
3 -5.389730  7.018990 65.5911
3 -4.860720  7.434780 64.1059
3 -3.532870  7.966050 64.1041
3 -1.546060  8.225340 65.5005
3 -2.976470  8.060740 65.5106
3 -0.922580  8.095450 64.0584
3  0.511618  7.727510 64.0383
3  2.281230  6.797350 65.4509
3  1.038760  7.462720 65.4019
3  2.824680  6.482320 64.0037
3 -8.131560  1.725050 66.9918
3 -8.061740  0.280824 67.0512
1  0.502726  0.271822 67.5387
3 -7.424640  4.273400 67.0276
3  5.787940  3.654200 66.9637
3  6.508290  2.446590 66.8974
3 -6.733830  5.554830 66.9958
3  3.958310  5.573350 66.9515
3 -4.909290  7.400710 67.0113
3 -3.539880  7.936830 66.9683
3 -0.897593  8.194410 66.8557
3  0.499191  7.809140 66.8265
3  2.806250  6.447110 66.9456