288

3 -4.734940 -6.945640 44.2120
3 -3.323240 -7.313110 44.2659
3 -0.670111 -7.365180 44.2815
3  0.771857 -7.159700 44.3483
3  3.159690 -5.923250 44.3080
3 -6.938110 -5.379040 44.2790
3  4.462880 -5.345920 44.3101
3 -7.716320 -4.137360 44.2820
3  6.431640 -3.595950 44.2826
3  7.448820 -2.599590 44.2864
3 -8.051350 -0.108608 44.2069
3 -8.122590 -1.506290 44.2080
2 -0.129607 -0.532075 44.2367
2 -1.239010 -0.214764 43.5045
2  0.671229 -1.702940 43.7965
2  2.082300 -1.442960 43.9628
3  8.410940 -0.061930 44.2928
3 -5.313430 -6.708900 45.6303
3 -4.747940 -7.038490 46.9653
3 -2.732930 -7.524920 45.5982
3 -3.362840 -7.409920 46.9409
3 -1.330510 -7.441630 45.6286
3 -0.672031 -7.340910 46.9571
3  1.351230 -6.918300 45.6241
3  0.724146 -7.090630 46.9930
3  2.552360 -6.188750 45.6109
3  3.122330 -5.877180 46.9621
3 -6.401640 -5.768370 45.5668
3  4.372190 -5.218880 46.9492
3  4.950050 -4.942430 45.6548
3  6.026170 -4.032550 45.6337
3 -8.030460 -2.109420 45.5354
3 -7.688450 -4.095030 46.8729
3 -7.782350 -3.479410 45.5834
3  6.505650 -3.653950 46.9683
3  7.474120 -2.569450 46.9715
3 -8.172430 -1.444380 46.8612
3  7.785550 -2.076130 45.5903
3  8.366420 -0.727228 45.5919
3  8.504270 -0.072664 46.9406
3 -5.342860 -6.631220 48.3052
3 -2.724890 -7.528350 48.3018
3 -1.323940 -7.474050 48.3056
3  1.329400 -6.905920 48.3321
3  2.547010 -6.220030 48.2914
3 -6.871120 -5.310680 46.9108
3 -6.385200 -5.673720 48.2829
3  4.817330 -4.842740 48.3080
3  6.004230 -4.069120 48.3073
3 -8.261670 -2.115600 48.1448
3 -7.804170 -3.472360 48.2194
1 -2.757140 -2.967800 48.0775
1 -1.440680 -2.674600 47.6425
1 -0.266037 -3.222620 48.3980
1  0.857466 -2.280730 48.3047
1 -3.642610 -1.805670 48.1477
1 -3.305900 -0.539758 47.6114
1 -1.000050 -1.369560 47.1080
1 -1.960650 -0.328479 47.0618
1  0.386234 -1.133590 47.5543
3  7.695180 -1.929560 48.3034
3  8.291510 -0.640179 48.2760
3 -4.745160 -7.008240 49.6158
3 -5.230200 -6.534360 50.9514
3 -2.761740 -7.549690 50.9539
3 -3.352960 -7.338410 49.6162
3 -1.343940 -7.532230 50.9209
3 -0.742502 -7.378050 49.6322
3  0.664536 -7.034210 49.6491
3  1.313330 -6.870790 50.9374
3  3.122470 -5.970700 49.6190
3  2.619660 -6.354250 50.8844
3 -6.727130 -5.148170 49.5630
3 -6.324260 -5.728280 50.9170
3 -7.571710 -4.035680 49.5625
1 -1.854480 -4.214960 50.0826
3  4.322620 -5.250780 49.6286
3  4.925140 -5.025470 50.9524
3 -8.229510 -2.072050 50.8562
3 -7.942800 -3.451920 50.8724
1 -3.942350 -3.038280 50.1457
1 -2.915090 -3.747270 49.3424
1 -0.489156 -3.983320 49.5945
1  1.622420 -2.092840 49.4558
1  0.401563 -3.755970 50.7324
1  1.503760 -2.850090 50.6304
3  6.007580 -4.123480 50.9669
3  6.447870 -3.566600 49.6086
3  7.309480 -2.461550 49.6196
3 -8.289460 -1.467190 49.5037
3 -8.259380 -0.039043 49.5553
1 -4.421620 -1.921890 49.3757
1 -4.711520 -0.715267 50.0372
1  2.144940 -0.823565 49.7959
3  7.612220 -1.895340 50.9606
3  8.171050 -0.572779 50.9521
3  8.362610  0.054657 49.5842
3 -4.637070 -6.798420 52.2638
3 -3.392000 -7.391030 52.2759
3 -0.638821 -7.426340 52.2384
3  0.731179 -7.071010 52.2579
3  3.096370 -6.015930 52.2804
3 -6.771450 -5.178330 52.2316
3 -7.638880 -4.032290 52.2055
3  4.340980 -5.337950 52.2943
1 -3.888910 -2.895650 51.5373
1 -2.793550 -3.473910 52.2765
1 -1.774060 -4.050070 51.5288
1 -0.408430 -3.821180 51.8864
1 -0.140573 -3.015570 52.9417
1  0.956299 -2.091580 52.8675
1  1.781620 -2.033670 51.7360
3  6.396370 -3.578080 52.2848
3  7.210990 -2.442400 52.2807
3 -8.299060 -1.436060 52.1238
3 -8.101280 -0.050948 52.1691
1 -4.317970 -1.734680 52.2628
1 -4.594370 -0.615476 51.4739
1  2.223480 -0.757124 51.2201
3  8.301580  0.085411 52.3010
3 -5.185150 -6.540700 53.6081
3 -4.634890 -6.831430 54.9187
3 -2.736230 -7.574210 53.5727
3 -3.345320 -7.389080 54.9450
3 -1.290460 -7.589550 53.5890
3 -0.665753 -7.559790 54.9304
3  0.755010 -7.173870 54.9247
3  1.332720 -6.965710 53.6294
3  2.585420 -6.359120 53.6100
3  3.222970 -6.203060 55.0037
3 -6.792160 -5.136310 54.8417
3 -6.303490 -5.627340 53.5903
3 -7.572950 -3.951510 54.8585
3  4.442940 -5.441480 54.9848
3  4.920640 -5.035220 53.6828
3  5.993440 -4.137980 53.6487
3 -8.339070 -2.032670 53.4860
3 -7.976580 -3.415330 53.4704
1 -2.558210 -2.639990 53.4349
1 -1.209890 -2.386830 53.7161
3  6.465590 -3.640610 54.9919
3  7.114160 -2.394130 54.9025
3 -8.150620 -0.053914 54.8153
3 -8.351640 -1.446800 54.8233
1 -3.458100 -1.506040 53.3814
1 -2.980290 -0.216990 53.6936
1 -0.761210 -1.056290 54.0942
1  0.608154 -0.885660 53.5880
3  7.562450 -1.897310 53.5894
3  8.261950  0.027749 54.9022
3  8.047710 -0.560618 53.5754
2 -1.552650  1.172720 43.1686
2  0.869136  0.469662 44.5997
2  0.636889  1.853190 44.2204
2  3.173160  0.713974 43.8661
2  2.184200 -0.088823 44.4007
3  8.594990  1.311760 44.2325
3 -7.237930  2.465850 44.2221
3 -6.391140  3.625400 44.1861
2 -0.603809  2.164120 43.5500
2  1.724520  2.691970 43.7226
2  2.956710  2.148840 43.4875
3  7.791510  3.837050 44.1364
3 -4.323040  5.368660 44.1953
3  6.976780  5.026820 44.0998
3 -3.084920  5.979390 44.1617
3 -0.611344  6.929960 44.1346
3  0.722255  7.329080 44.1532
3  3.458450  7.188130 44.1240
3  4.731460  6.510920 44.1221
3 -8.151130 -0.011973 46.8749
3 -7.974660  0.541485 45.5157
3 -7.513990  1.882180 45.5060
3  8.508670  1.984740 45.5572
3  8.601950  1.383910 46.9417
3 -6.268950  3.539980 46.8311
3 -7.125880  2.406320 46.8259
3  7.882440  3.941600 46.8922
3  8.151820  3.341000 45.5376
3 -5.934290  4.050680 45.5191
3 -4.811930  4.987910 45.5553
3 -4.275750  5.243240 46.8857
3  6.574450  5.524930 45.4834
3  7.017260  5.104970 46.8803
3 -3.077740  5.956750 46.8742
3 -2.517480  6.206120 45.5205
3 -1.163040  6.732620 45.4617
3 -0.575596  6.943620 46.8273
3  1.395250  7.263840 45.5476
3  0.791581  7.303870 46.8413
3  2.807580  7.206520 45.4852
3  3.391870  7.127850 46.8209
3  5.369450  6.306770 45.4612
3  4.786100  6.556400 46.8229
3 -8.087950  0.588302 48.2070
3 -7.494070  1.833150 48.2015
1 -3.682690  0.706319 48.2609
1 -2.576210  1.614470 48.2168
1 -1.499820  0.947452 47.5015
1 -0.171900  1.201730 47.9415
1  0.160694  2.071680 49.0189
1  0.786806  0.121495 47.9578
3  8.655240  2.038010 48.2171
3  8.278350  3.415820 48.2409
3 -5.883670  4.004380 48.2148
3 -4.768980  4.911790 48.1846
3  6.524300  5.461310 48.1655
3 -2.566810  6.340990 48.1870
3 -1.191670  6.745460 48.2250
3  1.402560  7.243970 48.1840
3  2.807730  7.190200 48.1884
3  5.369150  6.327730 48.1666
3 -8.002750  0.563421 50.8671
3 -7.523990  1.896720 50.8720
1 -4.425370  0.643129 49.4692
1 -4.103260  1.450860 50.6281
1  1.343220  1.535260 49.7267
1  1.688340  0.302576 49.0747
3  8.659080  1.427330 49.5340
3  8.515730  2.104740 50.9573
3 -7.192800  2.432330 49.5349
3 -6.299270  3.536310 49.5145
1 -3.040890  2.354300 50.4839
1 -2.228730  2.402350 49.2870
1 -0.918066  2.688930 49.6561
3  8.265650  3.505320 50.9046
3  7.893500  3.908900 49.5907
3 -5.932930  4.080940 50.9033
3 -4.787680  4.938880 50.8749
3 -4.296870  5.260510 49.5574
3  6.595770  5.581300 50.8658
3  7.026770  5.050170 49.5221
3 -3.145590  6.067080 49.5885
3 -2.535360  6.338120 50.9262
3 -0.617943  6.958460 49.5734
3 -1.159750  6.745570 50.8833
3  0.745671  7.205480 49.5242
3  1.444470  7.293730 50.8587
3  3.459570  7.094740 49.4581
3  2.827140  7.213970 50.7979
3  4.814400  6.610750 49.4676
3  5.456420  6.423600 50.8472
1 -4.319920  0.707558 51.8141
1 -3.472370  0.924853 52.9154
1  1.402160  1.583150 51.1490
1  0.063123  1.534150 53.0786
1  1.769920  0.417550 51.9044
3  8.504510  1.482880 52.3262
3 -7.180930  2.438520 52.1867
3 -6.357420  3.564140 52.2072
1 -2.363890  1.860920 52.8425
1 -0.811993  2.831340 51.0863
1 -2.172870  2.597120 51.6175
1  0.279307  2.239780 51.8019
3  7.882550  4.048030 52.2197
3 -4.273470  5.337160 52.2125
3  6.947490  5.135890 52.1695
3 -3.030330  6.007380 52.2606
3 -0.541511  7.029000 52.1966
3  0.861145  7.166860 52.1768
3  3.449280  7.144290 52.1453
3  4.849380  6.765810 52.1638
3 -8.012780  0.573390 53.5138
3 -7.518450  1.939470 53.5372
1 -1.642360  0.035929 54.0817
1 -1.261300  1.357950 53.5775
1  0.998189  0.376953 53.1179
3  8.405030  2.135740 53.6144
3  8.410430  1.456240 54.9316
3 -6.227650  3.536670 54.8233
3 -7.117260  2.463890 54.8841
3 -5.921640  4.073920 53.4878
3  8.061250  3.483220 53.5560
3 -4.234570  5.347210 54.8695
3 -4.793580  4.921520 53.4858
3  7.867220  4.069810 54.9013
3  7.042740  5.220390 54.8666
3  6.508940  5.599520 53.4877
3 -2.990860  5.995460 54.8847
3 -2.476300  6.335970 53.5606
3 -0.557338  7.055040 54.8707
3 -1.190070  6.899620 53.5364
3  0.841799  7.386700 54.8279
3  1.475110  7.240170 53.5171
3  3.503850  7.252170 54.8258
3  2.888920  7.214140 53.5037
3  5.403310  6.454920 53.4905
3  4.843350  6.798880 54.8356