319

3  0.276608 -8.356940 -15.93080
3 -2.355840 -8.036610 -15.90290
3 -3.659130 -7.370730 -15.90520
3  1.753490 -8.169900 -15.86880
3  4.154660 -7.059770 -15.92600
3 -6.416590 -4.427090 -15.97180
3 -5.623770 -5.688580 -15.93150
3  5.146640 -5.964530 -15.93730
3  6.243630 -3.646270 -15.86530
3  6.609540 -2.200230 -15.85630
3 -6.723460 -1.801430 -15.95220
3 -6.603620 -0.372993 -15.99180
2 -2.180400 -0.542264 -15.31290
2  0.309953 -0.843635 -16.53550
2  1.705440 -0.455090 -16.36650
2 -0.024161 -1.713140 -15.45940
3 -0.327021 -8.285620 -14.32430
3 -4.191740 -7.090810 -14.30890
3 -1.788640 -8.205370 -14.31950
3  2.295340 -8.050110 -14.31090
3  3.607460 -7.404770 -14.33590
3 -5.251210 -6.094040 -14.31960
3  5.425850 -5.471720 -14.33010
3  6.068160 -4.169770 -14.32180
3 -6.500430 -3.830900 -14.37600
3 -6.713020 -2.400140 -14.33210
2 -2.924700 -0.038453 -14.18510
2 -1.314750 -1.552640 -14.86990
2 -1.469620 -1.685020 -13.43740
2  1.171860 -1.877130 -14.61020
2  2.212890 -1.108480 -15.21180
2  3.140910 -0.418380 -14.41290
3  6.595330 -1.628420 -14.39390
3  6.709600 -0.188039 -14.37020
3  0.299914 -8.439680 -12.72680
3  1.718210 -8.223500 -12.70620
3 -3.588140 -7.262720 -12.71860
3 -2.351770 -8.088890 -12.70790
3  4.073080 -7.065630 -12.73550
3 -6.274290 -4.348090 -12.76790
3 -5.676130 -5.669420 -12.72770
3  5.152590 -6.040170 -12.76140
3  6.148030 -3.607650 -12.74690
3  6.514570 -2.218130 -12.76950
3 -6.625630 -1.803990 -12.76210
3 -6.491800 -0.359003 -12.80170
2 -2.495840 -0.711845 -12.98540
2 -0.308824 -1.826710 -12.67570
2 -0.229890 -1.174230 -11.44390
2  0.995223 -2.019450 -13.19900
2  1.944130 -1.326370 -12.35960
2  2.941120 -0.529291 -12.95410
3 -2.318900 -7.965590  -9.52437
3 -0.319102 -8.456290 -11.13750
3 -1.753260 -8.145540 -11.12080
3  0.240001 -8.455340  -9.54167
3  1.727820 -8.255740  -9.53116
3 -4.209510 -7.071080 -11.12390
3 -3.645850 -7.178530  -9.55400
3  2.248220 -8.029340 -11.14060
3  3.573750 -7.388800 -11.13810
3  4.096150 -7.092680  -9.54746
3 -6.337850 -4.319510  -9.57954
3 -5.386110 -6.134910 -11.18260
3 -5.682210 -5.651490  -9.57937
3  5.067200 -6.009220  -9.61695
3  5.404690 -5.474790 -11.17830
3  5.938530 -4.149120 -11.16970
3 -6.531250 -3.830840 -11.16130
3 -6.768650 -2.389500 -11.16940
3  6.123180 -3.645460  -9.54218
3  6.543240 -2.228950  -9.62531
3 -6.819580 -1.804360  -9.59579
3 -6.596530 -0.342408  -9.62578
2 -1.242720 -0.274524 -11.02220
2  1.227720 -0.842122 -11.23300
3  6.579760 -1.612580 -11.21370
3  6.730020 -0.151627 -11.21600
3 -0.305580 -8.417890  -7.92863
3 -1.759590 -8.103280  -7.93916
3 -4.139910 -6.942880  -7.93679
3  2.314350 -8.002290  -7.99848
3  3.570570 -7.312060  -8.02974
3 -5.295290 -6.109110  -8.00774
3  5.415090 -5.533850  -8.03481
3  6.036720 -4.153900  -8.05693
3 -6.453750 -3.778460  -7.99541
3 -6.809620 -2.360440  -7.99233
1  0.674157 -3.093380  -7.51353
1 -1.300370 -1.711950  -7.79044
1 -1.769810 -0.380284  -7.44202
1  0.061219 -1.867080  -7.86945
1  0.964201 -0.796474  -7.61096
3  6.567070 -1.603870  -8.02579
3  6.728970 -0.166894  -8.01255
3 -2.383880 -7.983190  -6.35643
3  0.332841 -8.376140  -6.37986
3 -3.683350 -7.286030  -6.37726
3  1.744080 -8.171350  -6.40653
3  4.048790 -6.949900  -6.49449
3 -6.352500 -4.360930  -6.40731
3 -5.690130 -5.631870  -6.41268
1 -1.972930 -4.456130  -5.45421
1  0.364699 -4.676380  -5.67245
1  1.602220 -4.331440  -5.13514
3  4.970330 -5.881680  -6.46131
1 -2.172590 -2.685430  -7.22461
1 -0.157883 -4.027840  -6.84120
1 -1.571950 -3.899850  -6.75325
1  1.991200 -2.758900  -6.96433
1  2.434830 -3.382760  -5.73563
3  6.200210 -3.650100  -6.44880
3  6.579750 -2.218380  -6.41957
3 -6.748730 -1.827390  -6.41660
3 -6.781580 -0.374451  -6.44408
1 -3.125430 -1.964540  -6.42826
1 -2.929280 -0.525755  -6.58317
1  2.191850 -1.331200  -7.06455
1  2.844340 -0.560911  -6.03508
3 -0.344569 -8.395690  -4.87798
3 -1.802110 -8.245400  -4.85796
3  0.253351 -8.325220  -3.28804
3 -5.230780 -6.068620  -4.84640
3 -4.179180 -7.064240  -4.82660
3 -3.647010 -7.400020  -3.25565
3 -2.325880 -7.970230  -3.26151
3  2.317380 -8.025700  -4.84303
3  3.607120 -7.324410  -4.87628
3  4.061150 -7.000520  -3.28937
3 -6.271130 -4.307270  -3.26963
3 -5.666720 -5.627180  -3.26959
1 -0.767618 -4.993030  -4.83713
1 -0.663881 -4.857890  -3.45840
1  1.761360 -4.248470  -3.70174
3  5.378080 -5.433820  -4.86141
3  6.041160 -4.183210  -4.87808
3  5.015830 -5.891310  -3.27125
3 -6.391610 -3.809630  -4.90795
3 -6.664130 -2.341010  -4.86681
1 -2.753870 -3.567430  -3.27769
1 -2.927160 -3.751870  -4.70345
1 -3.504140 -2.472510  -5.18733
1  3.172430 -2.646280  -4.71148
1  2.761320 -3.205160  -3.42121
3 -6.757080 -1.767860  -3.29492
3 -6.839020 -0.321366  -3.27098
1 -3.755320 -1.633370  -4.03657
1 -3.577880 -0.237968  -4.22439
1  3.272390 -1.260210  -4.86713
1  3.058320 -0.379386  -3.70524
3  6.676750 -0.200156  -4.84157
3  6.792670 -1.668080  -4.83207
3  1.727510 -8.161730  -3.29943
3  6.299660 -3.689900  -3.28188
3  6.623460 -2.280750  -3.32326
3 -6.689060  1.659850 -17.48470
2 -2.230650  1.639150 -16.32560
2 -1.925500  0.239856 -16.41090
2 -0.548297  0.131276 -17.04150
2  1.280940  1.812950 -17.22370
2  2.211240  0.812618 -16.77740
2  3.156590  1.481400 -15.84000
3  6.849760  1.886360 -15.88770
3  6.842710  0.405076 -15.89740
3 -6.566540  2.291470 -15.90670
3 -6.186010  3.701420 -15.90630
2 -1.160360  2.383850 -16.88640
2 -0.708931  3.620990 -16.34940
2  0.680295  4.012090 -16.23480
2  1.669140  3.087030 -16.61650
2  2.856660  2.910170 -15.82270
3 -4.900460  5.944660 -15.80600
3  5.641320  5.706510 -15.90270
3  6.293140  4.417640 -15.89280
3 -3.942120  7.025460 -15.83990
3  3.682570  7.423580 -15.81700
3  2.495800  8.224390 -15.91110
3 -1.574110  8.167580 -15.86730
3 -0.133739  8.367390 -15.90610
3 -6.592220  0.223446 -14.40260
3 -6.688410  1.699570 -14.33730
2 -3.222410  1.337680 -14.08980
2  3.680500  0.863447 -14.74600
2  3.758730  1.580420 -13.45480
2 -2.847130  2.175190 -15.19420
2 -2.496220  3.484160 -14.62390
2  3.448240  2.921730 -13.37970
2  3.004480  3.591760 -14.56740
3  6.768140  2.471800 -14.34340
3  6.446820  3.885970 -14.35980
3 -5.968540  4.243970 -14.32180
3 -5.301060  5.507950 -14.28570
2 -1.491240  4.234920 -15.25060
2 -0.498722  4.888410 -14.40100
2  0.807410  4.709520 -14.96700
2  1.919770  4.462360 -14.19880
3 -3.441380  7.337610 -14.31840
3 -2.174660  8.052780 -14.28570
3  5.285730  6.215910 -14.32930
3  4.165380  7.140950 -14.30230
3  0.475369  8.450650 -14.31320
3  1.934510  8.392810 -14.28830
2 -3.183680  2.078880 -12.88110
2 -2.775670  1.416580 -11.71220
2 -2.433330 -0.032278 -11.78430
2  3.374420  0.722211 -12.33390
3  6.877740  1.847280 -12.78440
3  6.740510  0.384339 -12.75670
3 -6.695890  2.267820 -12.75260
3 -6.200030  3.632380 -12.78460
2 -2.749360  3.408570 -13.19630
2 -1.766150  4.002910 -12.35240
2  2.704780  3.389780 -12.27290
3 -4.902900  6.031990 -12.74690
2 -0.630391  4.768100 -12.95190
2  1.791520  4.413860 -12.75250
2  0.513097  4.522130 -12.13100
3  5.426930  5.625490 -12.70210
3  6.262380  4.428630 -12.73980
3 -3.859820  6.995170 -12.74960
3  3.751050  7.480140 -12.66620
3 -1.527180  8.073910 -12.71660
3 -0.074111  8.397980 -12.72140
3  2.460040  8.151770 -12.71250
3 -6.650210  0.231555 -11.23630
3 -6.788520  1.704730 -11.22690
2 -0.856280  1.029340 -10.50520
2  1.544590  0.443251 -10.70800
2  0.523715  1.320390 -10.35360
2  2.670060  1.206630 -11.19960
3  6.749800  1.878420  -9.60295
3  6.764820  0.382326  -9.61505
3 -6.680840  2.280720  -9.69962
3 -6.339700  3.667410  -9.67691
2 -1.244980  3.346220 -11.19770
2 -1.740960  2.045370 -10.92840
2  0.106717  3.627990 -11.08150
2  0.982049  2.654240 -10.59480
2  2.296710  2.566890 -11.20580
3  6.753420  2.454030 -11.19780
3  6.479490  3.869340 -11.17890
3 -5.275050  5.512560 -11.18960
3 -5.958730  4.240180 -11.23120
3 -4.893760  5.952250  -9.58503
3  5.638080  5.656420  -9.60776
3  6.264680  4.383380  -9.55601
3 -3.415290  7.406840 -11.14840
3 -3.921370  7.012910  -9.60518
3 -2.074530  7.949310 -11.12570
3  3.758680  7.463860  -9.55465
3  5.284120  6.151780 -11.12820
3  4.273940  7.208270 -11.15560
3 -1.526560  8.220350  -9.56261
3 -0.076544  8.487240  -9.52476
3  0.507060  8.440370 -11.11410
3  1.955850  8.313910 -11.11580
3  2.496440  8.169040  -9.57794
3 -6.709010  0.258291  -8.02475
3 -6.654260  1.717550  -8.07036
1  0.493041  0.438698  -7.26624
3  6.734920  2.412300  -7.98172
3  6.442100  3.847080  -8.01430
3 -6.063830  4.284480  -8.09313
3 -5.317310  5.509590  -8.07330
3 -3.421010  7.441810  -8.03004
3 -2.080500  7.931180  -7.98117
3  5.296540  6.220910  -8.02860
3  4.311240  7.280110  -8.00363
3  0.499533  8.577810  -7.99819
3  1.980690  8.422990  -7.97224
1 -3.145550  0.324128  -5.51609
1 -0.867693  0.649205  -7.03731
1 -1.153280  1.510730  -6.01443
1  1.146540  1.274060  -6.25772
1  0.122728  1.956070  -5.48627
1  2.260530  0.719232  -5.63115
3  6.823700  1.837760  -6.40914
3  6.651560  0.408384  -6.42856
3 -6.655970  2.308050  -6.46886
3 -6.263190  3.778090  -6.47534
3 -4.978820  6.019970  -6.46994
3  5.613940  5.734910  -6.40678
3  6.324860  4.435380  -6.42328
3 -3.908670  7.088760  -6.42355
3  3.822970  7.627880  -6.42445
3 -1.505500  8.188700  -6.46845
3 -0.095505  8.572110  -6.49742
3  2.506980  8.310180  -6.43262
3 -6.720730  0.222612  -4.83960
3 -6.622660  1.742170  -4.84671
1 -2.278470  1.430420  -5.18379
1 -2.096730  1.496410  -3.81503
1  0.296186  2.057680  -4.11187
1  1.516540  1.545650  -3.38787
1  2.423090  0.810552  -4.19520
3  6.887710  1.781730  -3.27448
3  6.845510  0.341942  -3.34588
3 -6.568960  2.312820  -3.42100
3 -6.224790  3.717120  -3.31451
3  6.880770  2.456590  -4.84855
3  6.503170  3.863470  -4.82669
3 -5.962490  4.263620  -4.87539
3 -5.195570  5.488800  -4.85218
3 -4.883640  5.944820  -3.29652
3  5.289480  6.203270  -4.80201
3  5.564740  5.711770  -3.18972
3  6.250380  4.407880  -3.24280
3 -3.353500  7.298940  -4.84073
3 -2.079590  8.043670  -4.86018
3 -1.507750  8.249690  -3.27200
3  3.828880  7.633820  -3.24987
3  4.289860  7.323050  -4.80158
3 -0.092706  8.520770  -3.24355
3  1.935430  8.489590  -4.84838
3  0.442936  8.624780  -4.86303
3  2.488040  8.271670  -3.26436
1 -2.907020  0.454578  -3.15953
1 -0.803358  1.696570  -3.24699
3 -3.829550  6.975260  -3.21979