314

3 -2.351130 -7.833970 56.6123
3 -3.654880 -7.203000 56.6296
3  0.316075 -8.313040 56.5781
3  1.756890 -8.022030 56.6016
3  4.167440 -6.940810 56.5449
3 -5.579100 -5.416480 56.5743
3  5.212390 -5.988140 56.5060
3 -6.225310 -4.138060 56.5841
1  0.147812 -2.016960 56.1830
3  6.283300 -3.553410 56.5227
3  6.605770 -2.133470 56.5242
3 -6.520260 -1.537160 56.6024
3 -6.722880 -0.113009 56.6458
1 -2.315770 -0.903286 57.0232
1 -2.135020 -1.316570 55.7199
1 -0.877155 -1.840250 55.2719
1  1.532330 -1.775940 55.8172
1  2.272670 -1.312580 57.0410
1  3.176020 -0.225545 56.9276
3 -4.105120 -6.791740 58.1427
3 -0.306700 -8.327280 58.1579
3 -1.763580 -8.089850 58.1742
3  2.291510 -7.854420 58.1393
3  3.689540 -7.347400 58.0922
3 -5.153400 -5.858410 58.1506
3  5.541220 -5.495870 58.1101
3  6.111910 -4.126350 58.0937
3 -6.421470 -3.618870 58.1575
3 -6.611290 -2.162350 58.1927
1 -0.058880 -1.624620 57.5359
1 -1.324350 -1.223430 58.0101
1 -1.280020 -0.146681 58.9654
1  1.228970 -1.221940 58.1061
1  1.225500 -0.195447 59.0853
3  6.808490 -1.624130 58.1506
3  6.903680 -0.180923 58.1580
3 -3.633070 -7.203850 59.7362
3 -2.408070 -7.979990 59.7197
3  0.302437 -8.434900 59.7524
3  1.720740 -8.090630 59.7166
3  4.170130 -7.047170 59.6286
3 -6.157690 -4.119750 59.7411
3 -5.374380 -5.349250 59.7523
3  5.165570 -6.027680 59.6769
3  6.351510 -3.663300 59.6644
3  6.652670 -2.209080 59.7090
3 -6.791320 -1.540700 59.7278
3 -6.682030 -0.100259 59.7757
3  6.765860 -0.166576 61.2817
3 -3.990430 -6.791240 61.3581
3 -3.677660 -7.217330 62.8600
3 -2.363490 -7.884610 62.9017
3 -0.277558 -8.211360 61.3034
3 -1.776300 -8.013960 61.3010
3  0.338540 -8.223190 62.8755
3  1.786260 -7.934590 62.8828
3  2.354570 -7.957110 61.2699
3  3.687230 -7.319350 61.2560
3  4.197060 -6.977120 62.8657
3 -6.236090 -4.177680 62.8799
3 -5.120010 -5.897860 61.3352
3 -5.482200 -5.420020 62.8835
3  5.592250 -5.547830 61.2505
3  5.253870 -6.013790 62.8650
3  6.242390 -4.196590 61.2681
3 -6.359970 -3.606550 61.2995
3 -6.610720 -2.138530 61.2432
2 -1.230760 -2.831790 62.7309
2  1.651120 -2.947360 62.8994
3  6.296670 -3.734640 62.8764
3  6.600780 -2.298150 62.9180
3 -6.797100 -1.598120 62.8172
3 -6.641220 -0.094314 62.8161
2 -2.307630 -0.770868 63.1426
2 -0.421707 -1.738080 62.1538
2 -1.116960 -0.484875 62.4355
2  0.979609 -1.794140 62.2902
2  1.708090 -0.595971 62.6621
3  6.636720 -1.666210 61.3309
3 -0.308394 -8.241160 64.4557
3 -4.177250 -6.942560 64.4647
3 -1.733990 -7.972050 64.4735
3  2.302830 -7.792480 64.4347
3  3.701250 -7.274060 64.4448
3 -5.146700 -5.896840 64.4617
2 -1.115370 -4.368590 64.6441
2  1.204180 -4.560000 64.7175
3  5.668770 -5.598650 64.4502
3  6.231330 -4.287420 64.4249
3 -6.477790 -3.602460 64.4773
3 -6.771470 -2.172630 64.4303
2 -2.406280 -2.216140 63.3635
2 -2.308610 -3.863850 65.2149
2 -2.849880 -2.697180 64.5941
2 -0.622137 -3.931670 63.3619
2  0.828540 -4.036110 63.4154
2  2.831770 -2.436270 63.6204
2  3.152500 -2.987980 64.8746
2  2.736350 -1.014940 63.5550
2  3.246530 -0.158776 64.5146
3  6.544910 -1.643210 64.3993
3  6.702950 -0.221662 64.3679
3  0.263876 -8.130250 66.0441
3 -3.714340 -7.300450 66.0697
3 -2.345840 -7.838450 66.0351
3  1.716430 -7.995760 66.0158
3  4.092560 -6.918740 66.0271
3 -6.294420 -4.172050 66.0385
3 -5.469020 -5.428100 65.9923
2 -0.071221 -4.806720 65.4652
2 -0.108377 -4.730560 66.8720
3  5.260280 -6.047730 66.0159
2 -2.392950 -3.627930 66.6584
2 -3.032180 -2.378780 66.8849
2  2.338190 -4.082490 65.3775
2  2.219640 -3.884570 66.8292
2  3.471860 -2.122610 65.9627
3  6.443890 -3.765420 65.9534
3  6.684710 -2.295490 65.9498
3 -6.954070 -1.600380 65.9608
3 -6.817460 -0.087896 65.9784
2 -3.355560 -1.794600 65.6090
2 -3.285220 -0.400148 65.3539
2  3.540150 -0.703167 65.7754
3  0.263325 -8.182500 69.2126
3 -4.114060 -6.933530 67.6151
3 -3.723810 -7.388550 69.1774
3 -2.292750 -7.903800 69.2059
3 -0.311017 -8.314230 67.5973
3 -1.799650 -8.066810 67.6128
3  1.740440 -8.110640 69.2190
3  2.323170 -8.023560 67.6143
3  3.631080 -7.268210 67.6305
3  4.062540 -6.884290 69.2085
3 -6.193600 -4.163040 69.1811
3 -5.060710 -5.852250 67.5611
3 -5.496530 -5.461840 69.1580
3  5.587360 -5.544810 67.5990
3  5.180610 -5.961220 69.1876
3  6.289580 -4.238830 67.6101
3 -6.407720 -3.663760 67.5703
3 -6.825880 -2.216130 67.5216
2 -1.309750 -4.106380 67.4662
2 -0.903712 -3.186800 68.5309
2  1.046340 -4.138930 67.5378
2  0.550702 -3.205640 68.5426
2  1.293860 -2.043350 68.8263
2  2.945860 -2.712440 67.1664
3  6.389670 -3.658970 69.1537
3  6.800610 -2.268030 69.1541
3 -6.757030 -1.610660 69.1257
3 -6.897640 -0.207105 69.1653
2 -2.640890 -1.519480 67.9205
2 -1.528980 -1.913400 68.7605
2 -0.749206 -0.724060 69.0885
2  0.668628 -0.773840 69.0824
2  2.532400 -1.771530 68.1213
2  2.665850 -0.315905 67.9778
3  6.697440 -1.708900 67.5811
3  6.773440 -0.242025 67.5919
1  2.451370  3.879760 55.1033
1 -3.471180  1.181200 56.4453
1  3.520370  1.798100 55.6980
1  3.427550  0.318499 55.5916
3  6.657440  1.941260 56.6229
3  6.790670  0.454535 56.6034
3 -6.678800  2.521180 56.5686
3 -6.142810  3.877880 56.5765
1 -3.190340  2.600160 56.5381
1 -2.915190  3.092190 55.2660
1  3.307520  2.092460 57.1140
1 -1.433720  4.716460 56.2841
1 -0.048603  4.988320 55.9907
1  1.020760  4.780000 56.8454
1  2.261500  4.220350 56.4391
3  5.372430  5.768000 56.5991
3  6.040240  4.462850 56.6232
3 -4.805510  6.124490 56.5056
3 -3.742810  7.152750 56.4800
3  3.702330  7.753710 56.5963
3 -1.513330  8.513000 56.5857
3 -0.039371  8.900690 56.6159
3  2.395670  8.528320 56.5993
3 -6.746960  0.494630 58.1875
3 -6.777970  1.957250 58.1938
1 -2.286600  0.814884 58.5734
1 -3.014820  0.294203 57.4331
1  3.140840  0.880960 57.8669
1  2.145420  0.922980 58.9459
1 -2.196270  2.217540 58.7610
1 -2.690650  3.160510 57.7179
1 -1.738490  4.257360 57.6181
1 -0.644282  3.947810 58.4895
1  1.698670  3.338570 58.5316
1  2.703920  3.296250 57.5001
3  6.555830  2.506110 58.1870
3  6.082440  3.820050 58.1936
3 -5.862780  4.418160 58.1147
3 -5.176290  5.690750 58.0904
1  0.670510  4.250060 58.1670
3 -3.347500  7.551050 58.1015
3  4.234460  7.420980 58.1585
3  5.094240  6.248840 58.1300
3 -2.024540  8.227770 58.1392
3  0.461804  8.913220 58.2381
3  1.900160  8.801470 58.1758
1 -0.034954  0.351536 59.4703
1  0.070960  1.804860 59.5944
3  6.559770  1.847170 59.6934
3  6.790640  0.413646 59.7030
3 -6.581810  2.519270 59.7867
3 -6.155880  3.982370 59.7314
1 -0.926636  2.710390 59.1650
1  1.437980  2.147780 59.2597
3  5.375980  5.771050 59.7494
3  5.904470  4.449280 59.7352
3 -4.868710  6.161010 59.7033
3 -3.788220  7.146830 59.6939
3  3.720400  7.761350 59.7270
3 -1.483070  8.474810 59.7437
3 -0.089146  8.919200 59.8083
3  2.476350  8.588390 59.7334
3 -6.735770  0.532163 61.3124
3 -6.710120  1.960200 61.3575
2 -0.352810  0.688295 62.7824
2  1.049600  0.616431 62.8467
3  6.511120  1.832880 62.8889
3  6.737640  0.404338 62.8526
3 -6.508010  2.578750 62.8893
3 -5.970290  3.906350 62.8814
3  5.982300  3.808950 61.2942
3  6.379990  2.392910 61.2864
3 -5.124340  5.714990 61.3358
3 -5.805240  4.456370 61.3129
3  5.313760  5.699590 62.8455
3  5.785940  4.362050 62.8222
3 -4.768530  6.162150 62.9532
3 -3.374610  7.592810 61.3316
3 -3.708520  7.227300 62.9372
3  3.750770  7.859220 62.9275
3  4.109160  7.339530 61.3505
3  4.975340  6.214660 61.3188
3 -2.065390  8.335910 61.2829
3 -1.585500  8.651570 62.8921
3 -0.119555  8.860390 62.9243
3  0.509048  8.938480 61.3558
3  1.937590  8.714100 61.3519
3  2.565270  8.607200 62.8735
3 -6.786270  0.439508 64.4410
3 -6.702960  1.896120 64.4618
2 -2.771440  0.147090 64.1259
2 -0.830655  1.625280 63.7569
2 -1.986260  1.377740 64.4486
2  1.506970  1.570850 63.8693
2  0.324983  2.167480 64.4448
2  2.474310  1.077650 64.7388
3  6.094520  3.826500 64.4397
3  6.414980  2.378370 64.4321
3 -5.805840  4.425000 64.4384
3 -5.142860  5.725650 64.4776
3 -3.279920  7.667270 64.4647
3  4.078390  7.358440 64.4740
3  4.916860  6.154230 64.4438
3 -2.082740  8.471610 64.4973
3  0.499029  8.920650 64.4908
3  2.029840  8.840420 64.4911
2 -2.887370  0.504775 66.5014
2 -2.086280  1.526920 65.8899
2  1.380450  1.900650 66.7141
2  2.515640  1.320950 66.1491
2  3.181540  0.208338 66.8039
3  6.566040  1.757410 66.0440
3  6.673650  0.305155 66.0150
3 -6.512000  2.493260 66.0486
3 -6.019750  3.926910 66.0743
2 -0.951001  1.931850 66.5846
2  0.249137  2.217040 65.8496
3  5.296540  5.677200 65.9963
3  5.814510  4.330050 66.0338
3 -4.743290  6.191670 66.0529
3 -3.689670  7.172480 66.0563
3  3.739820  7.743370 66.0891
3 -1.556260  8.651740 66.0587
3 -0.127109  9.048030 66.0804
3  2.468790  8.539310 66.1008
3 -6.758620  0.383636 67.5727
3 -6.602440  1.849100 67.6291
2 -2.545020 -0.084944 67.7385
2 -0.555906  1.402150 67.8598
2 -1.367660  0.372943 68.4380
2  0.890351  1.452500 68.0101
2  1.518060  0.302456 68.6277
3  6.676800  0.318770 69.1946
3  6.610670  1.786490 69.2095
3 -6.364440  2.345910 69.2038
3 -5.910670  3.798880 69.1135
3  6.087400  3.801260 67.6296
3  6.379440  2.301120 67.6276
3 -5.776550  4.405510 67.5386
3 -5.103090  5.715020 67.6213
3 -4.754230  6.201720 69.2312
3  5.295170  5.569340 69.2029
3  5.883680  4.252890 69.2329
3  5.015500  6.097530 67.6377
3 -3.267350  7.532730 67.6345
3 -3.649000  7.113920 69.2401
3  4.187590  7.253350 67.6657
3  3.667280  7.618640 69.2204
3 -2.008770  8.315320 67.5939
3 -1.548360  8.703930 69.2107
3 -0.101153  8.880000 69.2597
3  0.491979  9.009770 67.6652
3  1.901940  8.712700 67.7023
3  2.457080  8.422140 69.2499