406

3  -2.582780 -8.437960 -22.37850
3  -1.938160 -8.650340 -21.15590
3  -0.551335 -8.876970 -21.11100
3   0.233642 -8.915330 -22.25690
3   1.609680 -8.598220 -22.16840
3   2.170780 -8.317580 -20.89920
3  -4.569940 -7.596170 -21.18040
3  -5.661960 -6.719200 -21.13670
3  -3.850040 -7.849670 -22.36690
3   4.032100 -7.278780 -21.97510
3   4.926450 -6.188710 -21.83870
3  -6.971440 -5.022610 -22.26100
3  -7.399920 -4.486840 -21.05360
3  -6.101710 -6.093030 -22.30170
3   6.018090 -4.252380 -22.86300
3  -8.294420 -2.528370 -22.12990
3  -8.118400 -3.261430 -20.95480
1  -2.150260 -3.348890 -22.68600
1  -2.214460 -2.579330 -21.45960
1  -0.891218 -4.078330 -22.69190
1  -0.187278 -3.755730 -21.47140
1   1.975960 -3.778700 -22.66070
1   1.210960 -3.617940 -21.44460
1   3.042550 -2.794850 -22.64640
3   6.284980 -3.714020 -21.58910
3   6.627270 -2.359010 -21.41310
3  -8.811570 -1.233420 -22.04670
1  -3.296430 -0.709436 -22.65800
1  -2.793170 -1.295930 -21.43710
1   2.948060 -2.046210 -21.41380
1   3.245220 -0.673236 -21.38370
3   6.855420 -1.555530 -22.52330
3   6.874320 -0.178724 -22.36460
3  -2.636190 -8.447710 -19.95070
3   0.060459 -8.784410 -19.84890
3   1.446180 -8.548530 -19.72050
3  -6.242730 -6.286220 -19.90920
3  -3.943010 -7.951930 -19.96910
3   3.425830 -7.747350 -20.82190
3   3.958580 -7.414120 -19.55700
3   4.892900 -6.402020 -19.45080
3  -7.042000 -5.118680 -19.84990
3   5.360680 -5.769530 -20.58470
3   5.968880 -4.519350 -20.48680
3  -8.437960 -2.630320 -19.76020
1  -1.008030 -2.844860 -20.71250
1   1.819490 -2.554900 -20.67440
3   6.120290 -3.952020 -19.20690
3   6.466710 -2.622980 -19.07470
3  -9.094450 -0.566048 -20.83170
3  -9.008650 -1.337910 -19.69510
1  -2.181300 -0.239738 -20.65990
1  -0.406810 -1.822120 -19.97220
1  -0.985912 -0.508440 -19.98950
1   1.028270 -1.676320 -19.92360
1   1.330290 -0.260278 -19.89020
3   6.643910 -1.775560 -20.14880
3   6.682910 -0.369643 -20.02960
3  -2.795900 -8.628500 -17.50330
3  -2.061830 -8.728830 -18.67410
3  -0.659249 -8.896920 -18.62990
3  -0.032347 -8.939070 -17.34850
3   1.369990 -8.740590 -17.29750
3   2.043270 -8.408110 -18.45910
3  -6.262820 -6.266020 -17.53590
3  -5.764290 -6.815810 -18.73370
3  -4.637520 -7.654640 -18.77130
3  -4.091530 -8.054850 -17.51010
3   3.323470 -7.888700 -18.39920
3   3.906320 -7.616950 -17.20040
3   4.946780 -6.700740 -17.06620
3  -7.401480 -4.537440 -18.65200
3  -7.100490 -5.186960 -17.45810
3   5.290500 -5.968110 -18.19920
3   5.917350 -4.764070 -18.08330
3   6.270190 -4.265460 -16.85310
3  -8.138290 -3.329330 -18.57440
3  -8.499930 -2.744090 -17.35930
3   6.560340 -2.071790 -17.80340
3  -9.106670 -0.689823 -18.44110
3  -8.930880 -1.430090 -17.29680
3   6.432600 -0.675575 -17.67800
3  -2.147860 -8.937330 -16.28110
3  -2.833850 -8.755720 -15.06910
3  -0.753837 -8.995820 -16.19560
3  -0.069444 -9.041730 -15.00650
3   1.349440 -9.004710 -14.93450
3   2.078140 -8.750600 -16.09120
3   3.360270 -8.112550 -16.02640
3  -6.203210 -6.285800 -15.11080
3  -5.753350 -6.809870 -16.33130
3  -4.663920 -7.701550 -16.30120
3  -4.074530 -8.081520 -15.10390
3   3.949360 -7.862880 -14.77040
3   5.454970 -6.307370 -15.83900
3  -7.510500 -4.629530 -16.24680
3  -7.087290 -5.208940 -15.04490
3   6.146730 -5.075580 -15.72570
3  -8.249640 -3.448550 -16.22390
3  -8.501640 -2.844760 -14.96880
2  -2.044790 -2.798140 -15.21660
3   6.550550 -2.912620 -16.71370
3   6.484270 -2.352150 -15.45110
3  -8.967530 -0.775927 -16.06240
3  -8.878910 -1.509580 -14.85920
2  -4.241150 -1.188210 -16.01820
2  -1.923030 -1.988440 -16.35670
2  -3.046330 -1.167910 -16.76110
2  -0.709421 -1.224590 -16.57340
2   0.385301 -1.314560 -15.70110
3   6.329900 -0.942973 -15.35240
3   6.210730 -0.116966 -16.45170
3  -2.187900 -8.921970 -13.86900
3  -0.801577 -9.137080 -13.84600
3   2.012540 -8.853080 -13.72280
3   3.277460 -8.253970 -13.59800
3  -4.677160 -7.738260 -13.91750
3  -5.736960 -6.855780 -13.91200
3   5.021770 -6.946420 -14.66680
3   5.448010 -6.486390 -13.41660
3  -7.564650 -4.764680 -13.81110
3   6.270010 -5.344500 -13.30210
3   6.463120 -4.544740 -14.44960
3  -8.263060 -3.542150 -13.74280
2  -3.279730 -2.838230 -14.45360
2  -2.926090 -2.921440 -13.04740
2  -0.938547 -2.846460 -14.28810
2  -1.480750 -2.926620 -12.95490
2   0.251492 -2.134170 -14.51980
3   6.587660 -3.167280 -14.35020
3   6.659360 -2.574830 -13.04630
3  -9.082550 -0.913194 -13.60230
2  -4.373000 -2.044490 -14.85510
2  -5.141550 -1.324900 -13.85550
2   0.936176 -1.465270 -13.43760
2   1.487990 -0.224306 -13.93970
3   6.246790 -0.346789 -14.07030
3   6.439270 -1.199240 -12.97220
3  -4.147460 -8.142440 -12.70310
3  -2.908660 -8.768690 -12.70300
3  -2.227700 -8.969990 -11.50310
3  -0.854409 -9.195410 -11.48310
3  -0.129733 -9.203540 -12.65570
3   1.228180 -8.925740 -12.56940
3   1.910070 -8.794390 -11.37340
3   3.210750 -8.358600 -11.25640
3   3.844450 -7.925650 -12.37620
3  -6.378770 -6.499100 -12.69980
3  -4.855330 -7.898000 -11.48620
3  -5.927000 -7.004470 -11.48470
3   4.909150 -7.078940 -12.29940
3   5.359540 -6.647670 -11.06160
3  -7.271420 -5.443430 -12.64700
3  -7.713590 -4.912860 -11.41590
3   6.142550 -5.484400 -10.90950
3   6.560060 -4.780810 -12.04250
3  -8.568680 -2.975430 -12.51830
3  -8.317170 -3.666790 -11.35610
2  -3.673340 -2.221270 -12.08560
2  -0.824014 -2.261240 -11.91520
3   6.716440 -3.369650 -11.90310
3   6.744820 -2.775850 -10.66530
3  -9.150100 -1.696640 -12.45850
3  -9.431670 -1.085750 -11.25360
2  -4.801780 -1.411060 -12.49130
2  -4.825020 -0.232659 -11.64500
2  -2.996800 -1.539580 -11.00060
2  -1.595980 -1.550980 -10.92990
2   0.401605 -1.531390 -12.14370
2   0.388139 -0.363302 -11.29610
3   6.444170 -0.580870 -11.71150
3  -4.222590 -8.282500 -10.30350
3  -2.943110 -8.789500 -10.33160
3  -2.295790 -9.074680  -9.13370
3  -0.174087 -9.254940 -10.26110
3  -0.936155 -9.302200  -9.09065
3   1.190310 -9.071530 -10.21940
3   1.828630 -9.001890  -8.98815
3   3.762400 -8.104270 -10.01590
3   3.155860 -8.570300  -8.87426
3  -6.501610 -6.600170 -10.29260
3  -4.885190 -8.022310  -9.14581
3  -6.025540 -7.210850  -9.10510
3   4.899720 -7.296800  -9.91432
3   5.309980 -6.851320  -8.65232
3  -7.290050 -5.452280 -10.23200
3  -7.684510 -4.902930  -9.03875
3   6.237320 -4.917600  -9.68036
3  -8.669240 -3.067620 -10.13020
3  -8.374700 -3.694010  -8.95711
3   6.584880 -3.585750  -9.53347
3  -9.239370 -1.782850 -10.08190
3  -9.658260 -1.248030  -8.86245
2  -3.702830 -0.307249 -10.73430
2  -0.845114 -0.381639 -10.54340
3   6.594880 -1.377140 -10.58930
3   6.386850 -0.808816  -9.31043
3  -4.321300 -8.454350  -7.96848
3  -3.016730 -8.933910  -7.95230
3  -0.286939 -9.304560  -7.85694
3   1.106190 -9.225690  -7.81607
3   3.710900 -8.345520  -7.64276
3  -6.436290 -6.662810  -7.89225
3   4.770850 -7.456710  -7.52083
3  -7.317240 -5.575760  -7.87982
3   5.949490 -5.626930  -8.55138
3  -8.820950 -3.162450  -7.74153
1  -0.240314 -3.290150  -7.51221
3   6.504800 -2.997840  -8.27413
3  -9.500150 -1.965930  -7.66763
1  -1.379880 -1.107890  -7.47434
1  -0.190009 -1.900880  -7.66625
3   6.476580 -1.619680  -8.13924
2   1.143490 -0.125899 -15.34580
3  -8.794620  1.565860 -21.93300
1  -2.986850  0.705693 -22.63790
1  -2.304400  1.001140 -21.39630
1   2.290680  1.469330 -21.36220
1   3.610180 -0.000392 -22.60710
1   3.028100  1.317020 -22.59390
3   6.336540  1.820410 -21.03410
3   6.697850  0.446545 -21.14290
3  -8.318160  2.884960 -21.77940
3  -7.889570  3.576180 -22.90220
1  -0.871910  2.623480 -22.59350
1  -1.257730  1.943530 -21.37140
1   0.572269  2.766960 -22.58910
1   1.078060  2.182700 -21.36460
3   6.150800  2.590290 -22.18410
3   5.388050  3.817670 -22.10870
3  -7.088810  4.708030 -22.76150
3  -6.725870  5.178260 -21.48330
3   4.895970  4.303010 -20.89530
3  -5.793250  6.195200 -21.31220
3  -5.212370  6.745080 -22.44450
3  -3.993750  7.382630 -22.31350
3  -3.511700  7.661610 -21.04490
3   3.545540  6.035230 -21.99810
3   2.483690  6.946790 -21.97270
3  -1.394300  8.139760 -22.06730
3  -0.020446  8.162950 -21.97680
3  -9.113290  0.846171 -20.77000
3  -9.052280  1.477020 -19.49960
1   0.077624  0.455867 -19.93640
1  -0.049593  1.668280 -20.62210
1   2.427060  0.237126 -20.61040
3  -8.133460  3.437710 -20.48320
3  -8.651120  2.817210 -19.35990
3   5.892100  2.289820 -19.79970
3   5.216430  3.523040 -19.76660
3  -7.351300  4.596770 -20.35320
3  -7.123170  5.184800 -19.11770
3   3.471090  5.745650 -19.61680
3   4.026840  5.408910 -20.81540
3  -5.391690  6.607350 -20.07120
3  -4.262620  7.403160 -19.90290
3  -6.083110  6.142420 -18.98570
3  -0.139053  7.953660 -19.54840
3  -1.544920  7.975980 -19.67690
3   1.831900  7.194960 -20.78230
3   0.591523  7.843950 -20.74570
3   2.372120  6.652350 -19.60590
3  -2.184750  7.955090 -20.93480
3  -9.126820  0.683182 -18.34360
3  -9.031960  1.335060 -17.11250
2  -2.521770  0.095558 -17.22220
2  -3.211230  1.293920 -17.00150
2  -1.091640  0.063598 -17.08510
3   6.089280  1.497260 -18.70640
3   6.487430  0.183444 -18.79670
3  -8.421960  3.392110 -18.12310
3  -8.762170  2.684850 -16.97260
3   5.757680  2.043530 -17.46670
3   5.049890  3.254420 -17.41570
3  -7.761070  4.629350 -17.98060
3   3.939480  5.133100 -18.47930
3   3.395750  5.467560 -17.24230
3   4.792760  4.028020 -18.54370
3  -5.696990  6.505470 -17.67470
3  -4.436550  7.098600 -17.54410
3  -3.695040  7.526950 -18.66670
3  -2.338580  7.823460 -18.51120
3  -1.665700  7.645970 -17.29380
3  -0.285526  7.497070 -17.23110
3   1.718360  6.870120 -18.38360
3   0.485729  7.525740 -18.38410
3   2.271980  6.287040 -17.22510
3  -9.120200  0.603013 -15.95430
2  -4.442070  1.271570 -16.23690
2  -4.935290  0.050935 -15.74230
2  -0.358492  1.211490 -16.78530
2   0.752166  1.120040 -15.86640
3   5.892170  1.207560 -16.35900
3   5.648570  1.753360 -15.12410
3  -8.645580  3.319570 -15.75460
2  -4.450000  2.436220 -15.38300
2  -3.234070  3.176730 -15.62680
2  -2.466180  2.479180 -16.63170
2  -1.058220  2.454040 -16.54440
2  -0.376613  3.124720 -15.45410
2   0.735159  2.299040 -15.03340
3   4.956410  2.953570 -15.01410
3   4.585250  3.641320 -16.18520
3  -8.000890  4.514320 -15.59960
3  -7.472800  5.151410 -16.70330
3  -6.472440  6.135260 -16.55960
3   3.811550  4.788190 -16.10090
3   3.244470  5.083330 -14.88180
3  -5.951320  6.427680 -15.30050
3  -4.610120  6.916340 -15.13980
3  -3.827710  7.135610 -16.28240
3  -2.435190  7.376730 -16.14370
3  -1.818370  7.205580 -14.90600
3  -0.424172  7.049270 -14.87720
3   0.346691  7.085290 -16.03880
3   1.617350  6.441070 -16.03340
3   2.141060  5.958970 -14.83230
3  -9.146010  1.220940 -14.70910
3  -9.228530  0.474633 -13.54150
2  -5.492710 -0.034258 -14.40860
2  -5.514850  1.106300 -13.58550
2   1.448700  0.920166 -13.12180
3   5.957160  1.003570 -13.97290
3   5.744290  1.518330 -12.70850
3  -8.946360  2.591430 -14.62220
3  -8.900410  3.204250 -13.33940
2  -4.967710  2.347410 -14.08340
2  -4.297540  3.015080 -12.99600
2  -2.573730  3.796870 -14.56640
2  -3.113390  3.717620 -13.23610
2  -1.138790  3.771850 -14.47410
2  -0.791835  3.659000 -13.08110
2   1.087360  2.204760 -13.67560
3   4.614850  3.400570 -13.74560
3  -8.167000  4.389730 -13.20120
3  -7.627570  5.003950 -14.33600
3  -6.565470  5.885670 -14.14670
3   3.712920  4.466620 -13.69410
3  -5.962840  5.977310 -12.90470
3  -4.717130  6.578350 -12.76430
3  -3.988900  6.963650 -13.89390
3  -2.597330  7.111410 -13.77560
3   0.200501  6.683740 -13.67870
3   1.537830  6.230350 -13.66370
3  -9.411720  1.081960 -12.30630
3  -9.588160  0.283220 -11.17760
2  -5.183410  1.015090 -12.17730
2   0.912192  0.846684 -11.77660
3   6.100990  0.772595 -11.58400
3  -9.247710  2.471070 -12.20310
3  -9.106580  3.022190 -10.93670
2  -4.430420  2.203060 -11.81010
2  -2.126130  2.884940 -11.14970
2  -2.012400  3.649040 -12.31500
2  -3.352390  2.137980 -10.90470
2  -1.002950  2.057020 -10.77040
2   0.319868  2.915710 -12.67640
2   0.204865  2.081120 -11.50020
3   5.062660  2.732960 -12.59090
3   4.674580  3.260650 -11.36430
3  -8.387590  4.190940 -10.78880
3  -7.799810  4.790730 -11.89560
3  -6.611210  5.532020 -11.76170
3   2.089480  5.754960 -12.48670
3   3.741700  4.314980 -11.26620
3   3.212620  4.913940 -12.47970
3  -4.130390  6.653820 -11.52410
3  -2.730060  6.809090 -11.40370
3  -1.955630  6.939270 -12.54010
3  -0.592422  6.604280 -12.53480
3  -0.013885  6.224180 -11.30280
3   1.348160  5.896280 -11.26700
3  -9.736080  0.891723  -9.95750
3  -9.932880  0.120222  -8.80226
2  -2.972160  0.842254 -10.38890
2  -1.532590  0.807488 -10.28770
3   6.007140  0.555499  -9.18279
3   5.767490  1.344610 -10.33450
3  -9.467370  2.272800  -9.80834
3  -9.446110  2.895770  -8.55868
3   4.426750  2.877470  -8.99885
3   5.023130  2.536250 -10.21360
3  -8.035130  4.634720  -9.50824
3  -6.879860  5.392700  -9.41459
3   1.959080  5.404550 -10.09860
3   1.209420  5.549270  -8.89633
3   3.143750  4.667220 -10.08400
3   3.554400  3.964620  -8.93542
3  -6.149840  5.877510 -10.50100
3  -4.889780  6.479820 -10.37580
3  -4.327290  6.454470  -9.11463
3  -2.133850  6.500740 -10.17130
3  -2.945250  6.380070  -9.00819
3  -0.714435  6.315790 -10.09920
3  -0.132014  5.929730  -8.89838
3 -10.089300  0.809290  -7.55727
3   5.559210  0.974127  -7.93202
3  -9.924980  2.211710  -7.44299
3   4.758700  2.144410  -7.85272
3  -8.613110  4.006270  -8.40333
3  -6.424850  5.666430  -8.12484
3   1.736490  5.060160  -7.67915
3   2.896090  4.252350  -7.70673
3  -5.124890  6.200850  -7.98494
3  -2.347760  6.174290  -7.77863
3  -0.938583  5.947640  -7.75279