246

3 -0.917860 -7.503050 81.4827
3  0.443870 -7.798540 81.5182
3  3.135980 -7.615590 81.5333
3  4.531880 -7.051720 81.5215
3 -3.242250 -6.241100 81.5559
3 -4.295490 -5.245610 81.5521
2  0.776789 -4.403280 82.3175
2  1.785190 -4.498320 81.2909
3  6.569110 -5.363940 81.5167
3 -6.125830 -3.372620 81.4964
3 -6.993850 -2.165830 81.5525
2 -2.080140 -2.349860 81.8562
2 -0.514101 -4.061140 81.9397
2  3.025440 -4.074670 81.8836
2  4.665020 -2.207130 81.5636
3  7.176230 -4.067190 81.5266
2 -2.307210 -0.973313 82.0071
3  7.819290 -1.446870 81.4164
3  7.772060 -0.015229 81.4141
3 -1.474240 -7.333290 82.9527
3 -2.678260 -6.523310 82.9504
3 -0.823682 -7.421200 84.4268
3  0.543224 -7.810550 84.3896
3  1.102100 -7.866010 82.9357
3  2.538630 -7.777050 82.9694
3  5.067110 -6.793470 82.9478
3  3.140150 -7.492540 84.4711
3  4.543310 -7.109290 84.4268
3 -4.747020 -4.862580 83.0053
3 -3.152490 -6.096120 84.3663
3  6.167100 -5.841070 82.9375
3  6.474040 -5.303220 84.4255
3 -5.722030 -3.828160 83.0133
3 -6.047110 -3.309300 84.4875
2 -1.220850 -3.175520 82.7426
2 -0.749397 -2.588360 83.9115
2  0.642114 -2.902720 84.3459
2  2.785490 -3.604800 83.2302
2  1.354930 -3.838800 83.5056
2  3.377690 -2.381430 83.6951
3  7.125900 -3.999570 84.4064
3  7.402060 -3.532860 82.9591
3 -7.864310 -0.365421 83.0267
3 -7.303710 -1.675070 83.0249
2 -1.712750 -0.364340 83.1752
2 -0.905942 -1.108070 84.0688
2  3.116470 -0.116011 84.1134
2  4.410960 -1.716680 82.9014
2  4.102210 -0.303236 83.0865
3  7.773770 -2.139720 82.9526
3  7.944100 -1.535070 84.3522
3 -1.403670 -7.196660 85.9038
3 -2.665600 -6.449690 85.8496
3  1.173560 -7.939060 85.9241
3  2.602120 -7.693830 85.8891
3  5.126720 -6.838150 85.8559
3 -4.289560 -5.212370 84.3795
3 -4.729890 -4.826810 85.8632
3  6.128960 -5.801870 85.8768
3 -6.943880 -2.192400 84.4626
3 -5.686440 -3.793490 85.9014
3  7.527570 -3.478640 85.8355
3  7.878500 -2.090200 85.8177
3 -7.880500 -0.339623 85.8237
3 -7.301840 -1.651810 85.8435
2  0.312478 -0.601331 84.6493
2  2.627410 -1.403650 84.5062
2  1.249140 -1.694640 84.7665
3 -0.796009 -7.332250 87.3686
3  0.604989 -7.772480 87.2888
3  3.237680 -7.693720 87.2903
3  4.624360 -7.233960 87.2763
3 -3.207780 -6.296960 87.2867
3 -4.256840 -5.278350 87.3241
3  6.527440 -5.349630 87.3257
3 -6.045600 -3.344770 87.3418
3 -6.968760 -2.198630 87.2977
3  7.163460 -4.099510 87.2930
3  7.619600 -0.055988 87.2881
3  7.925700 -1.466750 87.2894
3 -2.640710 -6.493240 88.8300
3 -1.299220 -7.080390 88.8739
3 -0.750849 -7.290880 90.2731
3  0.621068 -7.741440 90.2576
3  1.219550 -7.888680 88.7841
3  2.655720 -7.719450 88.7881
3  3.265610 -7.697250 90.1814
3  4.613610 -7.167160 90.1806
3  5.156050 -6.846170 88.7213
3 -3.141170 -6.162430 90.2557
3 -4.656110 -4.821090 88.8585
3 -4.231910 -5.262730 90.2578
3  6.108010 -5.838910 88.7412
3  6.417810 -5.342330 90.1927
3 -6.864460 -2.100510 90.2480
3 -5.678860 -3.780050 88.7983
3 -6.080320 -3.270820 90.2226
3  7.220130 -4.134590 90.1661
3  7.376940 -3.496110 88.6988
3 -7.741290 -0.265312 88.8899
3 -7.269430 -1.688370 88.8474
3  7.813750 -2.135860 88.7204
3  7.743970 -0.049790 90.1797
3  7.910290 -1.464460 90.1909
3 -1.369660 -7.227400 91.6929
3 -2.690170 -6.652390 91.7259
3  1.198020 -7.776520 91.7210
3  2.661720 -7.764600 91.7071
3  5.052190 -6.741310 91.6099
3 -4.734230 -4.857250 91.6917
3  6.118450 -5.759120 91.6641
3 -5.606390 -3.769540 91.7173
3  7.318560 -3.416250 91.6042
3  7.791750 -2.089740 91.6215
3 -7.761770 -0.270218 91.6682
3 -7.050150 -1.580050 91.6741
3 -0.836625 -7.505210 93.1116
3  0.601656 -7.783280 93.1456
3  3.230660 -7.662190 93.1954
3  4.596190 -7.101600 93.1538
3 -3.184350 -6.286590 93.1861
3 -4.255590 -5.320990 93.1416
3  6.471180 -5.255800 93.1134
3 -5.841000 -3.206820 93.1568
3  7.212620 -4.064790 93.1119
3 -6.644660 -2.008580 93.1286
3  7.835670 -1.425210 93.1660
3  7.662050 -0.020216 93.1404
3 -7.961350  0.291186 81.4852
3 -8.027290  1.737720 81.5196
2 -1.397820  1.100940 81.3829
2  3.229050  1.652870 81.8928
2  4.200410  0.581388 82.0099
3  5.972550  3.603970 81.3991
3  6.923710  2.536390 81.3621
3 -7.585820  4.401910 81.5598
3 -6.732280  5.524150 81.6365
3  4.176940  5.573270 81.3912
3 -4.633930  7.128750 81.5543
3 -3.355970  7.753910 81.5874
3 -0.691026  8.013130 81.5550
3  0.660210  7.628900 81.5281
3  3.070900  6.494300 81.3696
2 -1.171420  0.925792 82.7773
2 -0.014268  1.486100 83.3087
2  0.757889  0.702829 84.2273
2  2.219980  1.867580 82.8385
2  2.168150  0.927599 83.9136
3  7.175650  1.956120 82.9045
3  7.675820  0.590448 82.8600
3  7.825750 -0.063105 84.3281
3 -8.023630  2.315330 82.9826
3 -7.874290  3.704000 83.0262
2  0.876205  2.187710 82.4736
3  5.598710  4.076720 82.8901
3  5.901610  3.585900 84.3417
3  6.764560  2.455800 84.3355
3 -6.262950  5.867350 83.0358
3  4.624480  5.230190 82.8991
3  4.216430  5.717240 84.3483
3 -5.130440  6.754950 83.0052
3 -2.667840  7.803550 83.0258
3 -1.240470  7.979320 83.0509
3  0.756464  7.652550 84.4018
3  2.602090  6.969370 82.8982
3  1.250700  7.464600 82.9684
3  3.131100  6.638600 84.3171
3 -8.004410  0.207816 84.3921
3 -8.116260  1.661600 84.4266
3  7.142990  1.960930 85.8039
3  7.602480  0.564639 85.8415
3 -7.885770  3.770730 85.8992
3 -8.115830  2.306370 85.9565
3  5.517610  4.094180 85.8126
3 -7.563530  4.255990 84.4934
3 -6.626710  5.391460 84.4731
3 -6.161510  5.819580 85.9341
3  4.624560  5.248120 85.8275
3 -5.090410  6.830000 85.9055
3 -4.593500  7.104340 84.4528
3 -3.237340  7.601770 84.4341
3 -2.659670  7.724550 85.9009
3 -1.253380  7.998530 85.9322
3 -0.631891  8.014370 84.4640
3  2.716760  7.020160 85.8096
3  1.403060  7.521490 85.8410
3 -8.108860  0.241661 87.3394
3 -8.226160  1.687790 87.3662
3  5.923770  3.674810 87.2682
3  6.793620  2.525150 87.3045
3 -7.619490  4.363610 87.3549
3 -6.666250  5.467640 87.3327
3  4.292920  5.802230 87.2797
3 -3.262600  7.579760 87.3926
3 -4.591610  7.034020 87.3794
3  0.844478  7.677300 87.2791
3 -0.591509  7.922970 87.2826
3  3.290360  6.787370 87.2557
3 -7.982250  0.321732 90.2730
3 -8.064170  1.798340 90.2982
3  7.071790  1.955080 88.7229
3  7.485250  0.537271 88.7646
3 -8.145870  2.340870 88.8121
3 -7.845840  3.807470 88.7693
3  5.637850  4.210780 88.7375
3  5.920950  3.651290 90.2551
3  6.814060  2.500380 90.2423
3 -7.624930  4.418480 90.2655
3 -6.356890  6.035690 88.8349
3 -6.833230  5.609960 90.2838
3  4.486010  5.889440 90.2496
3  4.796430  5.384740 88.7392
3 -5.152490  6.831980 88.8642
3 -4.592300  7.098620 90.2417
3 -3.192220  7.484180 90.2213
3 -2.628400  7.653210 88.7974
3 -1.194400  7.949430 88.7509
3 -0.566318  7.860680 90.1833
3  0.852878  7.805910 90.1506
3  2.795590  7.136350 88.6797
3  1.473100  7.677590 88.7184
3  3.312230  6.770370 90.2399
3  7.024950  1.923990 91.6648
3  7.569690  0.541923 91.6984
3 -8.026940  2.388780 91.6553
3 -7.723850  3.792150 91.6647
3  5.580210  4.126000 91.6829
3 -6.356070  6.058640 91.7351
3  4.814130  5.353830 91.6772
3 -5.166370  6.859910 91.7096
3 -2.566740  7.611220 91.6644
3 -1.149110  7.867200 91.6428
3  2.793150  7.144030 91.6361
3  1.465660  7.649190 91.7052
3 -7.916590  0.353324 93.1481
3 -8.186830  1.788640 93.1395
3  6.607610  2.406700 93.1222
3  5.847610  3.571370 93.0947
3 -7.545040  4.359840 93.0907
3 -6.749280  5.547480 93.1062
3  4.398740  5.878700 93.1170
3 -4.585970  7.140400 93.1926
3 -3.227210  7.585160 93.1122
3 -0.531216  7.989470 93.0910
3  0.890880  7.865310 93.1190
3  3.297470  6.810760 93.1143