262

3 -1.463270 -7.230840  94.6470
3 -2.752210 -6.611530  94.6695
3  1.149030 -7.786850  94.5711
3  2.600590 -7.762920  94.6391
3  5.023430 -6.713630  94.6516
3 -4.746680 -4.885440  94.6242
3  6.081210 -5.707780  94.6490
3 -5.589660 -3.735890  94.5865
3  7.911840 -2.095710  94.6186
3  7.527410 -3.526630  94.6350
3 -7.697470 -0.218712  94.6092
3 -6.998900 -1.493040  94.5956
3 -3.272000 -6.286580  96.1776
3 -0.852673 -7.454380  96.0936
3  0.571968 -7.814500  96.0405
3  3.189240 -7.652930  96.0712
3  4.444640 -7.026310  96.0344
3 -4.260810 -5.262160  96.1684
3  6.477530 -5.227670  96.0694
3 -5.924170 -3.253980  96.0618
3  7.312150 -4.058530  96.0352
3 -6.684100 -2.040080  96.0373
3  7.879440 -1.454430  96.0417
3  7.739040 -0.001820  96.0424
3 -1.404390 -7.174130  97.4933
3 -2.709240 -6.649260  97.5219
3  0.503986 -7.896310  98.9811
3 -0.869052 -7.525060  99.0005
3  1.197920 -7.925470  97.4988
3  2.617500 -7.821160  97.5602
3  3.143070 -7.524560  99.0183
3  4.519860 -6.955020  98.9434
3  5.029250 -6.688330  97.5100
3 -4.750920 -4.872180  97.5530
3 -3.200420 -6.215400  99.0031
3 -4.312030 -5.364900  99.0099
3  6.125890 -5.748940  97.4752
3  6.570790 -5.304680  98.9889
3 -5.658750 -3.802540  97.5283
3 -5.970410 -3.261030  98.9961
3  7.349860 -4.089010  98.9712
3  7.656500 -3.478720  97.4420
3  7.951240 -2.057070  97.4346
3 -7.774360 -0.249139  97.5156
3 -7.164590 -1.563070  97.5297
3 -6.811990 -2.089970  99.0226
3  7.666860 -0.022936  98.9360
3  7.850680 -1.462410  98.8952
3 -1.464080 -7.296990 100.4950
3 -2.743210 -6.590870 100.4540
3  1.114090 -7.844380 100.5170
3  2.551250 -7.686490 100.5240
3  5.095540 -6.752320 100.4170
3 -4.765010 -4.883510 100.4470
3  6.168970 -5.782930 100.4740
3 -5.583850 -3.706640 100.4570
3  7.534520 -3.455560 100.4460
3  7.824850 -2.086740 100.4230
3 -7.673810 -0.246871 100.5000
3 -7.142290 -1.564350 100.4760
3 -0.856090 -7.431550 101.9170
3  0.553972 -7.884730 101.8820
3  3.189770 -7.599230 101.8940
3  4.505590 -7.013320 101.8710
3 -3.237340 -6.233620 101.9910
3 -4.319680 -5.315320 101.9120
3  6.569160 -5.282490 101.8850
3 -5.951960 -3.307740 101.8460
3  7.294050 -4.064280 101.8590
3 -6.770550 -2.086190 101.8600
3  7.793490 -1.456110 101.8470
3  7.584600 -0.020849 101.8610
3 -1.407690 -7.264920 103.3610
3 -2.687380 -6.566670 103.4500
3 -0.851450 -7.474000 104.8260
3  0.538693 -7.785570 104.8060
3  1.199710 -7.870850 103.3750
3  2.611370 -7.686790 103.3770
3  3.232950 -7.554450 104.7490
3  4.567770 -7.023170 104.7120
3  5.034240 -6.699190 103.2660
3 -3.180960 -6.259300 104.8880
3 -4.719350 -4.824810 103.3930
3 -4.199050 -5.253910 104.8240
3  6.117030 -5.808890 103.2880
3  6.495500 -5.217870 104.7110
3 -5.711580 -3.785460 103.3510
3 -5.971140 -3.237840 104.7170
3  7.272820 -4.016400 104.7160
3  7.486350 -3.507080 103.3020
3 -7.672500 -0.199068 103.3630
3 -6.871990 -2.111670 104.7640
3 -7.016680 -1.494720 103.3460
1 -3.134840 -1.055720 104.7710
1 -2.493110 -0.450619 103.6570
1 -1.112500 -0.710617 103.3750
1 -0.314616 -1.467720 104.2510
1  1.041970 -1.009490 104.6000
3  7.757830 -2.086110 103.2990
3  7.668630 -0.020364 104.8000
3  7.754590 -1.415800 104.8610
3 -1.451540 -7.248430 106.2670
3 -2.661110 -6.553190 106.2880
3  1.206890 -7.744060 106.2640
3  2.607550 -7.631700 106.2560
3  5.049280 -6.646340 106.2260
3 -4.625940 -4.771580 106.3100
3  6.096030 -5.704570 106.2310
3 -5.526050 -3.655230 106.2890
3  7.479030 -3.460410 106.2070
3  7.791580 -2.059550 106.2390
3 -7.655500 -0.230113 106.2700
3 -7.116720 -1.587310 106.3020
1 -4.079530 -0.314651 105.5850
1 -3.859980 -0.639765 106.9970
1 -2.286940 -1.854480 105.6790
1 -2.710600 -1.513000 107.0240
1 -0.907442 -2.009530 105.4110
1  0.038338 -1.955980 106.5230
1  1.209670 -1.356120 106.0260
1  1.930680 -0.489905 106.8550
3  6.526920 -5.314050 107.6340
3  7.330610 -4.068960 107.6690
3  7.792860 -1.432470 107.6710
3  6.887190  1.826860  94.5900
3  7.425410  0.540927  94.5792
3 -7.790630  3.786720  94.5718
3 -8.156580  2.378790  94.6118
3  5.522600  4.146070  94.5615
3 -6.205820  5.942310  94.6404
3  4.805510  5.361880  94.5678
3 -5.105410  6.879990  94.5700
3 -1.184580  8.019220  94.5805
3 -2.611720  7.864180  94.5961
3  1.444680  7.693740  94.6226
3  2.774990  7.159990  94.6194
3 -7.894620  0.372209  96.0933
3 -8.145120  1.818890  96.0863
3  6.541550  2.290380  96.0184
3  5.834150  3.585140  95.9958
3 -7.470370  4.265840  96.0512
3 -6.612090  5.430350  96.0615
3  4.384580  5.832770  96.0402
3 -4.531760  7.157240  96.0516
3 -3.190680  7.664150  96.0788
3 -0.573745  8.134660  96.0813
3  0.834534  7.925600  96.0570
3  3.316140  6.795800  96.0675
3 -7.907510  0.291882  99.0266
3  6.819970  1.798930  97.4725
3  7.554970  0.555697  97.5085
3 -8.081330  2.404910  97.6156
3 -7.834660  3.839430  97.5644
3  5.464820  4.091150  97.4420
3  5.791530  3.617840  98.8970
3  6.486830  2.374800  98.9159
3 -7.641080  4.439300  99.0168
3 -6.257200  5.974700  97.5656
3 -6.770660  5.629730  98.9868
3  4.810960  5.324940  97.4114
3  4.253900  5.737710  98.8780
3 -5.074100  6.819600  97.5377
3 -4.555810  7.272870  98.9638
3 -3.210400  7.757170  98.9552
3 -2.600590  7.888150  97.5021
3 -1.184250  8.064650  97.5512
3  0.834101  7.903170  98.8991
3 -0.604382  8.071490  98.9281
3  2.751350  7.121290  97.5470
3  1.442690  7.794510  97.5046
3  3.195510  6.684940  98.9555
3 -8.029020  1.760320  99.0151
3  6.846620  1.854760 100.3890
3  7.474680  0.558418 100.4160
3 -7.776130  2.381340 100.5100
3 -7.748420  3.868220 100.5360
3  5.564230  4.182310 100.3370
3 -6.283680  6.092260 100.4110
3  4.750150  5.394850 100.3430
3 -5.087550  6.932450 100.4280
3 -2.586280  7.873240 100.3870
3 -1.191140  8.133730 100.3630
3  2.716950  7.094730 100.3720
3  1.464320  7.743690 100.4040
3 -7.914630  0.409059 101.8700
3 -7.921730  1.803080 101.8780
1 -1.623330  1.512880 102.7610
1  0.717598  0.989286 103.2000
1 -0.540181  0.511792 102.8320
1 -1.401520  2.863480 103.0100
3  6.534470  2.390250 101.8720
3  5.844220  3.661270 101.8340
3 -7.541240  4.421030 101.9370
3 -6.752220  5.695020 101.8880
3  4.271960  5.753850 101.7510
3 -4.485360  7.180780 101.8530
3 -3.165840  7.761080 101.8460
3 -0.556754  8.060250 101.8630
3  0.896699  8.031250 101.8270
3  3.240060  6.780000 101.7630
3 -7.810750  0.361679 104.8790
3 -8.010850  1.749240 104.8960
1 -3.740270  1.594000 104.0550
1 -4.385290  1.032360 105.2150
1 -2.834990  0.869895 103.2170
1  1.540850  0.193666 104.0860
1  2.294640  1.072080 104.9240
3  6.821200  1.842440 103.3750
3  7.404820  0.565630 103.3130
3 -7.936920  2.399590 103.3480
3 -7.805810  3.840060 103.3470
1 -3.554380  3.045910 104.2910
1 -2.331510  3.616560 103.7870
1  0.993166  2.376190 103.4950
1 -0.062577  3.214880 103.5200
1  2.003340  2.450720 104.5410
3  6.466230  2.411810 104.9030
3  5.464120  4.167720 103.2940
3  5.792510  3.672960 104.8130
3 -7.407200  4.384580 104.8880
3 -6.228170  6.054430 103.3970
3 -6.645930  5.606930 104.8120
1 -1.639680  4.497470 104.7250
1 -0.205643  4.214900 104.5370
3  4.236050  5.722400 104.7640
3  4.609760  5.313700 103.2520
3 -5.094470  6.942780 103.3950
3 -4.582030  7.280490 104.8400
3 -3.262950  7.881860 104.8320
3 -2.632100  7.807160 103.3360
3 -1.163190  8.043720 103.3420
3 -0.526712  8.099740 104.7610
3  0.933802  8.029610 104.8610
3  2.825010  7.116990 103.2820
3  1.567760  7.822120 103.3190
3  3.270040  6.728430 104.7270
1 -4.478430  2.024280 106.2510
1  2.435060  0.755869 106.3090
1  2.355990  1.786280 107.2710
3  6.719330  1.882950 106.2940
3  7.350410  0.592345 106.3090
3 -7.791260  2.450060 106.3120
3 -7.623060  3.908650 106.2940
1 -3.995560  3.266950 105.7310
1 -3.235090  4.086760 106.5670
1  1.853860  3.450660 105.5980
1  2.070450  3.128310 106.9850
3  5.583390  4.268020 106.2100
3 -6.246710  6.150440 106.3170
1 -2.112790  4.744120 106.0390
1 -1.152760  4.875700 107.1830
1  0.739837  4.388630 105.5470
1  0.234776  4.610980 106.9330
3  4.555090  5.229690 106.1680
3 -5.135120  7.091260 106.2840
3 -2.657660  8.071780 106.2010
3 -1.164850  8.217990 106.2030
3  2.646760  7.035900 106.2380
3  1.451570  7.747980 106.2230
1 -4.228510  1.726300 107.5850
3  5.892570  3.762810 107.6840
3  4.147540  5.655320 107.6840