288

3 -4.009120 -6.945630 12.1242
3 -1.392940 -7.897020 12.1243
3  0.000882 -8.018260 12.1244
3  2.745400 -7.528940 12.1248
3  4.014300 -6.933620 12.1260
3 -5.155330 -6.143320 12.1240
3  6.261060 -5.204440 12.1250
3 -7.536320 -2.742950 12.1239
3 -6.944930 -4.011060 12.1239
1  0.321282 -2.323660 11.3925
1  2.357730 -3.526440 12.0427
1  4.820200 -2.547670 12.0706
3  7.184510 -4.115380 12.1254
3 -8.019880 -0.000417 12.1238
1 -0.500410 -1.231480 11.8451
1  5.637900 -0.415632 11.4119
3  8.355810 -1.452160 12.1216
3  8.489370 -0.006572 12.1227
3 -3.389620 -7.267980 13.3368
3 -2.074820 -7.746180 13.3368
3  0.699067 -7.987080 13.3366
3  2.076920 -7.742050 13.3362
3  4.619010 -6.563140 13.3351
3 -5.670160 -5.671750 13.3368
3 -6.569690 -4.600100 13.3367
3  5.732270 -5.699850 13.3333
1  0.914326 -2.792030 13.7369
1  2.188240 -3.028960 14.3592
1  1.015350 -3.092420 12.3297
1  4.351390 -3.049360 13.3216
1  3.058800 -3.530100 13.3220
1  4.784700 -2.147740 14.3766
3  7.551350 -3.478670 13.3409
3  8.162550 -2.171600 13.3436
3 -7.746510 -2.076740 13.3365
3 -7.989480 -0.698658 13.3362
1  0.122135 -1.730860 14.1745
1 -0.594870 -0.939913 13.2093
1  5.491750 -1.125950 13.7262
1  5.506950 -1.362070 12.3379
3 -4.009150 -6.945690 14.5495
3 -3.390120 -7.267590 15.7626
3 -1.393000 -7.897220 14.5493
3 -2.075110 -7.746280 15.7619
3  0.000897 -8.018630 14.5490
3  0.698999 -7.988160 15.7613
3  2.744990 -7.530440 14.5477
3  2.077230 -7.744010 15.7601
3  4.014030 -6.936140 14.5445
3  4.601910 -6.559190 15.7578
3 -5.155400 -6.143200 14.5499
3 -5.669870 -5.670640 15.7631
3 -6.568400 -4.597560 15.7637
3  6.202830 -5.168960 14.5461
3  5.679200 -5.661810 15.7535
3 -7.535580 -2.742770 14.5493
3 -6.944610 -4.011080 14.5496
1  2.629590 -2.170240 15.3995
3  7.077420 -4.057900 14.5443
3  7.317410 -3.391090 15.7572
3  7.836640 -2.084390 15.7552
3 -7.741140 -2.075110 15.7620
3 -7.983460 -0.697719 15.7612
3 -8.018600 -0.000396 14.5485
1  0.581317 -0.851044 15.2168
1  1.820650 -1.055730 15.8168
1  4.034650 -0.336581 15.9223
1  4.006440 -1.744130 15.4620
3  8.221530 -1.432460 14.5600
3  8.363150 -0.007801 14.5591
3 -4.009900 -6.943690 16.9757
3 -3.391070 -7.264490 18.1895
3 -1.393450 -7.897190 16.9746
3 -2.076010 -7.744970 18.1874
3  0.000670 -8.019210 16.9739
3  0.698412 -7.988780 18.1865
3  2.743300 -7.534510 16.9729
3  2.076570 -7.745710 18.1858
3  4.011460 -6.941010 16.9705
3  4.599540 -6.568310 18.1849
3 -5.155530 -6.138700 16.9782
3 -5.669840 -5.659450 18.1912
3 -6.576600 -4.590920 18.1949
3  6.140410 -5.145300 16.9703
3  5.670670 -5.666980 18.1833
3 -7.529300 -2.734570 16.9783
3 -6.939430 -4.003530 16.9768
3  6.945850 -3.999620 16.9674
3  7.262220 -3.386350 18.1854
3 -7.768370 -2.071590 18.1911
3 -8.037670 -0.696594 18.1915
3 -8.012950 -0.001659 16.9748
2 -2.662300 -0.072597 18.5013
3  7.896160 -1.389910 16.9719
3  7.737780 -2.071130 18.1853
3 -4.012370 -6.936140 19.4021
3 -3.391880 -7.260690 20.6142
3 -1.393800 -7.895990 19.3998
3 -2.076800 -7.742420 20.6122
3  0.000236 -8.018810 19.3991
3  0.698131 -7.988400 20.6115
3  2.742290 -7.536070 19.3987
3  2.076050 -7.745890 20.6113
3  4.010520 -6.944700 19.3981
3  4.599130 -6.570030 20.6112
3 -5.161230 -6.132280 19.4069
3 -5.711850 -5.673270 20.6149
3 -6.687600 -4.650890 20.6167
3  6.142470 -5.155760 19.3981
3  5.671040 -5.670890 20.6111
3 -7.660800 -2.767670 19.4052
3 -7.014320 -4.021500 19.4031
3 -8.087900 -2.141760 20.6031
2 -3.149460 -2.381230 19.3553
2 -1.087430 -2.649600 20.4070
2 -2.440930 -3.137520 20.3871
3  6.944440 -4.009150 19.3982
3  7.267980 -3.390680 20.6113
3 -8.382310 -0.732250 20.6042
2 -5.545400 -0.157783 20.4559
2 -4.878960 -0.620268 19.2915
2 -4.468560 -1.999200 19.6093
2 -2.252650 -1.383900 18.8176
2 -0.972763 -1.581820 19.4469
2 -0.151332 -0.486517 19.7227
3  7.894670 -1.393080 19.3993
3  7.746430 -2.075850 20.6116
3 -4.019400 -6.935600 21.8247
3 -1.393570 -7.894840 21.8240
3  0.000188 -8.018180 21.8239
3  2.742050 -7.536040 21.8239
3  4.010130 -6.945050 21.8239
3 -5.182300 -6.145910 21.8259
3  6.142820 -5.156160 21.8239
3 -7.890910 -2.849300 21.8244
3 -7.175110 -4.094230 21.8244
2 -4.916500 -2.289780 20.9473
2 -4.316800 -3.091460 21.9076
2 -2.996740 -3.534570 21.6227
2 -0.383572 -2.599250 21.6171
3  6.945540 -4.010290 21.8239
2 -5.540060 -1.147400 21.4332
2  0.572293 -0.431142 20.9650
2  0.457042 -1.465070 21.8952
3  7.898100 -1.393460 21.8238
3 -7.897930  1.393610 12.1238
1 -0.370388  1.165130 11.3205
1  5.602490  0.899904 11.8472
3 -6.945610  4.009930 12.1238
1  0.970518  3.012310 11.7565
1  2.268300  3.514470 11.7400
1  4.419860  2.828890 11.2881
3  7.157610  4.082680 12.1247
3  7.867900  2.837690 12.1249
3 -6.142910  5.155970 12.1240
3  5.183820  6.146200 12.1271
3 -4.010260  6.944930 12.1241
3 -2.742120  7.535990 12.1243
3 -0.000133  8.018160 12.1243
3  1.393690  7.894810 12.1245
3  4.019700  6.934370 12.1254
3 -7.746800  2.075780 13.3364
1 -0.574479  0.428735 13.6559
1 -0.465080  1.465340 12.7267
1  5.541250  0.160931 14.1577
1  5.525330  1.146010 13.1800
3  8.435870  0.733129 13.3439
3 -7.268130  3.390630 13.3367
1  0.380464  2.597670 13.0029
1  2.439070  3.144200 14.2323
1  1.087440  2.649480 14.2110
1  2.993460  3.541460 12.9952
1  4.311560  3.093800 12.7092
1  4.907770  2.289410 13.6662
3  8.145210  2.153200 13.3451
3 -5.671140  5.670750 13.3369
3  5.738730  5.693180 13.3368
3  6.728300  4.676310 13.3360
3 -4.599200  6.569930 13.3369
3 -2.076030  7.745820 13.3368
3 -0.698114  7.988280 13.3367
3  2.077030  7.741800 13.3363
3  3.391960  7.259300 13.3353
3 -7.896780  1.393540 14.5490
3 -7.741330  2.073410 15.7626
1  0.155901  0.483694 14.8942
1  0.978735  1.577170 15.1649
1  2.257310  1.380160 15.7928
1  2.666560  0.070904 16.1181
1  4.879490  0.623218 15.3261
1  4.469550  2.004340 15.0078
3  7.824740  2.079680 15.7569
3  8.111930  0.701633 15.7581
3 -7.264820  3.388700 15.7630
3 -6.945280  4.009740 14.5499
1  3.149870  2.385030 15.2636
3  7.088930  4.057020 14.5505
3  7.748150  2.798450 14.5497
3 -6.142810  5.156050 14.5500
3 -5.671170  5.668820 15.7642
3  5.168040  6.134670 14.5427
3  5.674860  5.656440 15.7572
3  6.597900  4.599670 15.7537
3 -4.010440  6.944870 14.5498
3 -4.599540  6.569250 15.7629
3 -2.742220  7.536080 14.5494
3 -2.076480  7.745820 15.7623
3 -0.000193  8.018580 14.5491
3 -0.698345  7.988710 15.7617
3  1.393790  7.895560 14.5485
3  2.076350  7.744220 15.7607
3  4.014710  6.934270 14.5465
3  3.391390  7.263030 15.7583
3 -7.886850  1.389950 16.9756
3 -7.775140  2.070450 18.1949
2 -4.029730  0.337111 18.6981
3  8.026830  0.001537 16.9718
3  7.737750  2.072860 18.1859
3  7.980660  0.696290 18.1865
3 -7.276480  3.379760 18.1923
3 -6.941330  4.000950 16.9798
3  6.941260  3.999250 16.9712
3  7.536490  2.732190 16.9676
3 -6.140410  5.149220 16.9778
3 -5.673290  5.659690 18.1951
3  5.155520  6.135590 16.9689
3  5.669400  5.668510 18.1846
3  6.567130  4.594510 18.1834
3 -4.011440  6.942330 16.9772
3 -4.600790  6.561560 18.1904
3 -2.743140  7.535140 16.9751
3 -2.077350  7.744480 18.1882
3 -0.000595  8.019190 16.9742
3 -0.699014  7.988390 18.1869
3  1.393590  7.896970 16.9734
3  2.075330  7.746120 18.1861
3  4.010290  6.941820 16.9720
3  3.390390  7.267070 18.1851
3 -8.246820  0.002753 19.3962
3 -8.094010  1.412470 19.3987
2 -3.997840  1.742830 19.1598
2 -1.815250  1.051960 18.8062
2 -0.573136  0.849828 19.3996
2 -0.119729  1.729490 20.4457
3  8.016570  0.000397 19.3997
3  7.746290  2.076780 20.6114
3  7.989140  0.698819 20.6118
3 -8.099010  2.155540 20.6059
3 -7.509380  3.461970 20.6103
3 -7.025440  4.030440 19.4087
2 -4.781720  2.150200 20.2405
2 -2.621570  2.164880 19.2284
2 -2.179080  3.033190 20.2594
3  6.943910  4.010300 19.3984
3  7.534280  2.741840 19.3983
3 -6.169960  5.148410 19.4052
3 -5.719310  5.686990 20.6189
3  5.155490  6.142700 19.3978
3  5.670160  5.671760 20.6111
3  6.569600  4.600050 20.6111
3 -4.013740  6.936680 19.4046
3 -4.615400  6.560200 20.6150
3 -2.744980  7.531230 19.4008
3 -2.077200  7.742380 20.6125
3 -0.000914  8.018820 19.3992
3 -0.699198  7.987260 20.6117
3  1.393070  7.897290 19.3988
3  2.074840  7.746230 20.6114
3  4.009300  6.945520 19.3984
3  3.389680  7.267980 20.6112
3 -8.469850  0.005126 21.8236
3 -8.354510  1.451220 21.8235
2 -5.487860  1.125990 20.8948
2  0.591309  0.936876 21.4124
3  8.020080  0.000474 21.8239
3 -7.189610  4.114280 21.8259
2 -3.052490  3.532940 21.2950
2 -4.346460  3.050190 21.2925
2 -0.905012  2.797220 20.8828
3  6.944950  4.011180 21.8238
3  7.536440  2.743250 21.8237
3 -6.272840  5.210810 21.8256
3  5.155240  6.143450 21.8238
3 -4.014690  6.933090 21.8247
3 -2.745780  7.528840 21.8240
3 -0.000933  8.018230 21.8239
3  1.392880  7.897020 21.8239
3  4.009060  6.945680 21.8239