300

3 -2.261530 -7.906760 113.329
3  0.211795 -8.475580 113.397
3 -3.657630 -7.393610 113.349
3  1.629420 -8.229370 113.347
3  3.980260 -6.974660 113.369
3 -6.426400 -4.407150 113.392
3 -5.745980 -5.717900 113.411
3  5.066820 -5.975660 113.378
3  6.302910 -3.684430 113.346
3  6.666490 -2.285940 113.309
3 -6.705460 -1.747840 113.390
3 -6.730210 -0.271962 113.419
3 -0.339890 -8.511160 114.917
3 -1.762290 -8.276880 114.907
3 -4.162020 -7.108410 114.914
3  2.222580 -8.016360 114.894
3  3.510330 -7.375280 114.918
3 -5.246930 -6.143080 114.920
3  5.447790 -5.536800 114.905
3  6.134020 -4.242360 114.927
3 -6.382060 -3.812690 114.958
3 -6.484080 -2.345950 114.975
1 -0.815233 -0.685218 115.115
1  0.579897 -0.570704 114.877
3  6.966940 -0.270850 114.922
3  6.708160 -1.711820 114.895
3  0.235996 -8.446640 116.469
3 -3.642920 -7.405690 116.507
3 -2.291730 -8.011110 116.445
3  1.644460 -8.162550 116.502
3  4.057080 -7.092320 116.524
3 -6.234420 -4.436990 116.536
3 -5.701940 -5.779050 116.488
3  5.037070 -6.019490 116.478
3  6.311860 -3.649020 116.540
3  6.615460 -2.215920 116.512
3 -6.582690 -1.795550 116.584
3 -6.770060 -0.326863 116.576
1 -2.467120 -0.624959 116.760
1 -1.315550 -1.274180 116.353
1 -0.309001 -1.745840 117.272
1  1.077760 -1.639200 116.986
1  1.512190 -1.060380 115.849
1  2.626180 -0.094316 115.923
3 -0.331402 -8.479550 118.049
3 -4.116470 -7.056930 118.065
3 -1.769950 -8.260870 118.001
3  2.299340 -8.130670 118.050
3  3.643400 -7.519720 118.123
3  4.144050 -7.143310 119.661
3 -5.296880 -6.199930 118.091
3  5.443780 -5.497720 118.051
3  6.027640 -4.171140 118.036
3  5.125170 -6.035460 119.609
3 -6.410370 -3.842920 118.136
3 -6.424940 -2.322590 118.129
1 -2.637890 -0.337103 118.185
1 -1.673680 -0.856134 119.136
1 -0.542563 -1.611740 118.720
1  0.756095 -1.251910 119.287
1  1.764260 -1.394130 118.269
1  2.816000 -0.485557 118.375
3  6.879520 -0.178024 118.045
3  6.646140 -1.613070 118.042
3 -0.320445 -8.499020 121.171
3 -1.771000 -8.334060 121.187
3  0.294081 -8.329110 119.637
3  1.706440 -8.120310 119.641
3 -2.376300 -8.106830 119.611
3 -4.144410 -7.164610 121.281
3 -3.697630 -7.481830 119.666
3  2.274410 -7.977290 121.242
3  3.622920 -7.466170 121.226
3 -6.293210 -4.410130 119.664
3 -5.552020 -5.716450 119.698
3 -5.315350 -6.210830 121.312
3  5.585380 -5.605740 121.206
3  6.122550 -4.223710 121.184
3 -6.451140 -3.855770 121.251
3 -6.620420 -2.352100 121.230
3  6.346180 -3.644490 119.593
3  6.461320 -2.182770 119.569
3 -6.434960 -1.750240 119.652
3 -6.601220 -0.321924 119.659
1  0.872823 -0.253335 120.238
3  6.906530 -0.224789 121.174
3  6.628590 -1.637390 121.138
3  0.246029 -8.366340 122.733
3  1.684200 -8.152810 122.791
3 -3.585830 -7.449870 122.815
3 -2.246610 -8.021510 122.782
3  4.149180 -7.123730 122.778
3 -6.286370 -4.400320 122.856
3 -5.459370 -5.638160 122.866
3  5.185660 -6.043420 122.768
3  6.293390 -3.643490 122.713
3  6.580490 -2.218700 122.737
3 -6.579090 -1.767210 122.822
3 -6.689010 -0.316001 122.790
3 -0.301708 -8.452480 124.329
3 -1.765170 -8.152020 124.383
3 -4.074720 -7.080950 124.409
3 -5.106890 -6.112900 124.402
3  2.289370 -8.061920 124.375
3  3.608170 -7.471280 124.326
3  5.465070 -5.583550 124.316
3  6.059710 -4.231720 124.286
3 -6.472670 -3.785980 124.418
3 -6.559620 -2.319940 124.434
3  6.865540 -0.196966 124.378
3  6.667050 -1.633590 124.356
3 -0.352313 -8.334860 127.493
3  0.298207 -8.374800 125.893
3  1.689310 -8.188580 125.950
3 -4.156360 -7.090240 127.525
3 -3.667260 -7.477370 126.025
3 -2.318390 -8.072510 125.994
3 -1.773340 -8.117120 127.534
3  2.321930 -8.077790 127.546
3  3.594490 -7.409800 127.543
3  4.074700 -7.091300 125.932
3 -6.328080 -4.422670 125.939
3 -5.602790 -5.632840 125.936
3 -5.230950 -6.087790 127.458
3  5.464570 -5.519700 127.497
3  5.063520 -6.021300 125.911
3  6.017870 -4.149940 127.539
3 -6.691410 -2.369520 127.462
3 -6.503780 -3.822890 127.481
3  6.161460 -3.678290 125.903
3  6.505370 -2.266450 125.932
3 -6.704340 -0.326560 125.920
3 -6.667050 -1.769060 125.950
3  6.806830 -0.201670 127.568
3  6.616720 -1.710650 127.537
3  7.000200  0.356590 113.354
3  6.948780  1.791980 113.346
3 -6.556990  2.287890 113.385
3 -6.217090  3.690690 113.431
3  5.589070  5.664920 113.385
3  6.279760  4.328680 113.352
3 -5.008790  6.071440 113.454
3 -4.015210  7.092470 113.431
3  3.651820  7.490600 113.393
3  2.370160  8.196660 113.400
3 -1.664720  8.354390 113.419
3 -0.260998  8.610380 113.392
3 -6.820830  0.270854 114.973
3 -6.858030  1.766100 114.956
1 -1.240260  1.614730 114.311
1 -1.709430  0.408223 114.766
1  0.198665  1.743700 114.087
1  1.064140  0.662761 114.323
1  2.377390  0.942253 114.937
1 -1.725970  2.907320 114.679
1 -0.553929  3.820600 114.754
1  0.614661  3.071730 114.405
1  1.940910  3.404980 114.849
1  2.848460  2.308320 115.152
3  7.033000  2.407140 114.891
3  6.500820  3.741290 114.886
3 -6.042080  4.296930 115.004
3 -5.342760  5.559160 114.989
3  5.254750  6.154670 114.935
3 -3.421530  7.440350 114.990
3  4.194100  7.142080 114.957
3 -2.219000  8.173380 114.994
3  0.365413  8.623370 114.972
3  1.788560  8.315860 114.993
1 -3.222700  1.712350 116.311
1 -2.715220  0.468074 115.830
1  3.308920  0.166280 117.099
1  3.630940  1.539380 117.377
3  6.946650  0.361536 116.431
3  7.009300  1.829880 116.450
3 -6.691970  2.258610 116.547
3 -6.280130  3.683520 116.551
1 -2.633510  2.915250 115.709
1 -2.526110  3.890070 116.769
1  3.433860  2.593420 116.478
1  2.888490  3.817400 116.902
3 -4.947910  6.080690 116.558
1 -0.482699  4.771580 115.822
1 -1.436530  4.762660 116.851
1  1.966760  4.327220 115.966
1  0.819143  5.036440 116.416
3  5.574900  5.620450 116.438
3  6.180150  4.326370 116.473
3 -3.896620  7.071440 116.551
3  3.761440  7.488920 116.544
3  2.422980  8.102370 116.517
3 -1.691740  8.364150 116.555
3 -0.201456  8.611380 116.572
3 -6.554930  0.258858 118.129
3 -6.698930  1.715000 118.158
1 -3.399920  1.953650 117.738
1 -3.101160  0.926917 118.679
1  2.934790  0.518151 119.387
1  3.487510  1.744480 118.808
1 -2.977630  3.314510 118.006
1 -2.332410  3.553420 119.236
1  3.010210  2.998260 119.281
3  7.014240  2.418610 118.060
3  6.398150  3.765010 118.075
3 -6.089580  4.295660 118.113
3 -5.253270  5.523720 118.124
1 -0.771601  5.060600 118.089
1 -1.250280  4.469350 119.274
1  0.626095  5.281590 117.820
1  1.539080  4.779800 118.748
1  2.748520  4.087620 118.296
3  5.230850  6.129520 118.010
3 -3.489360  7.483380 118.160
3 -2.184370  8.179200 118.154
3  4.242350  7.147800 118.086
3  0.363597  8.563770 118.185
3  1.772210  8.164490 118.087
3 -6.723480  0.231790 121.272
3 -6.662820  1.729100 121.275
1 -2.423280  1.202020 119.905
1 -1.538220  0.125419 120.199
1 -0.290132  0.360081 120.786
1  0.062559  1.740070 121.167
1  1.954540  0.595726 120.365
1  1.518130  1.862170 120.927
3  7.028840  1.823840 119.642
3  7.018660  0.376983 119.614
3 -6.643200  2.304360 119.660
3 -6.297260  3.718880 119.668
1 -2.093950  2.515750 120.210
1 -0.792976  2.809230 120.806
1  2.013470  3.037850 120.311
3  6.906090  2.504630 121.207
3  6.477670  3.876470 121.208
3 -6.064200  4.307510 121.243
3 -5.357250  5.561120 121.259
3 -4.921990  6.022420 119.730
1 -0.278303  4.008790 120.235
1  1.088660  4.117020 119.973
3  5.670900  5.662840 119.599
3  5.343850  6.154920 121.201
3  6.252690  4.343820 119.631
3 -3.958480  7.129430 119.740
3 -3.505070  7.487550 121.288
3 -2.189000  8.074580 121.294
3  3.722870  7.536260 119.668
3  2.398700  8.094320 119.625
3  4.242280  7.149980 121.222
3 -1.609230  8.289100 119.773
3 -0.238069  8.526560 119.778
3  0.415120  8.546370 121.329
3  1.845330  8.264980 121.225
3  6.857320  1.853230 122.794
3  6.890440  0.361750 122.757
3 -6.622550  2.315450 122.877
3 -6.270530  3.713500 122.840
3 -4.967960  5.986330 122.810
3  5.700240  5.715690 122.798
3  6.333690  4.417140 122.777
3 -3.877880  6.964640 122.862
3  3.776220  7.454910 122.795
3  2.449880  8.122800 122.810
3 -1.575550  8.210430 122.871
3 -0.141106  8.404970 122.889
3 -6.751500  0.271084 124.374
3 -6.705500  1.749770 124.368
3  6.823450  2.401050 124.368
3  6.471280  3.809820 124.369
3 -6.066790  4.279390 124.399
3 -5.357410  5.546370 124.424
3 -3.436790  7.357060 124.438
3 -2.172030  8.019020 124.450
3  5.327900  6.203780 124.392
3  4.222980  7.185550 124.436
3  1.877270  8.228310 124.401
3  0.432580  8.362140 124.484
3 -6.639730  0.258141 127.499
2 -0.104997  1.520810 127.687
3  6.846790  1.855850 125.974
3  6.935090  0.369918 125.981
3 -6.731700  2.314580 125.975
3 -6.320270  3.730750 125.989
3  6.731370  2.433840 127.567
3  6.455200  3.864680 127.510
3 -4.915210  5.935640 126.039
3 -6.013310  4.242080 127.578
3 -5.309510  5.537050 127.586
3  5.755040  5.734950 125.968
3  6.340490  4.417700 125.950
3 -3.892320  6.993920 126.002
3 -3.359160  7.332740 127.594
3 -2.130510  8.090330 127.567
3 -1.558000  8.154320 125.971
3  2.400280  8.176050 126.025
3  3.683820  7.403020 126.005
3  5.284440  6.182570 127.556
3  4.153440  7.110960 127.578
3 -0.140378  8.445810 125.991
3  1.897490  8.411460 127.543
3  0.417589  8.520720 127.553