211

1   2.819580 -2.851980 55.4471
1   2.709480 -2.812240 56.8888
1   5.239550 -3.211360 55.7304
1   5.111990 -3.212530 57.1311
1   1.205580 -1.265430 56.0145
1   7.256970 -1.804320 55.9035
1   7.752930 -0.507103 55.5036
1   3.823080 -3.000680 57.7237
1   4.001880 -2.200610 58.9159
1   6.112140 -2.565970 57.9704
1   5.416170 -1.886360 59.0601
3  -4.151380 -0.231364 59.2928
1   1.694260 -1.851960 57.2355
1   1.897610 -1.013080 58.3519
1   7.154510 -1.839280 57.3496
1   7.593940 -0.544496 57.8331
3  -4.631690 -2.031610 60.9440
3  -5.452600 -2.646040 62.0570
3  -3.384350 -2.863420 61.1768
3  -2.126790 -2.424130 60.7244
3  -1.280870 -3.309550 61.3879
3  -6.132740 -0.484608 61.2812
3  -4.784700 -0.666703 60.4724
3  -2.682880 -0.410115 59.2388
3  -2.017270 -1.205660 60.2214
1   3.056120 -1.208290 59.1852
1   3.447540  0.087906 59.7360
1   5.837420 -0.623269 59.5742
3  -4.865910 -3.756540 62.5413
3  -3.534930 -3.791800 62.1827
3  -2.552680 -4.441450 62.9440
3  -1.255410 -4.198690 62.4229
3  -0.159009 -4.557570 63.0200
3  -6.621350 -2.267740 62.6403
3  -7.361770 -3.049920 63.6210
3  -7.036960 -1.068560 62.1642
3  -8.387040 -0.661814 62.4920
3  -2.297280 -5.438950 65.1695
3  -6.745370 -4.254720 64.2349
3  -6.955580 -4.557880 65.6371
3  -5.198070 -4.354690 63.6295
3  -4.438270 -5.199330 64.4449
3  -3.098020 -5.340060 64.1017
3   0.946901 -5.067650 63.5345
3   1.435970 -5.409440 64.7032
3  -8.485300 -2.694350 65.6661
3  -8.519320 -2.406780 64.2741
3  -8.927140 -1.146060 63.6867
3  -9.695010 -0.287136 64.4327
2   2.289540 -0.549092 65.5102
2   3.590860 -0.636089 64.8761
3  -3.917010 -5.711440 66.9551
3  -2.538600 -5.447450 66.4647
3   2.185760 -6.733390 66.7397
3  -5.976870 -5.074180 66.3353
3  -6.099580 -5.613270 67.6246
3  -4.694650 -5.556180 65.7202
3  -1.531060 -5.327290 67.4321
3   1.577880 -6.248630 65.6725
3  -9.341490 -1.897160 66.4348
3  -9.490680 -2.027400 67.8406
3  -7.945870 -3.830140 66.3092
3  -7.991050 -4.067630 67.6490
3 -10.560200 -0.052439 67.0939
3  -9.673860 -0.432324 65.9847
2   2.435890 -0.806648 66.9204
2   3.831120 -1.125880 67.1679
2   4.546380 -0.985139 65.8881
2   5.832130 -0.454260 65.7858
3   2.387810 -6.813140 68.0156
3   2.470460 -6.073200 69.0898
3  -7.167210 -5.018420 68.4495
3  -7.234920 -5.095740 69.7929
3  -4.830300 -5.985870 68.1131
3  -4.743340 -6.273050 69.4904
3  -0.744204 -4.784070 68.3299
3   0.327264 -4.496760 69.0314
3   5.466200 -5.832440 68.0178
3   5.449270 -4.951380 69.0349
3  -8.546100 -2.925850 68.4840
3  -8.826190 -3.077070 69.7013
3   6.593850 -4.254220 69.6449
3   7.617360 -3.819090 68.8334
3   9.260930 -2.189340 67.7704
3   8.311080 -3.065030 67.9266
3 -10.491400 -1.177890 69.7195
3 -10.181200 -0.919306 68.3093
2   4.448790 -0.608172 68.3423
2   5.749780  0.026502 68.1815
3  -3.506920 -6.798730 70.0835
3  -5.842290 -5.533520 70.3886
3   2.967290 -4.912380 69.7361
3   2.057760 -4.299410 70.6469
3   4.296060 -4.616520 69.7833
3  -9.566340 -2.217120 70.4808
3  -8.213010 -4.223230 70.3505
3   0.971759 -3.726600 70.0474
3   0.400132 -2.460860 70.3481
1   0.879852  0.103664 55.9966
1   7.617460  1.663140 56.6168
1   7.951500  0.288102 56.6916
1   1.617210  2.209440 56.7600
1   1.738370  2.200220 55.3316
1   3.712720  3.680420 55.5258
1   3.588500  3.622740 56.9501
1   6.147430  3.265800 55.7548
1   7.155740  2.292090 55.3850
3  -8.471400  0.708418 59.2791
3  -8.156460  1.289850 58.1378
3  -4.800740  0.152206 58.1731
1   1.111450  0.933739 57.1687
1   1.565360  0.395786 58.3662
1   6.643400  1.476070 58.8527
1   2.983760  2.352090 58.8380
1   2.496060  2.911380 57.5869
1   4.758620  3.470150 57.8114
1   6.008060  3.233730 57.1925
1   4.402830  2.612780 58.9181
1   6.919880  2.240090 57.7207
3  -8.933970  0.657934 60.4933
1   2.495070  1.087170 59.2294
1   5.322250  1.658880 59.4009
1   4.834170  0.387719 59.8610
3 -14.944300  1.394810 63.6872
3 -12.645300  0.996676 62.4313
3 -12.142300  2.089930 63.2844
3  -8.824170  0.575496 61.9366
3  -9.087580  1.427610 63.0392
2   3.033390  1.243780 63.3788
2   5.208490  2.044790 63.0382
3 -12.891800  3.098730 63.1481
3 -14.183500  3.498220 62.9968
2   3.787720  2.356940 62.9096
2   3.274000  3.639440 63.1382
3 -14.017100  0.680665 62.7849
3 -11.158200  1.829390 64.2973
3 -10.074400  1.020330 63.9648
2   1.415980  0.470528 65.0801
2   1.814270  1.360960 64.0240
2   3.936340  0.220817 63.8077
2   5.262810  0.727396 63.6545
2   6.164990  0.413848 64.6757
2   7.002560  1.455710 65.1588
3 -15.288300  2.839010 63.7048
3 -15.543400  3.608070 64.9527
3 -11.342700  2.510900 65.5280
2   0.457463  2.587100 65.4456
2   1.204870  2.644630 64.1846
2   1.972780  3.767900 63.8057
2   6.049950  3.069960 63.5462
2   7.009970  2.747320 64.6110
2   2.045420  4.870830 64.7181
2   4.140210  4.677540 63.6324
2   3.377650  5.432250 64.5937
2   5.512260  4.407230 63.8308
2   6.108720  4.872390 65.0649
3 -11.573900  0.647771 67.3950
3 -12.040300  2.007910 67.9037
2   0.588530  1.240040 65.9774
2   0.728418  1.028600 67.3684
2   7.168490  1.254110 66.5764
3 -11.937300  2.976410 66.7515
2   0.521488  3.699630 66.3055
2   7.051090  3.881300 65.5249
2   7.189830  3.694950 66.9168
3 -15.799200  4.391260 66.0285
3 -15.504100  5.142890 67.0788
2   1.323750  4.849570 65.9363
2   1.975210  5.345190 67.1143
2   3.987460  5.882540 65.7543
2   3.291410  5.837030 67.0188
2   5.399540  5.666180 65.9778
2   1.842510  1.853940 69.2456
2   1.704830  0.006985 67.8080
2   2.363370  0.529664 68.9974
2   3.703970  0.241971 69.2761
2   5.834040  1.156600 69.0647
3 -12.776900  1.752550 69.1723
3 -13.649600  2.628620 69.7919
2   0.847385  2.170800 68.2377
2   0.662986  3.484360 67.7476
2   6.077700  3.628040 68.9855
2   6.544330  2.303310 68.7005
2   7.221870  2.337030 67.4422
3 -14.590500  5.169880 67.9438
3 -13.965400  3.906920 70.0898
3 -13.978100  4.920560 69.0211
2   1.608780  4.498700 68.2175
2   2.588760  4.197010 69.1728
2   3.927110  4.785690 69.1593
2   4.264320  5.550100 68.0298
2   5.564500  5.449140 67.4141
2   6.452560  4.480250 67.8773
3 -13.367300  6.232680 69.6422
3 -13.234800  7.558010 69.4973
3 -13.443800  8.851650 69.3796
3 -13.173300 10.028300 69.5421
3 -12.315700 11.227000 69.7311
3 -11.334600 12.052100 69.1600
3 -10.359600 12.905400 69.0990
3  -9.357090 13.706400 69.0713
3 -12.319800  0.422017 69.7970
3 -11.360100 -0.382622 70.4229
2   4.567160  1.299580 69.7300
3   8.988520  1.167290 70.2665
2   2.670560  2.879200 69.7182
2   4.060680  2.583280 69.9574
2   4.851440  3.756430 69.6257
3   8.773570  5.014390 70.3451
2   6.430020  0.100631 66.9694
1   7.006780  0.056401 58.9728