358

3  -8.153250 -4.277890 71.7360
3  -5.618100 -5.124410 71.8221
3  -2.713420 -6.733010 71.2505
3   4.758660 -3.875770 70.9107
3   6.181200 -3.586480 70.7981
3  -1.875200 -2.187900 71.7390
3  -0.327701 -1.810510 71.2572
3   8.006030 -1.269950 71.0007
3   8.650940 -0.036711 71.0629
3  -6.881730 -4.923460 72.5402
3  -2.358820 -5.819750 72.2006
3   2.628900 -3.909070 71.9550
3   2.049350 -3.966500 73.2978
3   4.670290 -3.800730 73.2616
3  -8.557140 -3.106080 72.6059
3  -9.532810 -2.285980 71.8713
3  -7.881790 -3.268830 74.0303
3  -6.450150 -4.123960 73.8313
3  -4.537890 -4.366170 72.6802
3  -5.043370 -3.753390 73.8575
3  -2.987610 -4.620060 72.4444
3  -2.371530 -3.398810 72.0224
3   0.673982 -3.729390 73.4942
3   4.012190 -3.832840 72.0626
3   6.699750 -3.126510 72.0499
3   6.069120 -3.535680 73.2043
3   7.727250 -2.175500 72.0798
3 -10.472800 -1.365270 72.5964
3  -1.214930 -0.793468 72.2282
3  -1.363790 -0.442195 73.5310
3   8.235160 -1.765790 73.3755
3   8.781710 -0.435647 73.4993
3  -2.010020 -5.037690 75.6410
3  -1.486930 -3.889910 75.0194
3  -0.106627 -4.092410 74.6456
3   0.680719 -4.908660 75.5580
3   2.702920 -4.196490 74.5078
3   2.081740 -4.726640 75.6055
3   4.050670 -4.075100 74.4537
3   4.797180 -4.261050 75.5905
3  -8.265620 -3.370490 75.4302
3  -4.754230 -2.452500 74.3513
3  -1.832550 -2.633350 75.5174
3   6.078600 -3.766110 75.6843
3   6.651000 -3.346380 74.4447
3   7.683970 -2.378040 74.5254
3  -4.756420 -1.042870 74.7881
3  -1.740890 -1.529730 74.7085
3  -1.496540 -0.028072 75.1791
3   7.994430 -1.784550 75.8373
3  -1.308050 -5.366380 76.7974
3  -1.747910 -4.688730 77.9484
3   0.070228 -5.551690 76.6505
3   0.835672 -5.655480 77.8529
3   2.220640 -5.613650 77.8390
3   2.825010 -5.095680 76.7088
3   4.187740 -4.768670 76.7787
3  -8.355940 -3.191500 76.7277
3  -2.233270 -3.364400 77.8800
3  -2.052190 -2.405030 76.8925
3   6.606490 -3.419910 76.9197
3   7.505120 -2.386560 76.9741
3  -2.202390 -1.039570 77.2050
3  -1.482170  0.020063 76.5349
3   8.553780 -0.486591 75.8994
3  -1.151620 -5.054000 79.2096
3   0.198852 -5.508110 79.0998
3   2.914760 -5.652670 79.0680
3   4.870550 -4.699350 77.9642
3   4.323670 -5.303950 79.0810
3   6.099290 -4.069530 78.0351
3  -2.896150 -2.981360 79.0795
3   6.575180 -3.635570 79.3316
3   7.305900 -2.420970 79.3739
3  -3.310250 -0.824242 78.0255
3  -3.445110 -1.688570 79.1367
3   7.864510 -1.832740 78.2097
3   8.519270 -0.560622 78.3697
3  -1.721960 -4.645850 80.3606
3  -1.115290 -5.053930 81.5481
3   0.832786 -5.762340 80.3239
3   0.143799 -5.612280 81.5571
3   2.235670 -5.813360 80.2908
3   2.942690 -5.759350 81.5674
3   4.889890 -5.054720 80.3780
3   4.326080 -5.568780 81.5609
3   5.917640 -4.115220 80.5025
3  -2.612180 -3.568740 80.3114
3  -3.085500 -3.064640 81.4963
3   6.315540 -3.659570 81.7525
3   7.095770 -2.508910 81.7914
3  -3.834130 -1.101740 80.3639
3  -3.894480 -1.891760 81.5049
3   7.573620 -1.867940 80.6336
3   8.167370 -0.597778 80.7708
3  -1.705200 -4.565190 82.7454
3  -1.175530 -4.995050 83.9235
3   0.088248 -5.558350 83.9384
3   0.800401 -5.876260 82.7731
3   2.188630 -5.794040 82.7442
3   2.870510 -5.910960 83.9678
3   4.232310 -5.539640 84.0100
3   4.962870 -5.342850 82.8040
3   6.058020 -4.414330 82.8640
3  -2.773480 -3.690130 82.7311
3  -3.363860 -3.200060 83.8902
3   7.275300 -1.917020 83.0675
3  -4.325450 -1.299550 82.7391
3  -4.101830 -2.004080 83.8831
1   1.446260 -0.158670 82.3024
1   2.871160 -0.136616 82.5820
3   7.749030 -0.561235 83.1379
3   2.137270 -5.921830 85.1763
3  -1.908790 -4.719710 85.0964
3   0.716039 -5.712610 85.1676
3   4.760740 -5.142740 85.2484
3   5.997720 -4.485760 85.3112
3  -3.018720 -3.785510 85.0730
3   6.457360 -3.910540 84.1130
3   7.124050 -2.652630 84.2313
3   7.303880 -2.020930 85.4530
3  -4.501770 -1.361100 85.0702
3  -5.058320 -0.076619 85.1099
3   7.858690 -0.701097 85.5369
3   7.913640  0.068817 84.3919
3  -1.386610 -5.084540 86.3472
3  -0.047553 -5.570880 86.3286
3  -4.245420 -2.017850 86.2653
3  -3.484880 -3.184360 86.2367
3 -11.224900 -0.456209 71.8637
3   9.194030  2.323350 71.1679
3   8.969240  3.755260 71.1934
3   8.374480  6.160130 71.1729
3   7.809570  7.447400 71.2301
3  -3.857410  1.390770 73.4315
3   9.388960  1.687620 72.4550
3   9.062800  0.338697 72.3979
3  -2.966640  2.336030 73.1738
3  -2.190680  3.407120 72.8324
3   0.726982  3.461960 73.0536
3   9.514420  2.298620 73.7358
3   9.348340  3.684040 73.7246
3  -1.907240  5.613960 73.9529
3  -1.399350  4.538180 73.1693
3   0.006670  4.603070 73.1255
3   0.684117  5.843240 73.3179
3   9.003070  4.307730 72.5378
3   8.646560  5.669500 72.5168
3  -1.338850  6.840140 73.6296
3   0.032364  7.071250 73.5831
3   7.534160  8.216380 72.4048
3   8.083440  7.752570 73.6729
3   8.596620  6.430940 73.6803
3   0.732284  9.319680 73.1715
3   6.110430  9.796440 73.7084
3   6.732640  9.311070 72.5428
3   0.325407 10.803700 71.0766
3   0.543234 10.283500 72.2287
3  -4.334050  0.377131 74.1224
3  -4.730240  0.325968 75.6346
3   9.195850  1.563690 74.8372
3   8.924850  0.221603 74.7629
3  -3.993550  3.582450 76.1607
3  -3.671690  4.591940 75.4232
3  -2.989860  5.637060 74.8388
3   9.203260  4.387910 74.9115
3   8.948960  5.810210 74.9001
3  -3.000790  6.848350 75.6224
3   7.789460  8.355380 74.8911
3   0.594377  8.636820 75.4692
3   0.645125  8.313130 74.1176
3   6.774640  9.409900 74.9197
3   2.425020 10.602100 75.4505
3   3.347660 10.854800 74.4097
3   4.917540 10.564100 73.7891
3   4.755010 11.310700 75.1264
3  -4.410720  0.996421 76.7394
3  -4.141770  0.254391 77.9029
3   8.908100  1.538540 77.2697
3   8.842610  0.139076 77.1693
3  -4.044220  2.432300 76.7539
3   9.123960  2.203000 76.0844
3   9.165280  3.650250 76.0880
3   9.008300  4.342840 77.2730
3   8.880580  5.792300 77.2944
3  -2.827990  7.589960 77.0681
3  -1.697020  7.773960 75.8847
3  -0.410749  8.017640 76.2558
3  -0.113824  7.844680 77.6340
3   8.223820  7.780850 76.0802
3   8.740390  6.498960 76.1187
3   1.460900  9.587410 76.0376
3   2.551290 10.211700 77.1033
3   4.227300 10.228300 77.2981
3   7.843330  8.315730 77.3267
3   6.313110  9.801770 76.1652
3   6.728370  9.177060 77.3435
3   5.123820 10.575200 76.2817
3  -4.602960  0.764241 79.0943
1  -0.045699  1.825530 79.7759
1   1.278440  1.607410 79.2578
1   4.070250  1.714230 79.7716
3   8.887430  1.430590 79.6556
3   8.631910  0.053989 79.6261
3  -5.153960  2.049490 79.2397
1  -0.561950  3.129040 79.8099
1   1.522110  4.020990 78.8006
1   2.035160  2.672890 78.7685
1   3.449530  2.728390 79.0367
1   3.811750  4.107430 79.2601
3   8.844970  2.205510 78.4647
3   8.877450  3.636270 78.5164
3  -5.761290  4.950030 79.2999
1   0.237253  4.243800 79.3148
1   2.620710  4.913990 79.0990
1   2.381710  6.038220 79.9079
3   8.937750  4.296660 79.7492
3   8.873300  5.707210 79.7178
3  -5.133500  6.039880 78.7315
3  -4.667100  7.122620 79.4905
3  -2.622150  8.114130 78.2243
3  -1.195770  7.947570 78.9219
3   8.695000  6.403790 78.5538
3   8.206660  7.732820 78.5664
3  -2.416500  8.814790 79.6080
3   0.152354  8.976760 78.5786
3   0.704961 10.119600 79.0090
3   4.734510  9.874090 78.4935
3   7.761230  8.315020 79.7963
3   6.054970  9.435310 78.5260
3   6.561840  9.054770 79.7846
3   0.121681 10.684800 80.1156
3   1.951590 10.529100 78.5425
3   2.836400 10.861000 79.6275
3   4.127570 10.281700 79.6821
3  -4.400510  0.149778 80.3668
3  -4.816090  0.749305 81.5352
1  -0.937878  1.369260 82.0257
1  -0.256639  0.907447 80.8787
1   1.895420  0.550296 80.0130
1   0.953663  0.123131 81.0200
1   3.275840  0.604116 80.2747
1   3.775110  0.289581 81.5959
1   5.030610  2.080540 80.7816
1   4.856530  1.196010 81.9070
3  -5.247720  2.772830 80.4312
3  -5.270150  2.063740 81.6089
1  -1.286030  3.585940 80.9668
1   5.420800  3.431070 80.9631
3   8.847590  2.151250 80.8577
3   8.850360  3.555920 80.8909
3  -5.580080  4.138980 80.4520
3  -5.452410  4.890930 81.6460
1  -0.928424  4.971510 81.1960
1   0.019795  5.356330 80.1907
1   4.825040  4.482750 80.1567
1   4.522150  5.613270 81.0299
3  -5.204340  6.242580 81.7556
3  -4.503620  7.279090 80.9276
1   1.073780  6.215120 80.4784
1   1.210540  6.734830 81.8123
1   3.359960  6.407440 80.8932
3   8.172340  7.715500 80.9699
3   8.707960  6.396180 80.9342
3  -4.053340  8.349590 81.8165
3  -3.003480  9.296010 81.8859
3  -2.313740  9.611590 80.7263
3   5.992610  9.500790 80.9425
3  -1.134340 10.443800 80.8530
3  -1.034850 11.228400 82.0351
3   0.959955 11.541400 80.9481
3   2.311040 11.331200 80.8744
3   4.794540 10.243800 80.8743
3  -5.157850  0.640784 83.9294
3  -5.513400  2.001720 84.0046
1  -0.409246  1.084600 83.3349
1   0.750618  0.317441 83.4613
1   3.040400  0.365494 83.9378
1   4.984730  1.708870 83.2002
3   8.235240  0.124625 81.9677
3   8.609210  1.456580 82.0584
3   8.554130  2.158530 83.2457
3  -5.421750  2.754390 82.8233
1  -1.493460  2.722680 82.0612
1  -1.307940  3.238530 83.4032
1   5.504080  3.945120 82.3173
1   5.291780  3.104390 83.4088
3   8.692170  3.529940 83.2432
3  -5.952710  4.808740 83.9811
3  -5.575370  4.121070 82.8245
1  -0.817093  5.484790 82.5050
1  -1.009240  4.594380 83.6283
1   4.943350  5.270260 82.3460
1   4.298070  5.726440 83.4991
3   8.865770  4.298350 82.0941
3   8.721490  5.701810 82.1174
3  -5.426920  6.897100 83.0179
3  -4.723250  8.095510 83.0744
1   0.276484  6.370310 82.8087
1   2.633850  6.859490 82.0775
1   3.103470  6.505620 83.3432
3   7.618550  8.207100 82.1692
3   7.910570  7.580060 83.4023
3   8.436780  6.323020 83.3342
3  -2.725280  9.832770 83.1001
3   6.609480  9.198320 82.1315
3   6.092220  9.657420 83.3213
3  -1.730430 10.766000 83.1993
3   0.225431 11.868500 82.1545
3   0.959211 11.713200 83.3224
3   3.031160 11.255400 82.0773
3   2.358770 11.577500 83.2611
3   4.322860 10.695900 82.0470
3   4.990220 10.537100 83.2982
1   1.484470  1.745430 85.3061
1   1.721070  0.650966 84.4645
1   4.088340  1.259270 84.2404
3   8.219350  1.406520 84.4088
3   8.338160  2.055460 85.6309
3  -5.868640  2.657410 85.1788
3  -6.035990  4.013050 85.1547
1  -0.684283  2.195600 84.2027
1   0.255053  2.518190 85.1936
1   0.592043  3.925070 85.3922
1   2.549470  2.661210 85.5700
1   2.018920  3.989540 85.6073
1   3.842970  2.405820 85.1014
1   4.602520  3.536410 84.5901
3   8.592370  3.434820 85.6833
1   0.776983  6.040000 84.1207
1  -0.013069  4.933990 84.6249
1   2.156400  6.115360 84.3536
1   2.773170  5.064050 85.1368
1   4.116970  4.853710 84.6318
3   8.571550  4.158090 84.4912
3   8.155810  6.225040 85.8276
3   8.438100  5.592980 84.5494
3  -5.753960  6.176400 84.1298
3  -5.600550  6.821970 85.3379
3  -4.894230  8.043310 85.4505
3   7.436430  8.124390 84.6473
3   7.624530  7.467540 85.8516
3  -4.467480  8.704230 84.2828
3  -3.405580  9.596930 84.2951
3  -3.009670 10.046000 85.5207
3   6.043280  9.731190 85.8072
3   6.507330  9.188410 84.5710
3  -1.110640 11.034500 84.4046
3  -1.867070 10.858200 85.5972
3   0.238229 11.398400 84.4776
3   0.888730 11.407900 85.6740
3   2.255630 11.360300 85.6997
3   3.024130 11.450800 84.5121
3   4.951950 10.648200 85.7570
3   4.397030 10.970000 84.4820
3  -5.573740  0.493754 86.2958
3  -5.886070  1.885390 86.3472
3  -4.921750 -0.031595 82.7103