316

3 -4.981540 -6.697200  92.2510
3 -5.533220 -6.384170  93.5829
3 -3.648110 -7.190600  92.2217
3 -3.012480 -7.345040  93.5523
3 -1.000660 -7.190960  92.2209
3 -1.599980 -7.344690  93.5814
3  0.403275 -6.892610  92.2393
3  1.054830 -6.727440  93.5374
3  2.296080 -6.070740  93.5440
3 -6.999390 -4.947500  92.2616
3 -6.542960 -5.377100  93.5759
3  2.898370 -5.871490  92.2091
3  4.152360 -5.217600  92.2640
3  4.718300 -4.865670  93.6231
3  5.814850 -4.009360  93.6325
3 -7.911450 -3.817040  92.2065
3 -8.148680 -3.187160  93.5468
1 -3.752060 -3.086590  93.4477
1 -2.970020 -2.241290  92.5304
1 -1.592830 -2.689410  92.5926
1 -1.487880 -3.729330  93.5506
3  6.340530 -3.594670  92.3036
3  7.168740 -2.457110  92.3328
3 -8.456320 -1.810470  93.5397
3 -8.458250 -1.166690  92.1841
1 -5.035550 -0.965341  94.0161
1 -4.350460 -0.261987  93.0265
1 -3.251880 -0.875481  92.3054
1 -0.558636 -1.775460  92.4310
1 -0.835956 -0.384195  92.2177
1  0.642109 -1.846000  93.2899
1  1.045050 -0.487051  93.5967
3  7.364080 -1.811930  93.6619
3  7.827290 -0.458202  93.5512
3  7.977940  0.087424  92.2412
3 -4.904820 -6.633570  94.8948
3 -3.614670 -7.287890  94.8874
3 -0.938149 -7.297520  94.8816
3  0.430800 -6.933650  94.8356
3  2.898080 -5.797600  94.8827
3 -6.958190 -4.919490  94.9037
3  4.137540 -5.164670  94.9257
3 -7.858040 -3.807490  94.8740
1 -4.787120 -2.361290  94.2076
1 -4.882950 -2.594380  95.6732
1 -2.841130 -3.945500  94.1370
1 -2.952830 -4.118710  95.5592
1 -0.415482 -3.809550  94.4608
1 -0.598988 -3.974610  95.8486
1  0.634498 -2.850890  94.2510
1  1.226200 -2.553210  95.5389
3  6.232390 -3.571520  94.9404
3  7.123790 -2.412440  94.9442
3 -8.630380 -1.189580  94.9443
1 -5.368990 -0.317585  95.2920
1  1.717340 -1.257700  95.8530
1  1.630000 -0.247640  94.8450
3 -5.427080 -6.255180  96.2527
3 -4.812520 -6.484090  97.5596
3 -2.988010 -7.298750  96.2051
3 -3.573440 -7.038870  97.5303
3 -1.577540 -7.359040  96.2105
3 -0.905870 -7.215320  97.5331
3  1.069890 -6.693800  96.1620
3  0.419399 -6.856050  97.4919
3  2.374380 -6.134500  96.1968
3  2.947460 -5.923330  97.5149
3 -6.549410 -5.421420  96.2175
3 -7.103700 -5.010320  97.5471
1 -1.805060 -4.315420  96.4685
3  4.102190 -5.127850  97.5108
3  4.642190 -4.826550  96.2415
3 -7.939350 -3.891880  97.5250
3 -8.260260 -3.275460  96.1878
1 -3.977800 -3.483630  96.3549
1 -3.522860 -3.238990  97.6959
1 -2.157180 -3.752140  97.8170
1  0.420962 -3.290540  96.5560
1  0.137735 -2.727970  97.8238
3  5.722340 -3.909630  96.2724
3  6.184670 -3.474830  97.5748
3  7.076560 -2.333460  97.5956
3 -8.600370 -1.857710  96.2391
3 -8.573370 -1.283930  97.5465
1 -5.303930 -1.359570  96.3304
1 -4.726250 -1.068180  97.5747
1  0.525468 -1.357390  98.0849
1  1.317040 -0.649101  97.1129
3  7.479440 -1.788800  96.2926
3  8.016350 -0.470629  96.2983
3 -5.484560 -6.343410  98.8467
3 -2.984710 -7.144560  98.8052
3 -1.579140 -7.308530  98.8713
3  1.022480 -6.635550  98.8196
3  0.451867 -7.033610 100.1480
3  2.352200 -6.200890  98.8056
3  2.936090 -5.925520 100.1600
3 -6.681570 -5.518370  98.9047
3  4.656490 -4.835920  98.8193
3  5.807570 -4.004100  98.8670
3  4.116810 -5.183630 100.1560
3 -8.192020 -3.291030  98.9128
1 -1.169510 -2.903620  98.3817
3 -8.491260 -1.918910  98.9136
1 -3.878040 -1.975670  98.2636
1 -2.872120 -1.170840  98.9448
1 -1.571290 -1.655960  99.0460
1 -0.510835 -0.678310  98.8576
3  7.389590 -1.804650  98.9300
3  7.941800 -0.488206  98.9184
3 -4.906090 -6.628760 100.1560
3 -5.570810 -6.435090 101.5440
3 -3.558460 -7.116340 100.1690
3 -3.010660 -7.417900 101.4960
3 -0.971163 -7.285870 100.1570
3 -1.617280 -7.396810 101.4620
3  1.083860 -6.862950 101.4570
3  2.340300 -6.239620 101.4680
3 -7.102720 -5.069790 100.2220
3 -6.671030 -5.593450 101.5650
3  4.619560 -4.830650 101.4910
3  5.715840 -3.909790 101.5390
3 -7.869180 -3.893310 100.2560
3 -8.213500 -3.379380 101.6070
3  6.263710 -3.534450 100.2200
3  7.130840 -2.424840 100.2220
3 -8.573120 -2.001530 101.6450
3 -8.550790 -1.307590 100.2660
2 -2.473890 -1.778390 102.2940
2 -1.340630 -0.866775 102.0870
3  7.485830 -1.855500 101.5400
3  7.900380 -0.516642 101.5730
3 -4.949220 -6.783550 102.8420
3 -5.492010 -6.461350 104.2000
3 -3.670630 -7.317900 102.8170
3 -3.033150 -7.565730 104.0990
3 -0.978101 -7.451970 102.7650
3 -1.584120 -7.679690 104.0940
3  0.427549 -7.112140 102.8170
3  1.014610 -6.975760 104.1150
3  2.858570 -5.960500 102.8030
3  2.320790 -6.356960 104.1410
3 -7.104240 -5.088710 102.9720
3 -6.641130 -5.600240 104.2960
3  4.024690 -5.196540 102.8210
3  4.510410 -4.860680 104.1910
3 -7.917840 -3.968470 102.9530
3 -8.289270 -3.422890 104.2850
2 -4.375770 -2.767750 104.1210
2 -2.284950 -3.076550 102.8600
2 -3.311890 -3.590910 103.7480
2 -0.997006 -3.440320 103.2990
2  0.082264 -2.593670 103.1410
2  1.098010 -2.486860 104.1390
3  5.686480 -4.035180 104.1830
3  6.188850 -3.576310 102.8880
3  7.119720 -2.508890 102.8980
3 -8.714210 -1.346690 102.9590
2 -4.546190 -1.469770 103.4790
2 -3.576080 -1.010230 102.6050
2 -0.050559 -1.274740 102.5360
2  0.791752 -0.327497 103.2420
2  1.523930 -1.063060 104.2210
3  7.390760 -1.882440 104.1980
3  7.718270 -0.488450 104.1870
3 -8.533500  0.835563  93.5605
3 -8.540160  0.233433  92.2269
1 -2.170710  0.070381  92.1883
1 -2.533740  1.277530  92.9203
1 -3.875080  1.156480  93.3772
1 -0.220817  1.681220  93.5862
1  0.117051  0.404501  92.9925
3  8.235540  1.514810  92.2576
3 -8.081000  2.186710  93.5780
3 -7.763040  2.799600  92.2235
3 -6.881330  3.897710  92.2156
1 -1.575740  2.084920  93.5767
3  8.147570  2.158570  93.5974
3  7.622730  3.468960  93.5377
3 -6.404940  4.299000  93.6151
3 -5.330750  5.232680  93.6127
3 -4.776400  5.596450  92.3085
3  7.345480  3.999270  92.1603
3  6.006280  5.556140  93.4995
3  6.399390  5.065600  92.1713
3 -3.490050  6.122040  92.3507
3 -2.915260  6.424000  93.6434
3 -0.978005  7.154820  92.2315
3 -1.606170  6.935930  93.6133
3  0.393793  7.410830  92.2005
3  1.014710  7.506150  93.5049
3  3.025330  7.211670  92.1595
3  2.392790  7.340640  93.4799
3  4.362760  6.814590  92.1595
3  4.883250  6.416330  93.5036
3 -8.709390  0.226366  94.9451
1 -4.860230  0.950368  95.5595
1 -4.206950  1.786480  94.5916
1  1.223310  0.987291  95.4747
3  8.191320  1.561050  94.8930
3  8.182820  0.144183  94.9508
3 -7.794280  2.725630  94.9432
3 -6.886160  3.837280  94.9418
1 -3.113340  2.454310  95.2677
1 -1.843880  2.741050  94.7750
1 -0.656855  2.634500  95.6830
1  0.396228  1.970830  94.8499
3  7.359100  3.992500  94.8161
3 -4.807740  5.627010  94.9726
3  6.469800  5.089510  94.7996
3 -3.468470  6.115080  94.9691
3 -1.001010  7.170000  94.9108
3  0.377989  7.517570  94.9011
3  3.024250  7.157740  94.8171
3  4.318170  6.671920  94.8084
3 -8.541790  0.123527  97.5807
3 -8.571310  0.804359  96.2508
1 -4.325250  1.276740  96.8531
1 -4.331580  0.269310  97.8444
1  1.028080  0.728146  96.8902
1  0.090068  1.445100  97.7331
3  8.205420  1.553130  97.5628
3  8.120450  0.126118  97.6143
3 -8.080370  2.135380  96.2908
3 -7.640190  2.620640  97.6120
3 -6.785820  3.786030  97.5595
1 -3.193920  2.112200  96.6733
1 -2.193670  2.185030  97.5685
1 -0.796344  2.451710  97.0892
3  8.102240  2.183260  96.1910
3  7.655620  3.508920  96.1587
3 -6.428330  4.307630  96.2455
3 -5.392190  5.236980  96.2860
3 -4.833390  5.604540  97.5834
3  7.499830  4.123940  97.4717
3  6.088760  5.596260  96.1200
3  6.619380  5.271230  97.4181
3 -3.500380  6.165790  97.5794
3 -2.855170  6.357890  96.2442
3 -1.587630  6.909890  96.2464
3 -1.022660  7.172520  97.5154
3  0.974051  7.463220  96.2206
3  0.343069  7.375380  97.5153
3  2.367000  7.256540  96.1904
3  3.018790  7.067990  97.4866
3  4.902560  6.374290  96.1330
3  4.345940  6.670050  97.4853
3 -8.352300  0.748227  98.9540
1 -3.150640  0.238911  98.6948
1 -2.129160  1.175750  98.5896
1 -0.779252  0.710281  98.6689
3 -7.876570  2.079970  98.9594
3  8.047160  2.173320  98.9043
3  7.650060  3.516040  98.8069
3 -6.340990  4.222620  98.9925
3 -5.279180  5.159740  98.9273
3  6.110230  5.667040  98.8073
3 -2.961870  6.453050  98.9066
3 -1.658080  7.059640  98.8874
3  0.955887  7.358530  98.8310
3  2.348750  7.206390  98.8559
3  4.951990  6.465470  98.7868
3 -8.362820  0.701267 101.6150
3 -8.493890  0.130985 100.2500
3  7.976030  1.542280 100.2090
3  8.032810  0.156374 100.2740
3 -7.756000  1.974250 101.6410
3 -7.564940  2.569540 100.3330
3 -6.767700  3.729280 100.3270
3  7.585840  3.526890 101.4760
3  7.919270  2.169440 101.4850
3 -6.247930  4.056950 101.6370
3 -5.114930  4.942730 101.6410
3 -4.741440  5.505570 100.3250
3  7.443470  4.080380 100.1530
3  6.626280  5.236970 100.1460
3  6.053070  5.662450 101.4110
3 -3.527850  6.286590 100.2920
3 -2.929110  6.478130 101.6280
3 -1.039220  7.118310 100.2110
3 -1.658780  7.078540 101.5280
3  0.372146  7.325990 100.2110
3  1.015400  7.390630 101.5130
3  3.029260  7.073430 100.1770
3  2.410760  7.312000 101.4820
3  4.415590  6.836470 100.1380
3  5.006930  6.568640 101.4320
3 -8.579940  0.062852 102.9660
3 -8.373300  0.665884 104.3200
2 -3.194140  0.383882 102.6660
2 -3.693260  1.214890 103.6580
2 -1.756150  0.511988 102.3070
2 -0.961276  1.420520 103.0180
2  0.337947  0.935640 103.5480
3  8.033700  1.511610 102.8430
3  7.912000  0.129621 102.8800
3 -7.889930  2.042180 104.3200
3 -7.426500  2.518780 102.9720
2 -1.555130  2.243030 104.0450
3  7.752130  3.541490 104.1140
3  7.969840  2.167620 104.1220
3 -6.619760  3.656570 102.9880
3 -4.614790  5.347760 102.9930
3  7.489270  4.150900 102.7950
3  6.613580  5.301790 102.7560
3  6.122490  5.709570 104.1100
3 -3.492690  6.213680 102.9560
3 -2.852670  6.426600 104.2590
3 -1.012490  7.321860 102.8410
3 -1.614740  7.049500 104.2550
3  0.366560  7.492280 102.8790
3  1.073750  7.596900 104.1940
3  3.046500  7.312700 102.8020
3  2.477430  7.443180 104.1660
3  4.473160  6.883220 102.7610
3  4.962630  6.541660 104.0700