290

3 -3.389880 -7.267760 66.6834
3 -4.009120 -6.945630 67.8962
3 -2.074960 -7.746160 66.6838
3 -1.392940 -7.897020 67.8963
3  0.699069 -7.987370 66.6842
3  0.000882 -8.018260 67.8964
3  2.077100 -7.742660 66.6851
3  2.745400 -7.528940 67.8969
3  4.608850 -6.555180 66.6877
3  4.014300 -6.933620 67.8980
3 -5.670180 -5.671460 66.6830
3 -6.569400 -4.599330 66.6826
3 -5.155330 -6.143320 67.8960
3  5.702840 -5.672720 66.6919
3  6.261060 -5.204440 67.8970
3 -7.536320 -2.742950 67.8959
3 -6.944930 -4.011060 67.8959
1  0.321282 -2.323660 67.1645
1  2.357730 -3.526440 67.8147
1  2.931120 -3.154020 66.5664
1  4.290920 -2.692980 66.5672
1  4.820200 -2.547670 67.8426
3  7.184510 -4.115380 67.8975
3  7.463400 -3.442940 66.6831
3  8.032110 -2.136000 66.6827
3 -7.745070 -2.076290 66.6832
3 -7.987710 -0.698319 66.6833
3 -8.019880 -0.000417 67.8958
1 -0.500410 -1.231480 67.6171
1 -0.388562 -0.162755 66.6567
1  5.637900 -0.415632 67.1839
3  8.355810 -1.452160 67.8936
3  8.489370 -0.006572 67.8948
3 -3.389620 -7.267980 69.1088
3 -2.074820 -7.746180 69.1088
3  0.699067 -7.987080 69.1087
3  2.076920 -7.742050 69.1082
3  4.619010 -6.563140 69.1071
3 -5.670160 -5.671750 69.1088
3 -6.569690 -4.600100 69.1087
3  5.732270 -5.699850 69.1053
1  0.914326 -2.792030 69.5089
1  2.188240 -3.028960 70.1312
1  1.015350 -3.092420 68.1018
1  4.351390 -3.049360 69.0936
1  3.058800 -3.530100 69.0940
1  4.784700 -2.147740 70.1486
3  7.551350 -3.478670 69.1129
3  8.162550 -2.171600 69.1157
3 -7.746510 -2.076740 69.1085
3 -7.989480 -0.698658 69.1082
1  0.122135 -1.730860 69.9465
1 -0.594870 -0.939913 68.9814
1  5.491750 -1.125950 69.4982
1  5.506950 -1.362070 68.1099
3 -4.009150 -6.945690 70.3215
3 -3.390120 -7.267590 71.5347
3 -1.393000 -7.897220 70.3213
3 -2.075110 -7.746280 71.5339
3  0.000897 -8.018630 70.3210
3  0.698999 -7.988160 71.5334
3  2.744990 -7.530440 70.3197
3  2.077230 -7.744010 71.5321
3  4.014030 -6.936140 70.3166
3  4.601910 -6.559190 71.5299
3 -5.155400 -6.143200 70.3219
3 -5.669870 -5.670640 71.5351
3 -6.568400 -4.597560 71.5358
3  6.202830 -5.168960 70.3181
3  5.679200 -5.661810 71.5255
3 -7.535580 -2.742770 70.3213
3 -6.944610 -4.011080 70.3216
1  2.629590 -2.170240 71.1715
3  7.077420 -4.057900 70.3163
3  7.317410 -3.391090 71.5293
3  7.836640 -2.084390 71.5273
3 -7.741140 -2.075110 71.5340
3 -7.983460 -0.697719 71.5332
3 -8.018600 -0.000396 70.3206
1  0.581317 -0.851044 70.9888
1  1.820650 -1.055730 71.5888
1  4.034650 -0.336581 71.6943
1  4.006440 -1.744130 71.2340
3  8.221530 -1.432460 70.3320
3  8.363150 -0.007801 70.3311
3 -4.009900 -6.943690 72.7477
3 -3.391070 -7.264490 73.9616
3 -1.393450 -7.897190 72.7467
3 -2.076010 -7.744970 73.9594
3  0.000670 -8.019210 72.7460
3  0.698412 -7.988780 73.9585
3  2.743300 -7.534510 72.7450
3  2.076570 -7.745710 73.9578
3  4.011460 -6.941010 72.7426
3  4.599540 -6.568310 73.9570
3 -5.155530 -6.138700 72.7502
3 -5.669840 -5.659450 73.9632
3 -6.576600 -4.590920 73.9669
3  6.140410 -5.145300 72.7424
3  5.670670 -5.666980 73.9553
3 -7.529300 -2.734570 72.7504
3 -6.939430 -4.003530 72.7488
3  6.945850 -3.999620 72.7394
3  7.262220 -3.386350 73.9574
3 -7.768370 -2.071590 73.9632
3 -8.037670 -0.696594 73.9636
3 -8.012950 -0.001659 72.7469
2 -2.662300 -0.072597 74.2733
3  7.896160 -1.389910 72.7440
3  7.737780 -2.071130 73.9573
3 -4.012370 -6.936140 75.1742
3 -3.391880 -7.260690 76.3863
3 -1.393800 -7.895990 75.1719
3 -2.076800 -7.742420 76.3843
3  0.000236 -8.018810 75.1711
3  0.698131 -7.988400 76.3835
3  2.742290 -7.536070 75.1707
3  2.076050 -7.745890 76.3833
3  4.010520 -6.944700 75.1701
3  4.599130 -6.570030 76.3832
3 -5.161230 -6.132280 75.1789
3 -5.711850 -5.673270 76.3869
3 -6.687600 -4.650890 76.3888
3  6.142470 -5.155760 75.1702
3  5.671040 -5.670890 76.3831
3 -7.660800 -2.767670 75.1772
3 -7.014320 -4.021500 75.1752
3 -8.087900 -2.141760 76.3752
2 -3.149460 -2.381230 75.1273
2 -1.087430 -2.649600 76.1790
2 -2.440930 -3.137520 76.1591
3  6.944440 -4.009150 75.1702
3  7.267980 -3.390680 76.3834
3 -8.382310 -0.732250 76.3763
2 -5.545400 -0.157783 76.2279
2 -4.878960 -0.620268 75.0635
2 -4.468560 -1.999200 75.3814
2 -2.252650 -1.383900 74.5896
2 -0.972763 -1.581820 75.2189
2 -0.151332 -0.486517 75.4947
3  7.894670 -1.393080 75.1714
3  7.746430 -2.075850 76.3837
2 -4.916500 -2.289780 76.7193
2 -5.540060 -1.147400 77.2052
2  0.572293 -0.431142 76.7370
3 -7.745520  2.075210 66.6829
3 -7.897930  1.393610 67.8958
1 -0.370388  1.165130 67.0925
1  5.602490  0.899904 67.6192
1  5.128870  1.729850 66.6104
3  8.361500  0.730429 66.6760
3 -7.267430  3.390240 66.6828
3 -6.945610  4.009930 67.8958
1  0.535199  2.110410 66.4942
1  0.970518  3.012310 67.5286
1  2.268300  3.514470 67.5120
1  3.155390  3.068170 66.4525
1  4.419860  2.828890 67.0602
3  8.074100  2.137910 66.6762
3  7.157610  4.082680 67.8967
3  7.867900  2.837690 67.8969
3 -5.671260  5.670230 66.6827
3 -6.142910  5.155970 67.8960
3  5.714180  5.676030 66.6876
3  6.684830  4.648510 66.6892
3  5.183820  6.146200 67.8991
3 -4.599320  6.569730 66.6833
3 -4.010260  6.944930 67.8961
3 -2.076180  7.745770 66.6836
3 -2.742120  7.535990 67.8963
3 -0.698182  7.988360 66.6840
3 -0.000133  8.018160 67.8964
3  2.077000  7.742220 66.6848
3  1.393690  7.894810 67.8966
3  3.392010  7.259980 66.6871
3  4.019700  6.934370 67.8974
3 -7.746800  2.075780 69.1084
1 -0.574479  0.428735 69.4280
1 -0.465080  1.465340 68.4987
1  5.541250  0.160931 69.9297
1  5.525330  1.146010 68.9520
3  8.435870  0.733129 69.1159
3 -7.268130  3.390630 69.1088
1  0.380464  2.597670 68.7750
1  2.439070  3.144200 70.0044
1  1.087440  2.649480 69.9830
1  2.993460  3.541460 68.7672
1  4.311560  3.093800 68.4812
1  4.907770  2.289410 69.4382
3  8.145210  2.153200 69.1172
3 -5.671140  5.670750 69.1089
3  5.738730  5.693180 69.1088
3  6.728300  4.676310 69.1081
3 -4.599200  6.569930 69.1089
3 -2.076030  7.745820 69.1088
3 -0.698114  7.988280 69.1088
3  2.077030  7.741800 69.1084
3  3.391960  7.259300 69.1073
3 -7.896780  1.393540 70.3211
3 -7.741330  2.073410 71.5346
1  0.155901  0.483694 70.6662
1  0.978735  1.577170 70.9369
1  2.257310  1.380160 71.5649
1  2.666560  0.070904 71.8901
1  4.879490  0.623218 71.0981
1  4.469550  2.004340 70.7799
3  7.824740  2.079680 71.5290
3  8.111930  0.701633 71.5301
3 -7.264820  3.388700 71.5351
3 -6.945280  4.009740 70.3219
1  3.149870  2.385030 71.0356
3  7.088930  4.057020 70.3226
3  7.748150  2.798450 70.3218
3 -6.142810  5.156050 70.3220
3 -5.671170  5.668820 71.5363
3  5.168040  6.134670 70.3148
3  5.674860  5.656440 71.5292
3  6.597900  4.599670 71.5257
3 -4.010440  6.944870 70.3219
3 -4.599540  6.569250 71.5349
3 -2.742220  7.536080 70.3214
3 -2.076480  7.745820 71.5343
3 -0.000193  8.018580 70.3211
3 -0.698345  7.988710 71.5337
3  1.393790  7.895560 70.3205
3  2.076350  7.744220 71.5327
3  4.014710  6.934270 70.3185
3  3.391390  7.263030 71.5303
3 -7.886850  1.389950 72.7477
3 -7.775140  2.070450 73.9669
2 -4.029730  0.337111 74.4702
3  8.026830  0.001537 72.7438
3  7.737750  2.072860 73.9579
3  7.980660  0.696290 73.9585
3 -7.276480  3.379760 73.9643
3 -6.941330  4.000950 72.7519
3  6.941260  3.999250 72.7433
3  7.536490  2.732190 72.7397
3 -6.140410  5.149220 72.7498
3 -5.673290  5.659690 73.9671
3  5.155520  6.135590 72.7409
3  5.669400  5.668510 73.9566
3  6.567130  4.594510 73.9555
3 -4.011440  6.942330 72.7492
3 -4.600790  6.561560 73.9624
3 -2.743140  7.535140 72.7471
3 -2.077350  7.744480 73.9602
3 -0.000595  8.019190 72.7463
3 -0.699014  7.988390 73.9589
3  1.393590  7.896970 72.7454
3  2.075330  7.746120 73.9582
3  4.010290  6.941820 72.7440
3  3.390390  7.267070 73.9571
3 -8.246820  0.002753 75.1683
3 -8.094010  1.412470 75.1708
2 -3.997840  1.742830 74.9318
2 -1.815250  1.051960 74.5782
2 -0.573136  0.849828 75.1716
2 -0.119729  1.729490 76.2177
3  8.016570  0.000397 75.1717
3  7.746290  2.076780 76.3834
3  7.989140  0.698819 76.3838
3 -8.099010  2.155540 76.3779
3 -7.509380  3.461970 76.3824
3 -7.025440  4.030440 75.1808
2 -4.781720  2.150200 76.0126
2 -2.621570  2.164880 75.0004
2 -2.179080  3.033190 76.0315
3  6.943910  4.010300 75.1704
3  7.534280  2.741840 75.1703
3 -6.169960  5.148410 75.1772
3 -5.719310  5.686990 76.3909
3  5.155490  6.142700 75.1698
3  5.670160  5.671760 76.3831
3  6.569600  4.600050 76.3831
3 -4.013740  6.936680 75.1767
3 -4.615400  6.560200 76.3870
3 -2.744980  7.531230 75.1729
3 -2.077200  7.742380 76.3845
3 -0.000914  8.018820 75.1713
3 -0.699198  7.987260 76.3837
3  1.393070  7.897290 75.1708
3  2.074840  7.746230 76.3834
3  4.009300  6.945520 75.1705
3  3.389680  7.267980 76.3832
2 -5.487860  1.125990 76.6668
2  0.591309  0.936876 77.1844
2 -3.052490  3.532940 77.0670
2 -4.346460  3.050190 77.0645
2 -0.905012  2.797220 76.6548