314

3 -3.179080 -6.464550 -11.534600
3 -1.239670 -7.176060 -10.115100
3 -2.619140 -6.763560 -10.125400
3 -0.636605 -7.429930 -11.613500
3  0.739183 -7.847200 -11.600600
3  1.270790 -7.933160 -10.161200
3  2.743560 -7.820180 -10.134400
3  3.422040 -7.718320 -11.652100
3  4.702910 -7.109730 -11.665100
3  5.154640 -6.828660 -10.168800
3 -4.508360 -4.967020 -10.043300
3 -4.193530 -5.420160 -11.487600
3  6.636500 -5.360250 -11.592200
3  6.159110 -5.770460 -10.137500
3 -5.755340 -3.276100 -11.547000
3 -5.298390 -3.766530 -10.049100
1 -1.209380 -2.892400  -9.747370
1  1.662810 -3.461590 -10.003100
1  1.064760 -2.474180 -10.771800
3  7.495720 -4.127520 -11.605700
3  7.601910 -3.574880 -10.100900
3  7.832080 -2.141130 -10.174600
3 -7.347190 -0.193496 -10.058400
3 -6.446520 -1.993830 -11.489200
3 -6.702110 -1.507390 -10.068400
1 -0.383132 -2.129600 -10.637300
1 -0.510634 -0.677032 -10.735500
1  0.839750 -0.139938 -10.950200
1  1.753210 -1.215400 -10.942700
1  2.973420 -0.944573 -10.376900
3  7.866700 -1.523230 -11.681300
3  7.529940 -0.114853 -11.611100
3 -3.212840 -6.524260  -8.613490
3 -0.758321 -7.504760  -8.614280
3  0.655936 -7.803860  -8.673500
3  3.299700 -7.678320  -8.715740
3  4.651230 -7.246420  -8.752970
3 -4.176080 -5.496610  -8.621590
1  1.575990 -4.349710  -7.804040
3  6.655980 -5.369640  -8.774190
3 -5.632870 -3.222100  -8.638180
1 -1.131170 -3.784980  -7.570830
1 -2.123950 -2.764950  -7.607360
1 -0.573108 -3.965540  -8.926270
1  0.803958 -4.175690  -9.046540
1  2.955170 -3.218600  -9.307060
1  2.824230 -3.670030  -7.959000
3  7.391700 -4.153330  -8.705090
3 -6.320600 -1.957560  -8.677200
1 -2.122790 -2.170340  -8.921670
1 -2.377970 -0.797258  -9.067940
1  3.655470 -1.974050  -9.555050
1  4.324590 -1.315070  -8.478910
3  7.859510 -1.522710  -8.738800
3  7.695680 -0.109935  -8.690460
3 -3.173640 -6.499910  -5.750520
3 -1.328590 -7.356470  -7.197730
3 -2.668720 -6.819370  -7.217990
3 -0.702938 -7.530990  -5.786730
3  0.694836 -7.874470  -5.736140
3  1.283260 -7.850770  -7.218240
3  2.714880 -7.843240  -7.229950
3  3.391780 -7.740650  -5.863760
3  4.702420 -7.120860  -5.845830
3  5.182240 -6.853990  -7.275090
3 -4.617400 -4.938800  -7.178990
3 -4.171400 -5.456610  -5.735890
1  1.019690 -4.378890  -6.526710
3  6.270280 -5.930390  -7.315540
3  6.688590 -5.420200  -5.767650
3 -5.418030 -3.752550  -7.186170
3 -5.667600 -3.189300  -5.792540
1 -0.406683 -4.102430  -6.438390
1  2.935330 -3.080790  -5.586420
1  3.457760 -3.053260  -6.946610
3  7.425710 -4.160340  -5.737710
3  7.593880 -3.566060  -7.220610
3  7.868550 -2.210730  -7.252920
3 -7.210020 -0.123326  -7.158550
3 -6.657490 -1.417260  -7.174330
3 -6.434980 -2.003590  -5.758610
1 -2.314080 -1.997370  -6.503810
1 -2.592650 -0.538251  -6.631350
1  4.265240 -1.871230  -7.171030
1  4.131640 -1.089840  -5.918890
3  7.980280 -1.608350  -5.838200
3  7.740440 -0.155358  -5.746940
3 -1.278140 -7.327850  -4.351310
3 -2.676640 -6.869790  -4.246270
3  1.338530 -7.985170  -4.305690
3  2.781870 -7.835080  -4.289170
3  5.157220 -6.863010  -4.304240
3 -4.555640 -4.914260  -4.288210
3  6.239300 -5.895120  -4.327980
3 -5.397760 -3.723400  -4.318210
1 -1.544100 -2.244160  -5.307590
1 -0.588104 -3.261040  -5.177800
1  0.662124 -3.005510  -4.621850
1  1.667550 -3.673690  -5.412490
3  7.636670 -3.562430  -4.231420
3  7.996670 -2.169810  -4.214160
3 -7.215290 -0.066530  -4.346280
3 -6.705090 -1.418520  -4.303480
1 -1.252730 -0.960393  -4.680710
1  0.991910 -1.705450  -4.133200
1  0.048143 -0.705136  -4.287950
1  2.343650 -1.145990  -4.233610
1  3.255660 -1.796860  -5.055070
3 -3.109270 -6.399960  -2.884330
3 -2.645410 -6.808320  -1.451970
3 -1.295540 -7.396620  -1.411990
3 -0.705423 -7.601460  -2.860310
3  0.710964 -8.006630  -2.834840
3  1.304580 -8.143650  -1.346150
3  2.659260 -7.817090  -1.314990
3  3.296880 -7.674670  -2.821520
3  4.647350 -7.254240  -2.763930
3  5.197910 -6.926840  -1.397740
3 -4.166910 -5.414640  -2.879960
3 -4.547900 -4.970210  -1.416010
3  6.774820 -5.464880  -2.865470
3  6.276050 -5.951690  -1.333880
3 -5.712210 -3.264050  -2.869430
3 -5.375370 -3.784780  -1.434390
3  7.323710 -4.137530  -2.867910
3  7.555630 -3.622450  -1.361280
3  7.760750 -2.211800  -1.355610
3 -7.238520 -0.124659  -1.427470
3 -6.429630 -1.969990  -2.839550
3 -6.604810 -1.415980  -1.406070
3  7.901420 -1.575410  -2.791880
3  7.753090 -0.141510  -2.829110
3 -3.105670 -6.493030   0.035962
3 -0.714031 -7.644600   0.016143
3  0.687807 -8.020530   0.047536
3  3.274950 -7.646680   0.105436
3  4.653860 -7.187360   0.109733
3 -4.179960 -5.517280   0.039827
3  6.652580 -5.461250   0.144902
3 -5.599120 -3.241200   0.024077
2 -1.143830 -2.767130   0.144737
2  0.115816 -2.678750  -0.557582
2  1.227030 -3.491620  -0.350884
2  2.530210 -3.004170  -0.387480
2  3.274630 -3.510370   0.686595
3  7.426210 -4.246550   0.142121
3 -6.270490 -1.969980   0.058456
2 -1.631280 -1.408940   0.231994
2 -0.745844 -0.520690  -0.511383
2  0.356597 -1.316380  -1.012630
2  1.648440 -0.793217  -1.136070
2  2.737880 -1.696540  -0.691428
2  3.768630 -0.896238  -0.101341
3  7.836850 -1.585280   0.078895
3  7.808630 -0.141735   0.076599
3 -1.291580 -7.466460   1.521800
3 -2.625680 -6.889360   1.524250
3  2.724870 -7.933590   1.546100
3 -4.576640 -5.043820   1.509840
2 -0.068438 -4.391430   1.557120
2  1.123590 -4.408650   0.827014
2  2.402780 -4.464930   1.421510
3 -5.317550 -3.815020   1.514170
2 -1.187690 -3.504510   1.278290
2  4.226270 -2.756180   1.409820
3  7.711060 -3.633170   1.522240
3  7.934680 -2.182610   1.521540
3 -7.261740 -0.120629   1.484310
3 -6.544500 -1.433040   1.484530
2 -2.266250 -1.008460   1.383420
2  4.497940 -1.396720   0.981572
3 -7.655040  0.380512 -11.553500
3 -7.967670  1.809300 -11.523600
1 -1.572810 -0.070005 -10.049300
1  1.118640  1.103790 -10.319300
1  2.383490  1.316460  -9.733780
1  3.323260  0.297042  -9.731300
3  7.020780  1.852920 -10.036900
3  7.411410  0.487371 -10.038700
3 -7.747810  2.476260 -10.106400
3 -7.446540  3.889830 -10.127900
3  6.579850  2.287860 -11.524700
3  5.738860  3.458250 -11.519400
3  5.359770  3.947040 -10.000200
3 -7.224800  4.435530 -11.467500
3 -6.406610  5.649010 -11.520500
3 -6.050200  6.084030 -10.155300
3  4.110860  5.606280 -11.465900
3  4.339710  5.034120 -10.005000
3 -4.988670  7.026760 -10.188900
3 -4.542440  7.576050 -11.548800
3 -3.279160  8.282630 -11.561800
3 -2.667840  8.421180 -10.142400
3 -1.210790  8.457530 -10.113800
3 -0.544768  8.354700 -11.569400
3  0.806774  7.944700 -11.545900
3  2.493230  6.905170 -10.019500
3  1.329100  7.731760 -10.070300
3  3.116970  6.601340 -11.483300
3 -7.420260  0.407101  -8.651000
3 -7.740560  1.835420  -8.700400
1 -2.575590  0.023478  -7.905740
1 -1.816830  1.203830  -8.103890
1 -1.234180  1.273060  -9.433620
1  0.080048  1.771390  -9.582150
1  4.133990  0.108722  -8.598780
1  0.767560  2.386580  -8.464740
1  2.188260  2.201890  -8.592950
3  6.654130  2.327610  -8.641670
3  5.719530  3.422860  -8.639810
3 -7.228950  4.410160  -8.687040
3 -6.609670  5.726290  -8.666600
3  4.022420  5.556440  -8.530420
3 -4.553840  7.517180  -8.705630
3 -3.245440  8.219840  -8.621090
3 -0.659181  8.362580  -8.533970
3  0.740949  8.033140  -8.520160
3  2.986690  6.598680  -8.547170
3 -7.760200  1.891550  -5.778010
3 -7.449000  0.486700  -5.719240
1 -1.148290  1.842450  -6.990830
1 -1.191430  1.323260  -5.643680
1  2.313600  1.990450  -6.173810
1  2.909060  1.846270  -7.417870
1  3.930910  0.883839  -7.446380
1  3.918180  0.292575  -6.147510
3  6.967500  1.789350  -7.182510
3  7.535520  0.462353  -7.167440
3 -7.821750  2.444390  -7.235090
3 -7.541930  3.868170  -7.261530
1  0.963769  2.329000  -6.018840
1  0.165715  2.463340  -7.202010
3  6.642020  2.300620  -5.697940
3  5.663940  3.356210  -5.598860
3  5.287550  3.867150  -7.143060
3 -7.303590  4.488780  -5.814190
3 -6.216310  6.237320  -7.291200
3 -6.625710  5.738220  -5.828450
3  4.376860  4.999700  -7.141040
3  3.915170  5.414900  -5.716810
3 -5.155560  7.201290  -7.280680
3 -4.692410  7.456530  -5.797770
3 -3.313970  8.010780  -5.787960
3 -2.716420  8.303440  -7.141780
3 -1.266890  8.353120  -7.148460
3 -0.743352  8.151040  -5.632840
3  0.679809  7.877510  -5.651150
3  2.412660  6.905610  -7.102750
3  1.235070  7.627620  -7.120300
3  2.890710  6.428250  -5.639870
1 -1.905270  0.116504  -5.432360
1  0.152932  1.643270  -5.016890
1  0.713741  0.537925  -4.334430
1  2.876790  0.956329  -5.366310
1  2.179520  0.298794  -4.392900
3  6.995340  1.749310  -4.202140
3  7.505780  0.428825  -4.235990
3 -7.804940  2.473520  -4.281750
3 -7.600570  3.895420  -4.332140
3  5.345320  3.917770  -4.210910
3 -6.302170  6.214920  -4.315780
3  4.331620  4.936600  -4.218270
3 -5.209140  7.161000  -4.314490
3 -2.719580  8.218730  -4.232370
3 -1.290070  8.297150  -4.238530
3  2.483360  6.832270  -4.116510
3  1.282670  7.675000  -4.173290
3 -7.509490  0.435614  -2.865140
3 -7.757270  1.865680  -2.868370
3  7.076310  1.760940  -1.333440
3  7.615680  0.443123  -1.369950
3 -7.555880  3.875940  -1.395550
3 -7.809400  2.489830  -1.413960
3  6.678840  2.297080  -2.756290
3  5.866430  3.496670  -2.716240
3 -7.376480  4.500520  -2.843940
3 -6.721170  5.787610  -2.879390
3 -6.322350  6.245890  -1.436490
3  2.849670  6.391550  -2.676460
3  3.911730  5.401220  -2.686890
3 -5.248230  7.225530  -1.430470
3 -4.655080  7.402440  -2.884740
3 -3.410130  8.072390  -2.855430
3 -1.305080  8.167000  -1.281290
3 -2.774980  8.193860  -1.282950
3 -0.706032  8.162950  -2.671890
3  0.704195  7.883880  -2.674040
3 -7.333290  0.482959   0.088792
3 -7.647810  1.845410   0.086038
2 -0.440251  0.779186  -0.014896
2  0.905820  1.324440  -0.060160
2  1.921840  0.516338  -0.585204
2  3.237040  0.470057  -0.014002
3  5.506140  4.048210  -1.310590
3  5.860720  3.467510   0.118219
3  6.722960  2.319790   0.085818
3 -7.486900  4.513780   0.020590
3 -6.683590  5.758840   0.031157
3  2.752480  6.145840   0.205893
3  4.452190  5.012250  -1.271700
3  3.844240  5.217300   0.242137
3 -4.793020  7.549290   0.078629
3 -3.466770  8.112390   0.121151
3 -0.766472  8.154450   0.188736
3  0.628225  7.756600   0.197296
3  2.264740  6.588710  -1.266470
3  1.192950  7.516240  -1.257370
2 -1.077780  1.262510   1.213020
2  1.115760  2.105000   1.133510
2  3.386920  1.248430   1.155260
3 -7.800500  2.427330   1.534730
3 -7.590750  3.826190   1.569720
3 -6.316400  6.158670   1.522720
3 -5.348510  7.202840   1.534990