283

1  0.056191 -2.755260 15.0940
1 -1.057220 -1.832230 14.8927
1 -1.001520 -0.422151 15.1604
1  2.721510 -0.278244 14.9821
3 -3.160470 -6.592830 17.5536
3 -1.419350 -7.671660 16.0883
3 -2.754530 -7.138320 16.0895
3  1.171680 -8.122160 16.0723
3  2.596690 -7.821900 16.1533
3  5.049060 -6.835710 16.1543
3 -4.663480 -5.250880 16.0799
3  6.228290 -6.050040 16.1819
3 -5.519160 -4.064560 16.0744
3 -6.437690 -2.250370 17.5278
1  1.305900 -2.143200 15.2607
3  7.346340 -3.601850 16.1910
3  7.738530 -2.216850 16.1622
3 -7.092760 -0.254323 16.0315
3 -6.703500 -1.670520 16.0480
1  1.422940 -0.732551 15.4872
3 -1.477370 -7.708860 19.0131
3 -2.725390 -6.955470 18.9994
3 -0.902656 -7.978160 17.5356
3  0.535756 -8.261610 17.6169
3  1.126640 -8.159950 19.0865
3  2.573150 -7.952860 19.0629
3  3.144670 -7.624550 17.6039
3  4.505380 -7.233620 17.5845
3  5.091030 -6.942460 19.0185
3 -4.235190 -5.603290 17.5371
3 -4.712120 -5.177930 19.0338
3  6.587260 -5.555960 17.6342
3  6.237620 -6.061010 19.0102
3  7.168330 -4.264650 17.6703
3 -5.726280 -3.476490 17.5591
3 -5.566570 -4.038480 19.0248
2  0.581564 -2.321520 18.8302
2  1.863350 -2.968710 19.1628
2  3.029370 -2.191310 19.2864
3  7.398640 -3.705380 19.1105
3  7.576350 -2.255270 19.1178
3 -7.115120 -0.289517 18.9561
3 -6.695690 -1.663230 18.9552
2 -0.572190 -0.260755 19.3706
2  0.555323 -0.954461 18.7422
2  1.711750 -0.151534 18.9549
2  2.959720 -0.758171 19.1622
3  7.624660 -1.629380 17.5982
3  7.661240 -0.187214 17.6102
3 -3.247320 -6.606940 20.4593
3 -0.940085 -7.977000 20.4907
3  0.518661 -8.133680 20.4895
3  3.225460 -7.749320 20.4196
3  4.564920 -7.227560 20.5083
3 -4.306850 -5.670680 20.4477
3  6.616460 -5.549290 20.5555
3  7.260020 -4.255470 20.5695
3 -6.536510 -2.202680 20.3570
3 -5.817880 -3.469950 20.4892
2 -1.519130 -2.368870 20.1424
2 -2.048220 -2.729140 21.4934
2  0.163256 -4.167460 20.3069
2 -0.420628 -2.995550 19.5867
2  2.670560 -4.320330 21.1195
2  1.656850 -4.102870 20.0609
2  3.995720 -2.423260 20.3489
2  3.839570 -3.519290 21.2848
2 -1.623960 -0.953071 20.0330
2 -2.086460 -0.371995 21.2718
2  4.544300 -1.155050 20.7985
2  3.810500 -0.122435 20.1740
3  7.739530 -1.628800 20.5573
3  7.736190 -0.176434 20.5388
3 -3.263130 -6.539230 23.3924
3 -1.565450 -7.704530 21.9508
3 -2.794750 -7.009010 21.9072
3 -0.986522 -7.806570 23.4256
3  0.422162 -8.028310 23.3384
3  1.132450 -8.091960 21.8650
3  2.533890 -7.924600 21.9042
3  3.143850 -7.809730 23.3217
3  4.508260 -7.342950 23.3169
3  5.042190 -6.983760 21.9642
3 -4.710550 -5.116970 21.9969
3 -4.327670 -5.565880 23.3959
2 -0.198128 -4.476010 21.6323
2  0.760957 -4.666530 22.6914
2  2.186030 -4.616450 22.4519
3  6.180450 -6.077270 22.0131
3  6.545860 -5.568140 23.4357
3 -5.556060 -3.981220 21.9623
3 -5.904870 -3.454690 23.3439
3 -6.636110 -2.255130 23.3279
2 -1.388500 -3.783670 22.1851
2 -1.022490 -3.543630 23.6252
2  3.039210 -4.012690 23.4247
2  4.067330 -3.306170 22.6899
2  4.491100 -2.029620 23.1175
3  7.260820 -4.305140 23.4093
3  7.448340 -3.655180 21.9777
3  7.785540 -2.279800 21.9656
3 -7.228370 -0.288356 21.8584
3 -6.886350 -1.695150 21.8497
2 -2.353310 -1.486430 22.1769
2 -2.059400 -1.342560 23.5178
2  4.710730 -1.025240 22.1686
3  7.769110 -1.652670 23.4204
3  7.741410 -0.152476 23.4330
3 -1.523820 -7.556350 24.8511
3 -2.810820 -6.835090 24.8397
3  1.161670 -8.001900 24.7316
3  2.584670 -7.943180 24.7316
3  4.992040 -7.027520 24.8258
3 -4.665400 -5.058560 24.8335
3  6.017650 -6.006310 24.8420
3 -5.558250 -3.931560 24.8413
2 -1.401770 -2.385110 24.2764
2  0.288853 -4.047680 23.8782
2  0.719540 -2.371320 25.5475
2  1.181620 -3.547170 24.8565
2  2.577590 -3.510910 24.6385
2  3.063020 -2.242730 25.1587
3  7.306790 -3.632700 24.8778
3  7.757730 -2.279230 24.8693
3 -7.247160 -0.259151 24.7500
3 -6.833390 -1.648340 24.7758
2 -1.532140 -0.096245 23.9517
2 -0.525063 -0.367061 24.9127
2 -0.466995 -1.747640 25.1652
2  1.943190 -1.528490 25.7898
2  1.793830 -0.132783 25.5475
2  3.959910 -1.541570 24.4059
2  3.863290 -0.147703 24.2211
3 -3.303550 -6.498740 26.3387
3 -1.568490 -7.539400 27.7983
3 -2.854120 -6.812580 27.7728
3 -0.905382 -7.738860 26.2669
3  0.492497 -7.993910 26.2504
3  1.110810 -7.963800 27.7058
3  2.524090 -8.025910 27.7038
3  3.170590 -7.962590 26.1977
3  4.518900 -7.392620 26.2906
3  4.979010 -7.074560 27.7371
3 -4.271020 -5.457360 26.3321
3 -4.843400 -5.080500 27.8002
3  6.455440 -5.534870 26.2609
3  6.072450 -6.149240 27.7447
3 -5.918140 -3.418210 26.2365
3 -5.713290 -3.944800 27.7195
3 -6.750400 -2.252470 26.2395
3  7.065360 -4.242950 26.2786
3  7.199590 -3.637880 27.6467
3  7.599650 -2.280230 27.7120
3 -7.400660 -0.326381 27.6854
3 -7.013750 -1.699380 27.6753
3  7.691850 -1.585030 26.2502
3  7.626650 -0.166693 26.2661
1  0.315556  0.094584 15.3676
3 -7.283970  0.311467 17.4297
3 -7.636660  1.705230 17.4659
3  6.904100  1.678570 16.1705
3  7.505090  0.401795 16.1294
3 -7.767450  2.392250 16.0519
3 -7.715480  3.853590 16.0547
3  5.380290  3.825860 16.1083
3 -6.493270  6.247050 16.1190
3  4.356960  4.841710 16.1186
3 -5.560880  7.275920 16.0868
3 -3.033580  7.993800 16.0911
3 -1.558790  7.975060 16.0494
3  0.943000  7.134110 16.0583
3 -0.927563  7.956960 17.5269
3  0.370834  7.315240 17.5354
3  2.265260  6.483340 16.0710
3  6.935720  1.693830 19.0381
3  7.536300  0.382287 19.0485
3 -7.725890  3.730840 18.9435
3 -7.639310  2.298990 18.9340
3  6.554990  2.181040 17.6045
3  5.729430  3.351930 17.6469
3  5.374510  3.819520 19.0841
3 -7.608170  4.456080 17.5714
3 -6.806090  5.663730 17.6083
3 -6.494180  6.170160 18.9851
3  2.741130  6.088110 17.5999
3  3.906300  5.284960 17.6347
3  4.286390  4.737950 19.0740
3 -5.487960  7.178170 19.0121
3 -3.636380  8.001750 17.5052
3 -5.024040  7.557850 17.5300
3 -3.011050  8.177580 18.9840
3 -1.562710  8.102330 18.9563
3  0.906058  7.042330 19.0342
3  2.239940  6.479690 19.0929
3 -7.308600  0.347530 20.4731
3 -7.669330  1.742920 20.4295
2 -0.072932  1.008620 19.8539
2 -0.577552  1.571770 21.0153
2  1.360040  1.094170 19.5665
2  2.247850  1.763940 20.4560
2  3.503900  1.085910 20.7771
2  1.717190  2.275250 21.6899
3  5.763400  3.358800 20.5050
3  6.706610  2.259220 20.4905
3 -7.569090  4.376540 20.3714
3 -6.890280  5.695600 20.3354
3  2.726550  6.077290 20.5083
3  3.847930  5.155410 20.4953
3 -4.979380  7.460700 20.4468
3 -3.589420  7.992940 20.4303
3 -0.959150  7.876000 20.4855
3  0.314903  7.205240 20.4756
3 -7.712020  1.692260 23.2605
3 -7.449650  0.262565 23.3124
2 -1.579090  0.866599 21.7478
2 -1.313540  1.011310 23.1671
2 -0.164545  1.854650 23.2979
2  2.660830  1.952190 22.7755
2  3.674200  1.189730 22.1731
2  4.332410  0.218971 22.8647
3  7.107460  1.783030 21.8949
3  7.600130  0.436925 21.9276
3 -7.721720  2.328830 21.8586
3 -7.653370  3.768730 21.8860
2  0.333822  2.167590 21.9911
3  5.825900  3.401920 23.3905
3  6.716130  2.285930 23.3916
3  5.439000  3.887910 21.9306
3 -7.516360  4.361100 23.2726
3 -6.552910  6.231730 21.9188
3 -6.840340  5.626090 23.3086
3  2.139240  6.277400 21.8735
3  2.681070  5.976220 23.3263
3  3.850400  5.106680 23.3401
3  4.393140  4.858690 21.8823
3 -5.475860  7.228780 21.9616
3 -4.904790  7.467940 23.4138
3 -3.561300  7.938580 23.4510
3 -2.944410  8.112440 21.9033
3 -1.569710  7.976160 21.9256
3 -1.023410  7.693860 23.4159
3  0.335472  7.159450 23.4305
3  0.889574  6.969990 21.9200
2  0.528984  0.529325 25.2565
2  0.771198  1.623180 24.3662
2  2.153480  1.579550 24.0140
2  2.808330  0.561431 24.8089
3  7.026590  1.749030 24.7977
3  7.449770  0.389816 24.8109
3 -7.821840  2.356820 24.6383
3 -7.657730  3.782600 24.6514
3  5.418150  3.829170 24.7701
3 -6.441870  6.147040 24.7733
3  2.187000  6.253830 24.8973
3  4.279160  4.687890 24.7708
3 -5.469420  7.174870 24.7723
3 -2.932670  8.068630 24.8776
3 -1.505260  7.948060 24.8387
3  0.941148  6.971560 24.9070
3 -7.548160  0.318328 26.1744
3 -7.763300  1.704660 26.1642
3  7.132150  1.816330 27.6987
3  7.559640  0.423173 27.6411
3 -7.677130  3.732730 27.6025
3 -7.801160  2.334450 27.6604
3  6.833100  2.348360 26.2095
3  5.873580  3.435160 26.1820
3  5.465970  3.812490 27.7423
3 -7.511990  4.377070 26.1632
3 -6.894460  5.725210 26.1606
3 -6.512340  6.145870 27.6346
3  2.737810  5.986350 26.2472
3  3.836400  5.078120 26.2217
3  4.362620  4.774900 27.7587
3 -5.433870  7.121590 27.7242
3 -4.917720  7.508750 26.3129
3 -3.519240  7.890900 26.3382
3 -2.914400  7.937780 27.7559
3 -1.464260  7.847390 27.7103
3 -0.900010  7.749420 26.3051
3  0.427360  7.305540 26.3130
3  1.026260  7.045770 27.7297
3  2.240370  6.273190 27.6611