327

3 -4.577000 -6.884430 30.9409
3 -5.140010 -6.568490 32.2605
3 -2.596150 -7.420840 32.2383
3 -3.222440 -7.296970 30.9077
3 -1.180200 -7.463490 32.2070
3 -0.530621 -7.534360 30.9497
3  0.907187 -7.468250 30.9485
3  1.491230 -7.337690 32.2679
3  3.425530 -6.527560 30.9101
3  2.789040 -6.710710 32.2418
3 -6.697500 -5.219720 30.8972
3 -6.276820 -5.767080 32.2252
1 -2.145590 -4.115180 30.9465
1 -2.733290 -3.994390 32.2132
1 -0.722844 -4.415510 31.0731
1 -0.441757 -4.360970 32.5080
3  4.573540 -5.667750 30.8654
3  5.051590 -5.318110 32.1754
3  6.197780 -4.488700 32.2070
3 -7.424530 -4.008180 30.8900
3 -7.670920 -3.402760 32.2121
1 -4.198900 -2.182410 31.2641
1 -3.724100 -3.003670 32.3625
1  1.669140 -3.162210 31.9988
1  0.746798 -3.723930 32.9284
1  2.378860 -2.053210 32.6159
3  6.713980 -4.087480 30.8311
3  7.541990 -2.967000 30.7943
3  7.865150 -2.379250 32.1794
3 -8.041420 -2.023550 32.1988
3 -8.137190 -1.433870 30.8507
1 -4.566180 -0.864129 31.7235
1  2.560590 -0.918661 31.7747
3  8.275060 -0.980448 32.1708
3  8.332110 -0.328051 30.8199
3 -4.583750 -6.866640 33.6107
3 -3.212810 -7.386190 33.6088
3 -0.590042 -7.447960 33.6032
3  0.841436 -7.303650 33.6074
3  3.390450 -6.437450 33.5963
3 -6.700830 -5.216020 33.5579
1 -1.750600 -4.037190 33.2143
3  4.604890 -5.683270 33.5344
3 -7.393630 -3.960180 33.5122
1 -3.775170 -2.128820 33.5708
1 -2.747330 -2.251160 34.5770
1 -1.683700 -3.205790 34.3302
1 -0.443371 -2.605900 34.6928
1  0.777182 -2.946180 34.1248
3  6.609630 -3.910380 33.5833
3  7.615870 -2.907810 33.5093
3 -8.177840 -1.388330 33.5700
1 -4.363700 -0.815470 33.1682
1  1.704080 -1.892580 33.8769
1  1.418130 -0.598389 34.2844
3  8.478100 -0.328968 33.4764
3 -5.109100 -6.497150 34.9205
3 -4.531890 -6.689010 36.2330
3 -2.594240 -7.458750 34.9285
3 -3.219040 -7.232910 36.2781
3 -1.177020 -7.475300 34.9329
3 -0.578203 -7.367870 36.2994
3  1.479720 -7.046140 34.9589
3  0.803522 -7.114430 36.2950
3  2.814950 -6.538920 34.9247
3  3.351380 -6.273890 36.2673
3 -6.255160 -5.692330 34.8584
3 -6.696250 -5.136930 36.2033
3 -7.580600 -4.024970 36.1948
3  4.581840 -5.526530 36.2351
3  5.091150 -5.230280 34.8416
3  6.227700 -4.383210 34.8873
3 -8.077980 -1.999920 34.8590
3 -7.739090 -3.406920 34.8549
3  6.610850 -3.869290 36.1798
3  7.525600 -2.799560 36.2072
3  7.876910 -2.269940 34.8157
3 -8.245200 -1.433300 36.2178
3 -8.257360  0.007109 36.2666
1 -2.109910 -1.046550 35.1274
1 -2.632390  0.238323 34.8168
1 -0.728992 -1.284810 35.2633
1  0.165888 -0.277012 35.0196
3  8.346730 -0.914453 34.8211
3  8.412510 -0.307278 36.1558
3 -5.122150 -6.417810 37.5355
3 -2.645200 -7.363800 37.6214
3 -1.236990 -7.382310 37.6193
3  1.455020 -6.941420 37.6264
3  2.787400 -6.496130 37.5991
3 -6.289380 -5.620120 37.5298
3  5.185370 -5.295970 37.5579
3  6.280700 -4.392830 37.5610
3 -8.146710 -2.040930 37.5576
3 -7.815260 -3.409510 37.5244
3  7.806240 -2.244780 37.5618
2 -0.563537 -1.407250 38.4478
2 -0.801334 -0.009818 38.1599
2  1.865640 -1.060330 37.8748
2  0.783888 -1.933910 38.3014
2  3.089730 -1.444280 38.5486
3  8.360640 -0.896063 37.5404
3 -4.628710 -6.758530 38.8788
3 -5.163760 -6.409930 40.2233
3 -3.343600 -7.326270 38.9712
3 -2.680270 -7.303400 40.3173
3 -0.614903 -7.257180 38.9492
3 -1.219770 -7.308830 40.3004
3  0.780479 -6.966360 39.0102
3  1.407850 -6.886120 40.3407
3  2.750030 -6.401890 40.3245
3 -6.726280 -5.172750 38.8636
3 -7.592800 -4.010320 38.8526
3 -6.356510 -5.665300 40.2292
3  3.396750 -6.322380 38.9424
3  4.616740 -5.630390 38.9325
3  5.155910 -5.248140 40.2947
3  6.182500 -4.284830 40.2772
3 -8.140680 -2.106310 40.2393
3 -7.847510 -3.481970 40.2033
2 -0.801067 -2.427170 40.6585
2  1.338910 -2.797700 39.3235
2  0.546034 -2.995940 40.4610
2  2.755640 -2.495860 39.4689
3  6.700490 -3.935640 38.9168
3  7.454580 -2.747940 38.9127
3  7.723880 -2.121500 40.2342
3 -8.117340 -0.058348 38.9474
3 -8.190760 -1.461930 38.9625
2 -2.148730 -0.524288 40.0483
2 -1.386460 -1.682510 39.6439
2  4.029560 -0.466809 38.9012
2  4.578940 -0.420879 40.2438
3  8.347470 -0.813591 40.2150
3  8.422980 -0.233756 38.8591
3 -4.647230 -6.770230 41.6430
3 -3.318920 -7.253230 41.6382
3 -0.590711 -7.337460 41.6382
3  0.800053 -7.123250 41.6783
3 -6.875390 -5.283930 41.5391
3 -7.594680 -4.085910 41.5318
3  3.294780 -6.083340 41.6648
3  4.588990 -5.509410 41.6582
3  6.140280 -4.155450 42.9794
3 -7.873530 -3.522470 42.8813
2 -0.957467 -2.179640 42.0691
2  1.113820 -3.133690 41.7946
2  3.329240 -2.517100 40.7624
2  2.528000 -2.829630 41.9189
3  6.592240 -3.737980 41.6339
3  7.458990 -2.618640 41.5987
3 -8.208100 -1.502260 41.5485
3 -8.038100 -0.093826 41.5969
2 -2.330570 -0.193886 41.4141
2 -1.707250 -1.075040 42.4204
2  4.064750 -1.071020 42.4835
2  4.244510 -1.450700 41.1118
3  8.408850 -0.178818 41.5560
3 -5.258890 -6.573300 42.9311
3 -2.654130 -7.429890 42.9274
3 -1.234380 -7.430710 42.9529
3  1.407870 -7.004490 42.9723
3  2.692380 -6.342140 42.9999
3 -6.471540 -5.776530 42.9114
3  5.058160 -5.038390 42.9859
3 -8.233130 -2.154730 42.8838
2  0.232591 -2.531660 42.7127
3  7.762940 -2.004460 42.9504
2  3.007690 -1.860630 42.9848
3  8.269410 -0.715213 42.9227
3 -7.966040  0.553680 32.2350
3 -7.618960  1.916810 32.1973
3 -8.240090  0.001427 30.8418
1 -4.202680  0.250521 30.9175
1 -3.636400  1.428590 31.5021
1  1.879010  1.213080 31.1554
1  2.347820  0.433363 32.2681
3  8.492000  1.064620 30.7933
3  8.353730  1.679860 32.0858
3 -7.286620  2.492370 30.8152
3 -6.411310  3.593350 30.8392
1 -1.195660  2.554690 32.4195
1 -1.494020  2.520790 30.9641
1  0.229569  2.278730 32.5704
1  0.820049  2.141930 31.2752
3  7.909470  2.997500 32.0814
3  7.574180  3.610030 30.7743
3 -5.970290  4.005910 32.2195
3 -4.952570  5.037500 32.2409
3 -4.490550  5.405970 30.8880
3  6.320270  5.237320 32.0732
3  6.678480  4.676650 30.7651
3 -3.288370  6.180680 30.8541
3 -2.722200  6.496980 32.1727
3 -0.781051  7.016200 30.8402
3 -1.393520  6.929740 32.1786
3  0.648482  7.202770 30.8139
3  1.309060  7.201470 32.1305
3  3.317210  6.819680 30.8166
3  2.719210  6.969870 32.1421
3  4.627070  6.314390 30.7621
3  5.253950  6.060380 32.0763
3 -8.111570  0.014268 33.5780
1 -3.380050  1.502050 32.9283
1 -2.092640  2.066560 33.4079
1 -3.661760  0.327392 33.7705
1 -0.266255  1.012380 34.6762
1 -1.657830  1.316550 34.5896
1  1.696870  0.578998 33.4878
1  0.625263  1.524910 33.6809
3  8.551190  1.112250 33.4213
3 -7.279090  2.465690 33.5477
3 -6.468060  3.640590 33.5828
3  7.708950  3.661690 33.4258
3 -4.475590  5.410670 33.5705
3  6.872920  4.842460 33.4102
3 -3.324750  6.201510 33.5437
3 -0.745219  7.184370 33.4861
3  0.660158  7.313390 33.4386
3  3.376570  6.924980 33.4236
3  4.671520  6.288460 33.4140
3 -8.132450  0.633671 34.9572
3 -7.612750  1.964050 34.9416
3  8.529250  1.110740 36.1079
3  8.479910  1.742320 34.7942
3 -7.256250  2.439570 36.3103
3 -6.400480  3.589610 36.2884
3  7.925720  3.087550 34.7970
3  7.623950  3.658430 36.1194
3 -6.074500  4.123090 34.9292
3 -5.000080  5.055100 34.9140
3 -4.516260  5.514780 36.2245
3  6.406190  5.302590 34.7796
3  6.845590  4.872510 36.0912
3 -3.286520  6.213500 36.2147
3 -2.662640  6.582180 34.8889
3 -1.371990  6.976500 34.8661
3 -0.685692  7.069730 36.2130
3  1.336940  7.350650 34.7835
3  0.714095  7.372620 36.1532
3  2.760430  7.184260 34.7898
3  3.369680  6.932780 36.1187
3  5.247360  6.126940 34.7306
3  4.705170  6.481020 36.1117
3 -8.036160  0.577962 37.5961
3 -7.469640  1.849990 37.5801
2  0.245390  0.840194 37.8153
2  1.585520  0.310112 37.5734
2  2.552870  1.358000 37.8633
2  3.738900  0.928762 38.5626
3  8.494180  1.780320 37.5088
2  0.315193  2.170770 38.1481
2  1.739630  2.547990 38.2442
3  8.022290  3.139220 37.4714
3 -5.985520  4.050620 37.6428
3 -5.030250  5.118730 37.6061
3  6.422570  5.304740 37.4253
3 -2.708630  6.493850 37.5491
3 -1.347180  6.898680 37.5358
3  1.353820  7.335330 37.4778
3  2.784650  7.178550 37.4764
3  3.426630  7.030300 38.7961
3  5.288730  6.145900 37.4309
3  4.706340  6.429780 38.7537
3 -7.973200  0.577458 40.2749
3 -7.366980  1.849320 40.2793
2 -1.707160  0.553758 39.1601
2 -1.593820  1.843340 39.6022
2  4.212450  1.811350 39.6009
2  4.728160  0.959366 40.6581
3  8.507800  1.849610 40.1704
3  8.502310  1.181370 38.8373
3 -6.331590  3.591650 38.9519
3 -7.180680  2.456650 38.9663
2 -0.574198  2.713820 39.0860
2 -1.899040  2.195960 40.9727
2 -0.146655  3.611920 40.1509
2  1.223320  3.885400 40.2573
2  2.208940  3.298310 39.3288
2  3.430500  2.926810 40.0079
3  7.703910  3.714790 38.8116
3  8.105050  3.214610 40.1179
3 -6.005640  4.165130 40.2579
3 -4.449180  5.517610 38.8900
3 -4.867590  5.049350 40.2458
3  6.886800  4.891190 38.7621
3  6.370300  5.275240 40.0934
3 -3.195070  6.156580 38.8602
3 -2.548290  6.305260 40.1776
3 -0.594085  6.886590 38.8347
3 -1.198780  6.652730 40.1325
3  0.791475  7.217630 38.8344
3  1.391060  7.260420 40.1868
3  2.786900  7.093680 40.1845
3  5.230090  6.182740 40.0893
2 -2.189380  1.172030 41.8976
2  4.615500  1.312800 42.0768
3  8.535860  1.896580 42.8547
3  8.514660  1.225500 41.4965
3 -7.215990  2.449330 41.5451
3 -6.495780  3.706740 41.5573
3 -6.036530  4.182420 42.8678
2 -0.982216  3.341940 41.3724
2 -0.271834  3.248840 42.6280
2  1.135450  3.517560 42.6777
2  1.900550  3.823570 41.5404
2  3.261210  3.269590 41.3746
2  3.820470  2.505930 42.3850
3  7.720800  3.745540 41.4390
3  8.078380  3.270970 42.7643
3 -4.372850  5.301520 41.5264
3 -4.829230  5.001200 42.8577
3 -3.161180  6.079190 41.5022
3  6.809570  4.820880 41.4567
3  6.425400  5.312860 42.7771
3 -2.523640  6.251890 42.7872
3 -0.583311  6.867100 41.4463
3  0.755678  7.250220 41.4711
3  1.392040  7.285870 42.8181
3  3.398710  6.984790 41.5095
3  2.784680  7.317420 42.8346
3  4.743380  6.487220 41.4356
3  5.373330  6.196950 42.7521
3 -7.926200  0.528607 42.8949
3 -7.466850  1.821260 42.8768
2  4.238760  0.188274 42.9989
3 -1.192240  6.728620 42.7555