294

3 -5.251000 -6.531570 18.8524
3 -4.710410 -6.824370 20.1411
3 -2.776020 -7.470440 18.8146
3 -3.350070 -7.253530 20.1474
3 -1.324540 -7.582370 18.8043
3 -0.680267 -7.361200 20.1486
3  1.313060 -7.188070 18.8061
3  0.714743 -7.342590 20.1570
3  2.670490 -6.687830 18.7863
3  3.201970 -6.435970 20.1065
3 -6.752320 -5.172590 20.1702
3 -6.360900 -5.674130 18.7877
3 -7.535490 -4.027940 20.1799
3  4.531590 -5.876580 20.1249
3  5.046570 -5.467900 18.7684
3  6.141660 -4.487450 18.7603
3 -8.105130 -2.051400 18.8613
3 -7.836920 -3.411890 18.8616
2  1.322210 -2.260500 19.5278
3  6.519900 -4.012140 20.0681
3  7.366240 -2.841580 20.0732
3  7.626620 -2.254960 18.7158
3 -8.103480 -1.400240 20.1919
3 -8.110700  0.051204 20.1976
2  0.123841 -1.503260 19.0861
2  2.726900 -0.391214 18.5308
2  2.554500 -1.693950 19.2052
2  3.651340 -1.805720 20.1324
2  4.452440 -0.622410 20.0658
3  8.114670 -0.902635 18.7457
3  8.253100 -0.279336 20.0714
3 -5.182760 -6.409470 21.5095
3 -2.677930 -7.259830 21.4685
3 -1.260950 -7.325680 21.4557
3  1.378340 -7.279060 21.4781
3  2.715980 -6.823770 21.4300
3 -6.310140 -5.550730 21.5325
3  5.068540 -5.515510 21.4313
3  6.164580 -4.608910 21.3914
3 -8.086350 -2.027100 21.5269
3 -7.908200 -3.441170 21.5349
2 -0.249789 -2.528340 21.1537
2  1.056550 -2.885770 20.7520
2  2.090980 -2.958430 21.7293
2  3.373420 -2.421270 21.3596
3  7.601430 -2.262860 21.4496
2 -0.889414 -1.704000 20.1624
2 -1.601470 -0.574628 20.5883
2 -1.874610 -0.303511 21.9877
2  4.958150 -0.083322 21.2360
2  4.836500 -0.763881 22.5176
3  8.057620 -0.893780 21.4566
3 -4.601600 -6.693460 22.8944
3 -5.104150 -6.388780 24.2253
3 -2.668450 -7.196210 24.2409
3 -3.274910 -7.215220 22.8833
3 -0.635423 -7.426890 22.8204
3 -1.229440 -7.359700 24.2467
3  0.814304 -7.339610 22.8100
3  1.429590 -7.336160 24.1655
3  2.759730 -6.836320 24.1531
3  3.296960 -6.563110 22.7866
3 -6.787740 -5.202870 22.8991
3 -6.274230 -5.647490 24.2304
3  4.616760 -5.999130 22.7560
3  5.163050 -5.537460 24.1147
3  6.228130 -4.603480 24.1072
3 -8.032170 -2.010970 24.2357
3 -7.662590 -4.071100 22.9189
3 -7.777080 -3.439190 24.2454
2 -0.456124 -2.243920 22.5047
2  1.883220 -2.800190 23.1696
2  0.591225 -2.398330 23.5298
2  3.055690 -2.146700 23.6883
3  7.778800 -2.337140 24.1083
3  7.349850 -2.873210 22.7363
3  6.641930 -4.114570 22.7265
3 -8.068930 -1.387530 22.8945
3 -8.128460  0.062531 22.8617
2 -1.337130 -1.159780 22.9254
2 -0.789447 -0.619040 24.1980
2  3.984600 -1.930510 22.5989
3  8.340270 -1.013450 24.1367
3  8.343640 -0.320032 22.7845
3 -4.570370 -6.720830 25.6006
3 -3.237060 -7.141300 25.6098
3 -0.617945 -7.538300 25.5766
3  0.854843 -7.464650 25.5422
3  3.342460 -6.596100 25.5172
3 -6.703230 -5.224460 25.5822
3  4.659120 -5.956560 25.4874
3 -7.452950 -4.067160 25.5555
3  6.669600 -4.099410 25.4539
3  7.525700 -2.955760 25.4419
3 -8.139460 -1.421520 25.5005
3 -8.279270  0.015485 25.5434
2  0.364768 -1.397510 24.5154
2  1.469520 -0.778958 25.0467
2  2.827330 -1.153150 24.6407
3  8.407430 -0.346085 25.4756
3 -4.625140 -6.846420 28.2774
3 -5.178260 -6.529820 26.9403
3 -2.653080 -7.435290 26.9006
3 -3.281490 -7.329920 28.2342
3 -0.536355 -7.587120 28.2281
3 -1.256570 -7.590280 26.8888
3  0.893313 -7.401620 28.2231
3  1.518600 -7.355260 26.9001
3  2.849950 -6.826950 26.8585
3  3.504890 -6.631320 28.1872
3 -6.715430 -5.249950 28.2078
3 -6.369270 -5.737510 26.9104
3  4.647230 -5.835140 28.1669
3  5.229190 -5.545310 26.8382
3  6.191870 -4.535380 26.8166
3 -8.109580 -2.143260 26.8811
3 -7.471940 -4.106800 28.2170
3 -7.823680 -3.536240 26.8923
3  6.668070 -4.067800 28.1289
3  7.371380 -2.884890 28.1376
3  7.755820 -2.347190 26.8202
3 -8.215880 -1.479960 28.1713
1 -2.138790 -1.487480 28.4305
1 -1.202360 -0.461085 28.1206
1  0.266207 -0.687319 28.3072
3  8.178300 -0.958728 26.8101
3  8.338190 -0.342091 28.1459
3 -5.097520 -6.486810 29.5559
3 -2.643050 -7.540200 29.5946
3 -1.154330 -7.585860 29.6246
3  1.556810 -7.328560 29.5297
3  2.872390 -6.804470 29.5394
3 -6.290740 -5.712120 29.5924
3  5.133340 -5.425610 29.5438
3  6.290830 -4.582190 29.5138
3 -7.958080 -2.071480 29.5229
3 -7.637740 -3.420560 29.5665
1 -3.609730 -2.347910 29.9787
1 -2.555130 -3.342020 29.8814
1 -1.666720 -2.754110 28.8997
1 -0.326497 -3.004480 29.0499
1  0.161362 -3.803470 30.1411
1  1.437450 -3.292640 30.6450
3  7.743500 -2.302810 29.5029
1 -3.345080 -1.218540 29.1297
1  0.668087 -1.982090 28.7992
1  1.721210 -2.125120 29.7980
1  2.320660 -0.938136 30.3175
3  8.140680 -0.947674 29.4915
3 -7.982050  0.622128 18.8517
3 -7.587800  2.011790 18.8601
2 -0.573851  0.906552 18.8834
2 -1.536310  0.746944 19.8689
2  3.906310  0.224095 19.0267
2  3.906470  1.665100 19.2276
3  8.297810  1.754540 18.7717
3  8.340190  1.127560 20.0898
3 -7.355480  2.559650 20.1644
3 -6.562580  3.743990 20.2276
2  0.256666  2.125140 18.8052
2  0.098588  3.120090 19.7693
2  1.281780  3.753430 20.3929
2  2.717530  2.396620 18.9169
2  2.575730  3.452150 19.9207
2  4.486220  2.203960 20.4635
3  7.827310  3.125920 18.7258
3  7.723970  3.791160 20.0499
3 -6.195930  4.197410 18.8353
3 -5.133870  5.126850 18.8067
3 -4.572200  5.503170 20.2062
3  6.323920  5.353090 18.7903
3  6.759050  4.835250 20.1409
3 -3.390370  6.245610 20.2017
3 -2.871100  6.550560 18.8335
3 -1.492330  6.902460 18.8712
3 -0.827712  6.965710 20.2293
3  1.187940  7.130010 18.8685
3  0.577919  7.091650 20.2214
3  3.226100  6.755100 20.1790
3  2.609930  6.989730 18.8298
3  5.099710  6.050720 18.8172
3  4.580800  6.386690 20.1352
3 -8.047030  0.681001 21.5482
3 -7.558250  2.004890 21.5517
2 -1.724760  1.791360 20.9018
2  4.879420  1.305750 21.4828
3  8.399880  1.760270 21.4217
2 -0.346052  3.495420 22.0864
2 -0.952187  2.996120 20.8401
2  0.979058  3.932010 21.7853
2  3.591930  3.278450 20.9069
2  3.332450  3.494050 22.2959
3  8.011720  3.156080 21.4023
3 -6.184790  4.220410 21.5682
3 -5.098670  5.135350 21.5181
3  6.409130  5.317540 21.4565
3 -2.850040  6.517770 21.5397
3 -1.430250  6.859230 21.5338
3  1.241310  7.063570 21.5297
3  2.619760  6.929150 21.5120
3  5.204950  6.096920 21.4505
3 -8.095870  0.636565 24.2271
3 -7.587720  1.995240 24.2279
2 -1.854960  1.121510 22.1745
2 -1.373990  1.668560 23.3615
2  4.698870  1.550030 22.8754
2  4.582430  0.264196 23.5233
3  8.374910  1.727740 24.0628
3  8.465640  1.120720 22.7399
3 -7.295310  2.570580 22.9211
3 -6.485450  3.709950 22.8931
2 -0.587179  2.878660 23.3249
2  0.460122  2.780020 24.3160
2  1.733340  3.210640 23.9837
2  2.008810  3.937270 22.7630
2  2.944740  2.468990 24.3767
2  3.948840  2.684980 23.3052
3  7.777350  3.733140 22.7276
3  7.964970  3.112690 24.0536
3 -4.630400  5.587040 22.8839
3 -5.109630  5.178750 24.1640
3 -6.222550  4.259830 24.2030
3  6.999750  4.935490 22.7155
3  6.424680  5.322580 24.0939
3 -2.778390  6.496730 24.1571
3 -3.377770  6.205650 22.8652
3 -1.479800  6.892760 24.1726
3 -0.852556  7.057930 22.8645
3  0.567293  7.158670 22.8612
3  1.210030  7.118090 24.1675
3  3.299370  6.772790 22.8220
3  2.659270  6.923730 24.1329
3  5.261900  6.110980 24.0734
3  4.658410  6.368170 22.7681
2 -0.802117  0.796636 24.3309
2  0.286731  1.452930 25.0324
2  1.487580  0.661719 25.2744
2  2.841800  1.189540 24.9656
2  3.674440  0.038550 24.6421
3  8.474630  1.076570 25.4402
3 -7.355690  2.586740 25.5500
3 -6.576550  3.751090 25.5406
3  7.586120  3.579500 25.4126
3 -4.616630  5.540850 25.4960
3 -3.371160  6.300980 25.4924
3  6.869500  4.827010 25.4310
3 -0.828261  6.991700 25.5031
3  0.596612  7.075300 25.4960
3  3.300340  6.765600 25.4283
3  4.686410  6.458490 25.3921
3 -8.263420 -0.015277 28.1535
3 -8.187020  0.672174 26.8289
3 -7.680600  1.978650 26.8449
3  8.423340  1.082500 28.1292
3  8.323730  1.685690 26.7870
3 -7.318280  2.553570 28.1961
3 -6.455240  3.657330 28.1802
3  7.831430  2.989330 26.7381
3  7.554560  3.599110 28.1257
3 -6.045850  4.140210 26.8691
3 -5.048360  5.161210 26.8584
3 -4.565690  5.536810 28.2067
3 -3.362320  6.333150 28.1979
3  6.299610  5.220480 26.7016
3  6.732220  4.744930 28.1242
3 -2.769590  6.492250 26.8462
3 -1.407110  6.906730 26.8466
3 -0.738635  7.024460 28.1591
3  1.279900  7.057530 26.7902
3  0.698298  7.114260 28.1507
3  3.287710  6.793320 28.0910
3  2.678130  6.939120 26.7257
3  5.239860  6.120610 26.6988
3  4.658600  6.335850 28.0648
3 -8.068620  0.580781 29.4827
3 -7.720010  1.998900 29.4950
1 -2.648940  1.141440 29.3650
1 -3.643400  0.064018 29.6209
1 -1.473740  0.894981 28.6263
1 -0.243012  1.462200 29.1541
1  0.785225  0.456048 29.0420
1  1.833600  0.333727 29.9437
3  8.324180  1.688840 29.4588
1 -0.251647  2.305740 30.2731
3  7.822480  3.012770 29.4527
3 -5.960710  4.015870 29.5023
3 -4.949020  5.041300 29.5200
3  6.254920  5.139690 29.3886
3 -2.765950  6.545450 29.4875
3 -1.398100  6.928370 29.5162
3  1.274960  7.041620 29.5052
3  2.701090  6.831790 29.4577
3  5.146130  6.015510 29.4058
1 -2.702340  2.022790 30.5231