279

3 -4.854330 -7.066110  6.77444
3 -5.309010 -6.684740  8.16076
3 -3.449840 -7.509520  6.81805
3 -2.837610 -7.773660  8.17297
3 -0.811296 -7.830110  6.78867
3 -1.420930 -7.902970  8.18653
3  0.637594 -7.503280  6.77762
3  1.204350 -7.305500  8.11175
3  3.088650 -6.406770  6.70983
3  2.520470 -6.671140  8.03851
3 -6.597060 -5.041020  6.80456
3  4.282490 -5.620320  6.70458
3  4.801320 -5.302720  8.06394
3  5.774710 -4.260150  8.03865
3 -7.575450 -4.013300  6.83695
3  6.133820 -3.670760  6.65902
3  7.033460 -2.541880  6.70567
3  7.435410 -2.094810  8.02740
3 -8.233720 -1.424870  6.83323
3 -8.125200 -0.017556  6.82448
3  8.248730 -0.207942  6.72687
3  8.009270 -0.762508  8.03884
3 -4.678680 -6.935340  9.49920
3 -3.404190 -7.507540  9.53019
3 -0.790444 -7.967030  9.50404
3  0.664217 -7.645010  9.48485
3  3.079680 -6.439140  9.41870
3 -6.236110 -5.562180  8.15041
3 -6.640600 -5.061470  9.45050
3 -7.572500 -3.997780  9.52412
3  4.298890 -5.640720  9.44446
3 -8.144670 -2.057910  8.14586
3 -7.835560 -3.421820  8.14827
1 -3.116280 -2.689310  9.70694
1 -1.839470 -2.492620  8.91721
1 -0.700193 -3.040040  9.53903
1  0.470595 -2.227420  9.59525
3  6.307980 -3.831160  9.37234
3  7.166440 -2.709410  9.37218
3 -8.154680 -1.382420  9.47445
3 -8.234980  0.041047  9.46871
1 -3.834950 -1.473960  9.68340
1 -3.090950 -0.484916  8.96825
1 -1.829690 -1.092590  8.53197
1 -0.614445 -0.302027  8.59878
1  0.549726 -0.912185  9.16366
1  1.310860  0.131908  9.93459
3  8.155060 -0.173153  9.38224
3 -5.285430 -6.658850 10.86510
3 -4.714050 -6.942080 12.17070
3 -2.824440 -7.729160 10.82750
3 -3.433880 -7.473230 12.23470
3 -1.417660 -7.931700 10.82220
3 -0.707802 -7.831160 12.27850
3  1.245770 -7.354070 10.85010
3  0.698713 -7.633860 12.19920
3  2.568540 -6.757750 10.79750
3  3.197780 -6.483180 12.10720
3 -6.328370 -5.653410 10.82080
3 -6.796250 -5.211200 12.15640
3 -7.542000 -3.996650 12.16940
1 -1.977040 -4.223200 11.22720
3  4.905230 -5.335830 10.72820
3  5.996900 -4.395240 10.73760
3  4.345680 -5.664250 12.04510
3 -8.170820 -2.048830 10.80640
3 -7.854740 -3.447590 10.86780
1 -3.181770 -3.619390 10.78000
1 -4.027760 -3.208650 11.97950
1 -0.699641 -3.979370 10.57060
1  1.112790 -2.592330 10.81490
1  0.528736 -3.812620 11.35710
3  7.464320 -2.186300 10.68180
3  6.373390 -3.938800 12.07450
3  7.193830 -2.772050 12.03970
1 -4.631570 -1.093030 10.76380
1 -4.719040 -1.964810 11.97410
1  2.023480 -0.295765 11.06540
1  1.983820 -1.732210 11.44670
3  8.000890 -0.880852 10.74240
3  8.179110 -0.304116 12.07030
3 -5.283100 -6.553510 13.50060
3 -2.862060 -7.758010 13.55470
3 -1.424580 -7.895890 13.58920
3  1.330970 -7.413310 13.46120
3  2.634710 -6.804040 13.50530
3 -6.395600 -5.669990 13.51090
1 -2.047680 -4.226430 12.70330
3  4.920070 -5.380260 13.42960
3  6.024490 -4.478210 13.37810
3 -8.075420 -2.015910 13.45780
3 -7.777610 -3.448840 13.52400
1 -3.327650 -2.858350 14.23430
1 -3.279680 -3.650190 13.14630
1 -0.800266 -4.015670 13.38330
1  0.517600 -3.883050 12.77700
1  1.269520 -2.818220 13.48160
3  7.518030 -2.213390 13.42010
3 -8.110890 -1.358580 12.13110
3 -8.173140  0.056713 12.20790
1 -4.704350 -1.208430 13.16670
1 -4.035460 -1.622970 14.29810
1  1.945170 -0.432694 13.38540
1  1.987970 -1.764540 12.88790
3  8.082200 -0.927970 13.40070
3 -4.729390 -6.859990 14.87130
3 -5.200640 -6.492210 16.16170
3 -2.778780 -7.573650 16.13740
3 -3.465400 -7.404850 14.84280
3 -1.339600 -7.625560 16.15900
3 -0.765657 -7.661380 14.84520
3  0.692070 -7.568850 14.81000
3  1.327720 -7.277040 16.11140
3  3.255580 -6.577710 14.79010
3  2.688730 -6.817360 16.16830
3 -6.782690 -5.229460 14.82690
3 -6.343830 -5.699910 16.15240
3 -7.515510 -3.994960 14.85960
3  4.491650 -5.792200 14.74450
3  4.957200 -5.384950 16.10640
3  6.080960 -4.476420 16.11190
3 -8.107590 -2.010990 16.18430
3 -7.712010 -3.407020 16.16970
1 -2.043520 -2.608940 14.98530
1 -0.817375 -3.240730 14.57380
1  0.394908 -2.480430 14.64220
3  6.439810 -4.013980 14.73100
3  7.391560 -2.864360 14.72660
3  7.635260 -2.248900 16.08690
3 -8.158400 -1.369490 14.87630
3 -8.096770  0.048965 14.85000
1 -3.256820 -0.662709 15.08060
1 -2.042730 -1.274810 15.54460
1 -0.884821 -0.547941 15.61630
1  0.366589 -1.160960 15.12150
3  8.116380 -0.895983 16.06640
3  8.268520 -0.281939 14.70150
3 -4.772470 -6.939340 17.47250
3 -3.449890 -7.484940 17.50500
3 -0.706501 -7.613870 17.48360
3  0.696823 -7.489980 17.46770
3  3.264240 -6.511420 17.47830
3 -6.755290 -5.178410 17.48280
3 -7.572390 -3.993830 17.47910
3  4.485740 -5.829280 17.41490
3  6.475240 -3.966780 17.43290
3  7.258560 -2.766700 17.37220
3 -8.136960 -1.409590 17.53570
3 -8.048250  0.017836 17.54590
3  8.299520 -0.299622 17.40050
2  0.311470 -0.206874 18.48270
3  8.196520  1.253660  6.67021
3  8.226770  1.906510  8.01520
3 -7.288950  2.601190  6.82858
3 -6.569450  3.797060  6.84820
3  7.594190  3.914840  6.70335
3 -4.582280  5.537200  6.85537
3  6.701590  4.975880  6.75401
3 -3.368080  6.268400  6.82219
3 -0.836893  7.129140  6.78296
3  0.533141  7.438730  6.83146
3  3.191290  7.060860  6.85161
3  4.558690  6.608000  6.82707
3 -8.135670  0.669910  8.14480
3 -7.686700  2.024080  8.12854
1 -3.102510  0.832874  9.49152
1 -1.882330  1.700370  9.49968
1 -0.667248  1.087370  9.14948
1  0.532475  1.336070  9.90407
3  8.274750  1.237890  9.43456
3 -7.396400  2.622580  9.51208
3 -6.629510  3.770590  9.49209
3  7.875260  3.271890  8.08254
3  7.623590  3.808110  9.42662
3 -6.218780  4.297670  8.16486
3 -5.103240  5.223310  8.19625
3 -4.586470  5.548590  9.48666
3  6.211170  5.343910  8.08014
3  6.674400  4.897690  9.42045
3 -2.823760  6.581490  8.16030
3 -3.396220  6.302210  9.51380
3 -1.458170  7.004100  8.15113
3 -0.850107  7.086440  9.44671
3  0.559749  7.402880  9.47814
3  1.187870  7.450030  8.17499
3  2.619620  7.318610  8.14600
3  3.244780  7.159380  9.49669
3  5.160080  6.295370  8.16116
3  4.585980  6.673160  9.46373
3 -8.177140  0.695443 10.78940
3 -7.653240  2.009490 10.83520
1 -4.570290  0.259702 11.28690
1 -3.893450  1.269740 10.61520
1  0.516975  2.053780 11.10480
3  8.164460  1.813980 10.77200
3  8.281120  1.157690 12.06870
3 -7.379240  2.552970 12.15020
3 -6.634810  3.748350 12.09860
1 -3.152000  2.227600 11.37070
1 -1.902550  2.493260 10.74150
1 -0.725522  2.704480 11.51200
3  7.768180  3.161960 10.77700
3  7.543460  3.750610 12.11850
3 -6.209910  4.235980 10.81590
3 -5.181260  5.217000 10.83120
3 -4.730720  5.690900 12.11900
3  6.313070  5.435040 10.80270
3  6.753000  4.956130 12.12210
3 -2.861170  6.523020 10.81170
3 -3.457930  6.267670 12.15190
3 -1.532320  7.034500 10.80090
3 -0.892056  7.173180 12.19230
3  1.203660  7.360760 10.91550
3  0.524662  7.145220 12.23770
3  2.627520  7.101720 10.84980
3  3.282830  6.966470 12.19040
3  5.186110  6.252140 10.81710
3  4.608260  6.489950 12.15750
3 -8.079890  0.636724 13.53130
3 -7.688180  2.001400 13.47260
1 -4.680020  0.159677 12.78820
1 -3.946250  1.126870 13.54830
1  1.204690  1.652760 12.27610
1  2.037010  0.502468 12.25280
3  8.290550  1.762790 13.37840
1 -3.127870  2.115160 12.82000
1 -1.964470  2.397540 13.63090
1 -0.730497  2.623350 12.97330
1  0.386331  1.915320 13.41850
3  7.810970  3.139740 13.41650
3 -6.303360  4.330860 13.44940
3 -5.205210  5.206660 13.46170
3  6.319790  5.370530 13.46880
3 -2.897910  6.591280 13.49930
3 -1.550950  7.067210 13.50090
3  1.170000  7.089840 13.52900
3  2.618550  6.966110 13.52240
3  5.139370  6.210850 13.45070
3 -7.980800  0.675679 16.16590
3 -7.587050  2.016790 16.14540
1 -3.198450  0.714129 14.74240
1 -1.969140  1.484870 14.80820
1 -0.833587  0.856506 15.28310
1  0.405525  1.073690 14.52420
1  1.188100 -0.116962 14.54170
3  8.347480  1.753580 16.03910
3  8.464640  1.134070 14.69010
3 -7.383910  2.554290 14.79540
3 -6.677980  3.798750 14.77370
3  7.538750  3.749130 14.76370
3  7.853380  3.103410 16.12400
3 -6.226870  4.265050 16.11550
3 -4.623320  5.533060 14.79900
3 -5.144210  5.139270 16.11790
3  6.712490  4.864300 14.81010
3  6.308600  5.353210 16.11900
3 -3.388910  6.214210 14.78930
3 -2.853650  6.483130 16.14910
3 -0.864640  7.086460 14.84430
3 -1.493060  6.925170 16.16240
3  0.549570  7.208560 14.83950
3  1.183390  7.196750 16.21750
3  3.249870  6.920900 14.85530
3  2.565890  6.919950 16.18060
3  4.612280  6.532250 14.86850
3  5.097910  6.131460 16.17870
2  1.606830  0.342234 18.17050
3  8.388850  1.132270 17.41860
3 -7.325330  2.547400 17.47760
3 -6.616870  3.766910 17.46570
3  7.537850  3.671640 17.44190
3 -4.625780  5.496220 17.45500
3  6.779600  4.866390 17.41590
3 -3.375630  6.185280 17.50480
3 -0.888667  7.100310 17.52960
3  0.547416  7.215180 17.53580
3  3.194360  6.807900 17.48530
3  4.542800  6.371920 17.53000
2  1.605860  1.770380 18.38970