287

3   4.352070  -1.032790 16.04020
3  -3.865900 -10.046200  8.92367
3  -1.213580 -10.822800  8.93545
3   0.181012 -10.630200  8.95999
3  -5.037070  -9.312790  8.92245
3   2.716180  -9.632100  9.16363
3   3.722580  -8.684390  9.30760
3  -7.634770  -6.231260  8.88272
3  -7.028090  -7.457200  8.92840
3   5.239670  -7.100240  8.32579
3   5.461650  -6.639020  9.61040
3   5.809120  -4.475500  8.56370
3   5.800390  -5.292950  9.72378
3 -10.276500  -3.092380  9.04387
3  -9.193890  -3.941870  8.88759
2  -4.384780  -2.609020  8.94232
2  -3.385670  -3.578290  8.76527
2  -2.003980  -3.198840  8.79693
3   5.391090  -3.185200  8.60694
3 -11.210100  -1.101740  9.66337
2  -4.964640  -0.386900  8.44879
2  -4.027030  -1.220290  9.17155
2  -2.673060  -0.854561  9.16702
2  -1.682090  -1.860380  8.94440
3   4.193160  -0.678811  8.75347
3  -3.328030 -10.454500 10.12410
3  -3.965520 -10.222000 11.31840
3  -1.969870 -10.802900 10.14440
3  -1.308700 -11.012600 11.33800
3   0.775337 -10.667500 10.21310
3   0.044370 -10.943800 11.35220
3   2.052610 -10.111300 10.32080
3  -5.556840  -8.864600 10.11880
3  -5.041990  -9.351780 11.34690
3   2.590190  -9.871400 11.57990
3   3.725470  -9.061500 11.73300
3   4.194980  -8.394710 10.59160
3  -6.592760  -7.908040 10.15110
3  -7.079350  -7.311530 11.33670
3  -7.838860  -6.136140 11.33020
3   5.075470  -7.320100 10.77080
3  -7.826890  -5.495180 10.06610
1  -0.758860  -4.403450 11.36450
1  -1.922560  -5.143160 11.54860
3   5.693990  -4.689920 11.01780
3 -10.598300  -2.284640 10.20970
3 -10.006200  -2.833820 11.37910
3  -8.501570  -3.350410 11.09930
3  -8.302120  -4.159510  9.93747
1  -0.787713  -2.972110 11.58410
3   5.372280  -3.318440 11.06810
3   5.077520  -2.661540  9.86597
3 -11.650500  -0.113288 10.52350
3   4.273940  -0.858120 11.22680
3   4.547010  -1.372490  9.93261
3  -3.369970 -10.630800 12.48570
3  -3.934690 -10.209500 13.68270
3  -2.024560 -10.970300 12.52030
3  -1.418240 -11.279700 13.75700
3   0.694545 -10.942800 12.57440
3   0.005471 -11.422900 13.69120
3   1.932570 -10.359100 12.70680
3   2.535330 -10.306900 13.94550
3  -6.475740  -7.831700 12.48980
3  -5.620900  -8.926640 12.63820
3  -5.199150  -9.562580 13.75010
3   4.045930  -8.657090 13.04320
1  -3.101930  -6.519060 12.98150
1  -1.881680  -6.404850 12.22420
1  -0.677657  -6.929030 12.73640
1   0.532128  -6.150440 12.56990
1   1.313540  -6.292740 13.77250
3   4.811410  -7.494090 13.22710
3   5.220080  -6.829820 12.07180
3  -8.851270  -5.548980 12.22010
3  -9.353910  -4.217200 12.13710
1  -4.638980  -4.736960 13.81740
1  -3.862110  -5.308080 12.79300
1  -3.114130  -4.452890 11.91600
1   0.485240  -4.917560 11.90430
3   5.642190  -5.466690 12.22130
3   5.538040  -4.831350 13.44520
1  -3.156460  -3.069100 12.07760
1  -3.936870  -2.475550 13.11620
1  -1.950800  -2.291170 11.93410
1   1.197790  -3.788200 12.43060
1   0.429954  -2.600310 12.21410
1   1.987810  -3.915550 13.56350
3   5.273800  -2.670030 12.35580
3   5.516320  -3.432590 13.53210
1  -3.238400  -1.308480 13.60160
1  -2.004430  -1.183440 12.85600
1  -0.792661  -0.817728 13.46750
1   0.422247  -1.544720 13.13890
3   4.795140  -1.394700 12.40210
3   4.490930  -0.809808 13.61440
3  -4.444630 -10.200000 15.90440
3  -3.456840 -10.638400 14.95960
3  -2.097860 -11.121700 14.99240
3   0.699119 -11.591400 14.85850
3   1.924000 -10.923900 14.99950
3  -5.529440  -9.560160 15.16480
3   3.505040  -9.340900 14.17310
3   3.558270  -8.800930 15.48720
1  -3.050820  -7.114760 14.24240
1  -3.794290  -6.484280 15.31900
1  -1.816840  -7.662740 14.77350
1  -0.625231  -7.589580 14.02330
1   0.600049  -7.159340 14.68740
3   4.395110  -7.653700 15.67440
3   4.777950  -6.903210 14.48950
1  -4.606690  -5.347310 15.12590
1   1.979210  -5.169960 14.26050
1   1.955990  -4.898600 15.67700
3   5.249200  -5.580360 14.61840
3   5.236480  -4.928560 15.83540
1  -4.622600  -3.019340 15.40570
1  -4.651200  -3.302580 13.99180
1  -3.926390  -1.909630 15.89210
1   1.931810  -2.866930 14.54070
1   1.928510  -3.466840 15.84440
3   5.375070  -3.565040 15.96420
3   5.268810  -2.776340 14.76570
1  -3.221190  -1.045340 14.97730
1  -0.792202  -0.596994 14.88730
1  -1.971000  -0.683110 15.63320
1   0.402885  -1.166590 15.43930
1   1.168090  -1.712480 14.35610
3   4.784910  -1.483450 14.80060
3  -4.621380 -10.639100 17.21430
3  -1.303140 -11.198900 16.16570
3  -1.636260 -10.773900 17.45670
3   0.050710 -11.690100 16.10780
3   1.078890 -11.296800 17.07840
3   2.102340 -10.566400 16.38400
3   2.918970  -9.405110 16.65300
3   3.004750  -8.653380 17.93700
1  -3.038270  -6.670580 16.51220
1  -1.830340  -7.393890 16.20380
1  -0.642291  -6.993430 16.84300
1   0.563215  -6.872140 16.06780
3   4.458280  -6.969490 16.90830
3   4.014910  -7.656270 18.05530
1  -4.608420  -4.279760 16.10400
1  -3.867110  -4.433330 17.26430
1  -3.061050  -5.623720 17.42210
1  -0.661691  -5.912970 17.80070
1   1.327140  -5.760860 16.59060
1   0.566727  -5.176080 17.68490
3   4.953270  -5.681680 16.99520
1  -3.148890  -2.070490 17.10560
1  -3.131490  -3.312420 17.80470
1   1.219240  -2.917880 16.91580
1   0.518358  -3.784110 17.80850
3   5.165560  -2.979840 17.17240
1  -1.926900  -1.317430 16.94050
1  -0.748977  -1.846550 17.50220
1   0.467522  -1.709520 16.72970
3   4.688310  -1.692770 17.21950
3  -4.682390 -10.904200 18.54190
3  -4.736690 -11.433100 19.77120
3  -1.260150 -10.120100 18.60340
3   0.906929 -11.181100 18.44650
3   0.095167 -10.119500 18.92990
3  -2.163960  -9.594900 19.47660
3   0.805917  -8.968910 19.29690
3   2.213650  -8.850110 19.16350
3   4.531620  -7.197890 19.29680
1  -1.866740  -5.275640 18.13280
3   5.145380  -5.117050 18.23690
3   4.861420  -5.869880 19.37370
1  -1.888420  -3.850740 18.34170
1  -0.700398  -3.118730 18.19990
3   5.198060  -3.756330 18.32250
3   5.094130  -3.122360 19.54220
3   4.392160  -1.129200 18.43390
3   4.777790  -1.771810 19.58030
3  -4.617430 -11.790700 21.02100
3   0.158630  -8.080450 20.10710
3   2.915710  -8.681580 20.38420
3  -0.556728  -7.143960 20.74290
3  -1.180680  -6.178400 21.33800
3   2.770660  -7.776870 21.78510
3   4.223050  -7.921550 20.41590
3   4.323080  -7.308800 21.78090
3   4.855060  -5.243260 20.62150
3   4.423660  -5.865140 21.79140
3   5.125580  -3.892470 20.70090
3   4.984810  -3.286540 21.94910
3   4.803700  -1.061300 20.80510
3   5.007640  -1.843950 21.98350
3  -4.811690 -12.443300 23.50680
3  -4.642250 -12.251900 22.26900
3   2.054770  -7.008740 22.75180
3   2.425370  -5.704870 23.08780
3   3.687350  -5.144120 22.79610
3   4.045030  -3.813530 22.94340
3   3.644870  -2.728130 23.72240
3   4.182390  -1.476770 23.16630
3  -1.977100   2.779360 14.73350
3  -0.612495   2.538770 14.92960
3  -3.112240   2.229310 15.32340
3 -10.887400   1.694090  8.34198
2  -2.181410   0.383044  8.61059
3   3.573670   0.561127  8.80296
3  -9.899820   2.658690  8.57993
3  -9.243480   2.844890  9.80109
3  -8.067670   3.574280  9.81438
3   0.734073   3.486580  8.95250
3   1.903870   2.695090  8.92013
3  -7.439630   4.066340  8.67555
3  -6.074270   4.480670  8.71432
3  -3.286160   4.580780  8.82046
3  -1.894410   4.469570  8.86605
3 -11.583900   1.016780 11.26920
3 -10.656600   1.805080 11.88810
3   3.141640   0.969423 10.06150
3   3.518920   0.343433 11.27400
3  -9.610000   2.447340 11.04220
3  -0.026160   3.596690 10.12930
3   0.498213   3.160710 11.38810
3   1.671330   2.404920 11.36380
3   2.262030   2.085920 10.13420
3  -7.351110   3.591080 11.00610
3  -6.195520   4.388970 11.06050
3  -5.422590   4.538850  9.90498
3  -4.033220   4.692350  9.99234
3  -3.375250   4.647020 11.24990
3  -2.081770   4.135820 11.26420
3  -1.307500   4.113380 10.07420
3  -9.962310   1.791290 13.28270
3   3.212060   0.910506 12.49110
3   3.711390   0.334784 13.66290
3   2.174290   1.887010 12.56670
3  -8.752110   2.276320 12.36650
3  -7.479220   2.871760 12.24670
3  -6.243260   3.151970 12.99040
3  -2.286510   3.686850 13.68000
3  -1.509230   3.690270 12.48440
3  -0.200837   3.216640 12.57240
3   1.489200   2.029940 13.75790
3   0.226305   2.611790 13.77870
3  -4.184960   4.524260 12.40180
3  -5.545520   4.171510 12.25720
3  -3.436260   4.489880 13.63240
3 -10.526300   0.914316 15.76310
3 -10.208000   1.299630 14.51070
3   2.066800   1.561270 14.96060
3   3.124020   0.693660 14.88700
3  -4.698020   2.183070 14.98880
3  -5.624310   2.761520 14.16410
3 -11.019600   0.237309 16.76690
3  -4.195200   2.023890 16.50870
3  -4.027350   1.866460 17.84390
3   3.572540   0.118251 16.07290
3   3.147870   0.597302 17.31460
3   2.115120   1.577880 17.41770
3  -0.704643   2.385250 17.38850
3   1.392870   1.858820 16.20530
3   0.032441   2.336940 16.18220
3  -3.444020   2.127230 19.01380
3   3.638920   0.721966 19.70550
3   3.708870   0.085702 18.50230
3  -2.792940   2.941500 19.85740
3  -0.527877   2.770300 18.69780
3  -1.410050   3.221580 19.72240
3   0.810588   2.886840 19.17380
3   1.962590   2.183750 18.69910
3   2.898200   1.918460 19.76830
3   4.333680   0.276995 20.83110
3   4.079400   0.834199 22.08740
3  -3.533530   3.660480 20.76660
3  -0.617380   3.662720 20.80310
3   0.735439   3.521310 20.40890
3   1.867920   3.562290 21.23290
3   2.889430   2.617800 20.99540
3   3.694310   2.206460 22.10120
3  -5.512360   3.881640 22.00160
3  -4.183580   4.199010 21.88730
3   3.885040  -0.106176 23.11860
3  -0.736994   4.388420 22.00940
3   1.727020   4.300050 22.44850
3   0.426507   4.567400 22.86070
3   3.737200   3.081760 23.15690
3  -3.361060   4.850210 22.81830
3  -1.940380   4.583530 22.83440
3   2.852230   4.208020 23.27980