314

3 -1.411910 -7.234790 109.242
3 -2.620390 -6.500440 109.217
3 -0.816894 -7.493190 107.824
3  0.607549 -7.721900 107.789
3  1.240580 -7.774780 109.158
3  2.658720 -7.649120 109.177
3  3.212350 -7.494100 107.748
3  4.599800 -6.983540 107.706
3  5.084380 -6.608150 109.218
3 -3.175500 -6.178320 107.733
3 -4.694850 -4.857510 109.208
3 -4.305710 -5.302210 107.774
3  6.157190 -5.686550 109.185
3 -6.765720 -2.042970 107.765
3 -5.950980 -3.243300 107.741
3 -5.705350 -3.832070 109.246
3  7.584280 -3.486620 109.110
3 -7.586090 -0.231783 109.231
3 -7.095030 -1.583870 109.208
1 -1.963870 -0.585443 109.197
1 -1.831410 -1.520160 108.083
1 -0.445755 -1.698690 107.776
1  0.300353 -0.840108 108.672
1 -0.601394 -0.119792 109.454
1  1.473440 -0.227248 108.187
3  7.850890 -2.088520 109.115
3 -0.811890 -7.513000 110.613
3  0.588693 -7.800200 110.579
3  3.297520 -7.421920 110.650
3  4.618220 -6.887280 110.673
3 -4.273490 -5.319650 110.660
3 -3.107520 -6.141590 110.669
3  6.572260 -5.220980 110.625
3 -6.101740 -3.393880 110.651
3  7.356810 -4.063600 110.538
3 -6.775450 -2.132380 110.675
3  7.770270 -1.431850 110.566
3  7.535600 -0.007915 110.589
3 -1.340490 -7.231410 112.154
3 -2.645210 -6.556880 112.134
3 -0.738763 -7.429610 113.538
3  0.676690 -7.750020 113.562
3  1.309450 -7.807910 112.106
3  2.719480 -7.536940 112.073
3  3.324630 -7.530640 113.526
3  4.643610 -6.985810 113.494
3  5.199530 -6.665430 112.119
3 -3.183760 -6.300470 113.627
3 -4.700290 -4.909740 112.146
3 -4.244100 -5.345350 113.598
3  6.221430 -5.686230 112.097
3  6.721800 -5.257040 113.442
3 -5.657030 -3.868900 112.152
3 -5.982200 -3.357590 113.610
3  7.493070 -4.079670 113.507
3  7.644040 -3.470450 111.990
3 -7.468710 -0.179375 112.156
3 -7.040930 -1.527070 112.179
3 -6.679060 -2.109430 113.651
3  7.824430 -2.009880 111.991
3  7.405400 -0.107391 113.580
3  7.701080 -1.485900 113.585
3 -1.364180 -7.232440 115.007
3 -2.678020 -6.674690 115.023
3  1.307140 -7.747360 115.014
3  2.775550 -7.726520 114.995
3  5.101770 -6.622890 114.875
3 -4.587350 -4.863480 115.000
3  6.208830 -5.721710 114.930
3 -5.547530 -3.820580 115.020
3  7.661630 -3.558020 114.975
3 -7.410040 -0.164223 115.063
3 -6.891510 -1.515380 115.093
2 -3.116320 -1.140140 115.754
2 -3.349250 -0.131950 114.772
2 -1.133250 -0.338200 113.852
2 -0.812825 -1.158670 114.888
2  0.455257 -1.174740 115.502
2  1.339570 -0.151991 115.205
3  7.742880 -2.120520 115.008
3 -2.623900 -6.671480 117.962
3 -1.312400 -7.220860 117.898
3 -0.705943 -7.442540 116.443
3  0.685540 -7.827260 116.463
3  1.338910 -7.856390 117.884
3  2.751030 -7.835610 117.858
3  3.364420 -7.599340 116.400
3  4.657850 -6.995500 116.386
3  5.231840 -6.822870 117.868
3 -4.159070 -5.334340 116.484
3 -3.182540 -6.367470 116.455
3  6.664080 -5.372510 116.388
3  6.313380 -5.895500 117.827
3 -5.984960 -3.342170 116.537
3  7.507540 -4.186900 116.457
3  7.871600 -3.632630 117.893
3  7.884370 -2.119870 117.895
3 -6.672950 -2.057680 116.569
2 -3.786420 -0.755692 116.979
2 -1.811660 -1.601620 115.872
2 -1.159250 -1.875310 117.089
2  0.222992 -1.625690 116.872
3  7.708720 -1.485470 116.460
3  7.332300 -0.065118 116.442
3 -0.610013 -7.441090 119.340
3  0.736516 -7.924990 119.294
3  3.335100 -7.712610 119.316
3  4.664220 -7.057610 119.302
3 -3.133540 -6.271350 119.465
3 -4.483750 -4.805280 117.984
3 -4.111970 -5.272920 119.447
3  6.762140 -5.456740 119.287
3 -5.449220 -3.750550 117.988
3 -5.842100 -3.288060 119.435
3  7.522870 -4.169420 119.300
3 -7.414500 -0.193565 117.989
3 -6.560890 -2.093190 119.441
3 -6.884580 -1.575580 117.977
2 -3.146960 -0.910335 118.213
2 -1.805460 -1.495270 118.304
2 -1.085750 -0.769888 119.338
2  0.263489 -0.460178 119.092
2  0.981874 -0.968892 117.886
3  7.921180 -1.499840 119.303
3  7.453710 -0.121295 119.303
3 -1.253120 -7.239440 120.748
3 -2.583790 -6.639050 120.806
3  2.785850 -7.940710 120.835
3  1.342490 -8.029180 120.836
3  5.204570 -6.793340 120.784
3 -4.480830 -4.834220 120.932
3  6.279090 -5.777980 120.865
3 -5.452380 -3.763010 120.929
3  7.981250 -2.105920 120.750
3  7.781030 -3.592880 120.778
3 -7.483240 -0.224167 120.836
3 -6.726840 -1.428000 120.849
3 -7.700510  0.343874 107.748
3 -7.772420  1.830050 107.777
1 -3.968030  0.362880 107.977
1 -2.735930  1.788570 109.425
1 -2.914720  0.406626 109.035
1  0.824074  1.911770 109.192
1  1.739260  1.154480 108.457
3  6.716930  1.907310 109.096
3  7.330150  0.629480 109.164
3  7.483320  0.011015 107.756
3 -7.731270  2.450840 109.264
3 -7.565100  3.893310 109.254
1 -3.537400  2.551880 108.475
1 -3.037120  3.769080 107.957
1 -0.934916  3.458910 109.151
1  0.489912  3.283470 108.951
1  1.100700  3.871080 107.824
3  6.505170  2.454220 107.756
3  5.627430  4.302910 109.163
3 -7.374650  4.449210 107.791
3 -6.585300  5.648600 107.816
3 -6.137330  6.149770 109.245
1 -1.725760  4.241300 108.310
3  4.705060  5.396400 109.145
3 -5.101340  7.106170 109.243
3 -4.622560  7.443790 107.773
3 -3.249290  7.901250 107.737
3 -2.615320  8.009340 109.156
3 -1.197380  8.196060 109.191
3 -0.588929  8.198490 107.705
3  0.809849  7.950160 107.737
3  1.392980  7.766490 109.167
3  2.679640  7.079680 109.171
3  3.153520  6.720250 107.687
3 -7.731290  0.337761 110.612
3 -7.818080  1.795300 110.595
1 -0.380358  1.237000 109.715
1 -1.430670  2.220870 109.656
3  6.356730  2.362550 110.571
3  5.897060  3.753700 110.600
3 -7.285720  4.461100 110.673
3 -6.504250  5.668140 110.702
3  4.332070  5.848550 110.566
3 -4.651480  7.563740 110.661
3 -3.309870  8.048750 110.626
3 -0.587009  8.195220 110.562
3  0.827429  7.915770 110.548
3  3.167150  6.701700 110.594
3 -7.821840  1.840390 113.594
3 -7.571990  0.408386 113.600
2 -2.310140  1.633070 113.420
2 -0.911233  1.919870 113.289
2 -0.157194  0.642401 113.486
3  6.679640  1.816570 112.142
3  7.374980  0.529205 112.115
3 -7.661220  2.420250 112.027
3 -7.402600  3.834490 112.066
2 -0.386562  3.165330 113.611
3  6.416640  2.342250 113.585
3  5.921090  3.709530 113.568
3 -7.192920  4.354050 113.664
3 -6.166350  6.130290 112.201
3 -6.440850  5.635120 113.706
3  4.783390  5.418680 112.152
3  4.316790  5.819020 113.550
3  5.632740  4.270360 112.089
3 -5.154860  7.182770 112.085
3 -3.295480  8.077710 113.532
3 -4.606870  7.492990 113.543
3 -2.637170  8.038040 112.091
3 -1.208420  8.236100 112.071
3 -0.563557  8.295840 113.514
3  0.831243  7.884350 113.602
3  2.625950  7.001730 112.098
3  1.372850  7.684540 112.093
3  3.226980  6.747760 113.550
2 -4.282270  0.861647 115.267
2 -2.434970  0.209750 113.737
2  1.123930  0.800778 114.178
2  1.651990  2.069240 114.596
2  2.303550  1.903820 115.865
3  6.720550  1.811120 115.025
3  7.158020  0.481737 115.014
3 -7.873450  2.435780 115.061
3 -7.463350  3.796410 115.110
2 -3.044760  2.654990 114.014
2 -4.075900  2.222280 114.955
2 -2.642330  3.962010 114.318
2 -1.300860  4.255850 114.111
2  0.919681  3.274960 114.298
3  5.569900  4.207760 115.046
3 -6.124030  6.109040 115.073
2 -3.286480  4.367940 115.574
2 -0.541641  4.800760 115.273
2  0.820971  4.261950 115.314
3  4.720300  5.366350 115.026
3 -5.129210  7.163960 115.070
3 -2.671880  8.132130 114.978
3 -1.206540  8.305180 115.006
3  2.776300  7.139020 115.010
3  1.499220  7.802060 115.000
3 -7.665530  0.402233 116.459
3 -7.907490  1.825040 116.484
2 -4.574900  1.534910 117.683
2 -4.422080  0.532841 116.674
2  1.913060  0.123391 117.543
2  2.109250  0.487773 116.207
2 -4.129040  3.211640 115.955
2 -4.331080  2.856260 117.296
2  1.365690  4.020600 116.574
2  2.079250  2.830080 116.832
3  6.483070  2.393220 116.505
3  5.844400  3.665710 116.497
3 -7.239260  4.406500 116.499
3 -6.394100  5.587910 116.512
2 -2.561640  4.916920 116.620
2 -1.190230  5.193420 116.419
2 -0.513677  5.050360 117.734
2  0.728649  4.425300 117.764
3  4.310530  5.777210 116.455
3 -4.552490  7.545240 116.523
3 -3.252990  8.113150 116.427
3 -0.557587  8.354350 116.520
3  0.834661  7.971570 116.477
3  3.267030  6.751230 116.455
3 -7.650730  0.359645 119.371
3 -7.768280  1.844690 119.393
2 -3.967980  1.334110 118.948
2 -3.256060  0.136432 119.230
2 -1.972210  0.189033 120.005
2  0.834461  0.779121 119.532
2  1.841980  1.136680 118.609
3  6.676070  1.783280 117.966
3  7.165580  0.452022 117.891
3 -7.423580  3.778360 117.990
3 -7.833460  2.403440 117.950
2 -3.762810  3.592510 118.354
2 -3.472510  2.599800 119.407
2 -1.210880  3.612640 119.632
2  0.113188  3.092790 119.718
2  1.063760  3.513490 118.757
2  1.956000  2.473990 118.217
3  6.373260  2.205870 119.443
3  5.481380  4.130450 117.921
3  5.746000  3.543570 119.493
3 -7.193070  4.336910 119.525
3 -6.032820  6.073740 117.963
3 -6.444380  5.598640 119.473
2 -2.733450  4.500080 117.972
2 -1.507360  4.614180 118.694
3  4.623320  5.316630 117.956
3  4.262650  5.740170 119.446
3 -4.960330  7.115420 118.007
3 -4.533880  7.570060 119.407
3 -3.200980  8.109380 119.415
3 -1.199160  8.347290 117.913
3 -2.616890  8.214730 117.922
3 -0.580163  8.321330 119.451
3  0.800465  7.896410 119.416
3  1.354100  7.718760 117.929
3  2.674180  7.040080 117.954
3  3.176150  6.668390 119.445
2 -1.445430  1.447940 120.295
2 -0.029540  1.724210 120.167
3  6.821770  1.770260 120.856
3  7.280980  0.398317 120.841
3 -7.859210  2.374300 120.905
3 -7.505760  3.794110 120.947
2 -2.161040  2.642700 120.011
3  5.427220  4.039000 120.916
3 -5.993660  6.129300 120.877
3  4.564940  5.205510 120.927
3 -4.960170  7.093420 120.854
3 -2.657720  8.271930 120.853
3 -1.221730  8.433580 120.875
3  1.383050  7.676390 120.865
3  2.640510  6.939410 120.853