110

2 -2.179220 -4.664250 26.0938
2 -4.456260 -3.690920 25.8669
2 -3.947750 -2.677450 24.9969
2 -2.584180 -2.638840 24.6905
2 -1.699090 -3.612520 25.2833
2 -0.447649 -2.936800 25.5735
2 -5.657250 -1.697060 26.1975
2 -4.637630 -1.440650 25.2193
2 -3.999620 -0.202325 25.1385
2 -2.575460 -0.157050 24.8295
2 -0.602357 -1.544070 25.2210
2 -1.897730 -1.377330 24.6619
2 -0.030413 -0.528404 25.9993
2 -3.767500 -4.998170 27.8127
2 -3.601660 -4.678280 26.4010
2 -1.468560 -4.969140 27.3405
2 -0.273996 -4.285190 27.6408
2 -5.522570 -3.101610 26.6330
2 -5.679880 -3.447460 27.9856
2  0.255907 -3.263850 26.7382
2  0.831963 -2.193550 27.5474
2 -5.924390 -0.684233 27.1575
2  0.681159 -0.845798 27.2027
2 -4.801370 -4.430580 28.5922
2 -4.515070 -4.002880 29.9522
2 -2.453420 -5.140490 28.3784
2 -2.174780 -4.753000 29.7040
2 -0.929886 -4.065090 29.9963
2 -5.871060 -2.390630 28.9462
2 -5.169610 -2.723720 30.1269
2 -0.005393 -3.802090 28.9889
2  0.678563 -2.527290 28.9192
2 -6.027600 -1.044700 28.5514
2 -5.408950  0.002404 29.3354
2  0.408974 -1.539290 29.8802
2  0.292403 -0.147670 29.5171
2 -3.221740 -4.158790 30.5083
2 -2.607150 -3.108940 31.3063
2 -1.199210 -3.059960 31.0061
2 -4.715560 -0.340174 30.4879
2 -4.542710 -1.719230 30.8516
2 -3.270860 -1.889530 31.4901
2 -2.612920 -0.601737 31.5295
2 -0.544882 -1.796310 30.9386
2 -1.246690 -0.551954 31.1975
1  4.074370 -5.661380 36.0913
1  3.646890 -4.303010 35.8286
1  5.438790 -6.013270 35.9841
1  6.394830 -4.993300 35.6051
1  7.635600 -5.253190 36.3207
1  4.578560 -3.315810 35.4772
1  5.970220 -3.673030 35.3531
1  7.931840 -2.807970 36.5575
1  6.773820 -2.555810 35.8207
1  4.510130 -1.970730 35.9981
1  5.869250 -1.498840 36.2174
1  3.928250 -6.966400 38.1717
1  3.306430 -6.164340 37.2122
1  6.054600 -6.859110 36.9756
1  5.310780 -7.340700 38.0558
1  7.416880 -6.404290 37.1745
1  7.978260 -6.416790 38.4638
1  2.409050 -5.121170 37.6422
1  8.399500 -4.160480 36.7868
1  8.983230 -4.192500 38.1238
1  2.576850 -3.985440 36.7622
1  2.190700 -2.499420 38.7178
1  2.525690 -2.697320 37.3173
1  8.859420 -2.867670 38.6936
1  3.479540 -1.673960 36.9166
1  3.785020 -0.872809 38.0871
1  6.156340 -0.733288 37.3590
1  5.101570 -0.407864 38.3022
1  7.371530 -0.974623 38.1157
1  8.239710 -2.008280 37.7153
1  5.894060 -7.376000 39.3709
1  2.106270 -4.935690 39.0004
1  8.742150 -5.290190 38.9641
1  3.010470 -1.395960 39.1971
1  7.080160 -0.786418 39.5204
3 -3.653680  5.550690 24.0576
2 -4.288840  0.846294 26.0964
2 -0.730043  0.729109 26.1962
2 -1.988950  0.934830 25.6049
3 -2.497700  5.819320 24.7914
3 -0.060841  4.937810 24.1931
3 -1.448280  5.148160 24.1039
3  0.569661  4.964170 25.4087
3  1.172280  5.198840 26.5277
3 -2.246550  6.554130 25.9559
2 -5.266170  0.635666 27.0961
2 -3.041570  1.539470 26.3955
2 -2.802430  1.959160 27.7139
2 -1.492740  1.730950 28.2841
2 -0.441105  1.170190 27.5451
3 -2.152680  7.133610 27.1534
3 -1.863260  7.451270 28.4448
2 -4.964710  1.052710 28.4652
2 -3.789820  1.768610 28.7843
2 -3.055960  1.336780 29.9736
2 -1.641430  1.383060 29.6874
2 -0.765803  0.460874 30.2733
3 -1.888030  7.712290 29.7940
2 -3.508750  0.338445 30.8610
3 -1.730180  8.293510 30.9828
3 -1.986740  8.869650 32.1525
3 -2.089050  9.285710 33.4627
3 -2.154250  9.722030 34.7043
3 -2.401790 10.007200 35.9915
2  0.419529  0.180823 28.1629