375

3  8.197440 -0.464133  93.9574
3  8.001930 -1.060770  92.7203
2  3.820230 -0.191663  93.0400
3  2.010770 -5.745450  87.5859
3  2.758220 -5.786110  86.4230
3 -2.019600 -4.621830  87.4944
3  0.595529 -5.690050  87.5494
3  4.077190 -5.351370  86.4175
3  4.693820 -5.167370  87.6788
3  5.947390 -4.569950  87.7016
3  6.465850 -3.991830  86.5588
3 -3.115470 -3.742610  87.4419
3  7.097320 -2.711940  86.6187
3  7.541280 -2.199280  87.7957
3 -5.371180 -0.203942  87.4855
3 -4.778320 -1.477000  87.4047
3  8.043370 -0.867725  87.9120
3  8.162990 -0.097232  86.7362
3  2.624630 -5.782750  88.7793
3 -2.126190 -4.730230  89.8336
3 -0.157276 -5.559900  88.7484
3 -1.484940 -5.073900  88.6866
3  0.502756 -5.688260  89.9721
3  1.926340 -5.757620  89.9651
3  3.991000 -5.460050  88.8497
3  4.756160 -5.333290  90.0355
3  6.449180 -4.103830  88.8867
3 -3.668910 -3.333780  88.6409
3 -3.219760 -3.871780  89.8360
3  7.282040 -2.923910  88.9875
3 -4.513420 -2.172020  88.6129
3 -4.789040 -1.564920  89.8332
3 -5.336220 -0.273070  89.8755
2 -0.947392  0.136560  89.7772
2  1.292010 -0.895530  89.8689
2  0.314917 -0.065754  89.1949
2  2.598470 -0.301784  89.6786
3  8.133400 -0.208996  89.1592
3 -2.237240 -4.772580  92.2506
3 -0.211564 -5.464890  91.1480
3 -1.519610 -5.035080  91.0889
3  2.638850 -5.850470  91.1842
3  4.090000 -5.621930  91.2404
3  5.931350 -4.548100  90.0870
3  6.583430 -4.202040  91.2897
3 -4.524490 -2.221120  90.9997
3 -3.365470 -3.942140  92.2102
3 -3.797090 -3.423770  90.9831
3  7.800970 -2.398970  90.2237
3  7.485760 -3.082060  91.4040
3 -5.020810 -1.670290  92.1859
3 -5.504490 -0.327866  92.2885
2 -0.324441 -1.294350  91.6939
2 -1.261650 -0.475422  91.0469
2  0.977363 -1.487280  91.1012
2  1.954100 -1.546460  92.1638
2  3.547040 -0.336444  90.7175
2  3.224090 -0.974019  91.9782
3  8.043730 -0.999118  90.2684
3  8.155580 -0.342568  91.5208
3 -0.222114 -5.328020  93.4934
3 -1.599380 -4.999630  93.4763
3  1.908170 -5.758380  92.4053
3  0.502010 -5.547200  92.3300
3  2.650080 -5.580540  93.5804
3  4.067530 -5.535880  93.6273
3  4.774770 -5.384280  92.4622
3  6.028130 -4.684670  92.4911
3  6.444930 -4.181960  93.7249
3 -4.843770 -2.410330  93.3672
3 -3.949940 -3.458670  93.3772
3  7.263420 -3.062310  93.8509
3  7.661060 -2.420650  92.6790
2 -0.946769 -0.302496  93.8431
2 -0.158962 -1.220680  93.1285
2  1.255180 -1.383410  93.4235
2  3.154940 -0.033555  94.2701
3 -2.191680 -4.574260  94.6531
3 -1.567460 -4.765460  95.8842
3 -0.205642 -5.167290  95.9182
3  1.869230 -5.535190  94.7459
3  0.471953 -5.352430  94.7210
3  2.512450 -5.651460  95.9889
3  3.880760 -5.585040  95.9745
3  4.673510 -5.340040  94.8563
3  5.864740 -4.641560  94.8894
3  6.376490 -4.325170  96.1281
3 -4.076600 -3.478730  95.7467
3 -5.086220 -2.438310  95.7377
3 -3.399860 -3.862210  94.5864
3  7.581650 -2.499590  95.0922
3 -5.747540 -0.472767  94.6701
3 -5.349800 -1.815200  94.5437
2  1.839220 -0.623679  94.4539
3  8.072550 -1.182560  95.1453
3 -2.327940 -4.505120  97.0447
3 -1.743990 -4.787730  98.2671
3 -0.433800 -5.318200  98.2583
3  0.401205 -5.438620  97.1461
3  1.744850 -5.746450  97.1317
3  2.382070 -5.888520  98.3366
3  4.524640 -5.489510  97.2079
3  5.780590 -4.875520  97.2757
3 -4.251280 -3.424670  98.1356
3 -5.265720 -2.405860  98.1144
3 -3.615920 -3.925380  96.9943
3  7.240700 -3.251130  96.2594
3  7.553890 -2.655390  97.5015
3 -6.616270  0.052894  98.1187
3 -6.094930 -0.540517  96.9439
3 -5.574110 -1.818810  96.8759
3  8.213320 -0.553901  96.4008
3  8.087050 -1.327290  97.5525
3 -3.705140 -3.769610  99.3783
3 -2.422990 -4.393790  99.3817
3  0.142582 -5.619000  99.4630
3  1.522910 -5.944600  99.4406
3  3.799650 -5.787630  98.3693
3  4.371660 -5.574740  99.6387
3  6.242880 -4.416110  98.5456
3  5.546760 -4.863350  99.7013
3 -4.391480 -3.403190 100.5170
3  7.135370 -3.332210  98.6523
3  7.415130 -2.789990  99.8847
3 -6.452080 -0.682246  99.3109
3 -5.813370 -1.914060  99.2913
3  8.004320 -1.496280  99.9662
3  8.161850 -0.734545  98.8005
3 -3.842200 -3.837090 101.7310
3 -1.932160 -4.828320 100.5790
3 -2.640200 -4.510650 101.7200
3 -0.691755 -5.480340 100.5860
3 -0.056555 -5.740970 101.7930
3  2.138310 -5.998390 100.7020
3  1.310130 -5.987600 101.8370
3  3.538120 -5.853060 100.7360
3  4.173830 -5.659750 101.9740
3  6.002190 -4.443950 100.9390
3 -5.487360 -2.542700 100.4760
3 -5.998840 -2.084490 101.7140
3  6.819340 -3.325240 101.0160
3 -6.830360 -0.124459 100.5410
3 -6.653310 -0.846603 101.7390
3  8.097650 -0.881024 101.2240
3  4.710860 10.531600  93.2134
3  8.297150  1.309030  86.8378
3 -6.252950  3.913690  87.5421
3 -6.095210  2.523670  87.5419
3  8.470880  4.102170  86.9384
3 -6.094800  4.706230  86.3977
3  8.146400  5.446060  86.9756
3 -5.840710  6.086130  86.5030
3 -5.599890  6.644890  87.7893
3 -4.849860  7.813220  87.8629
3  7.185180  8.043480  87.0228
3 -4.451050  8.470290  86.6773
3 -3.448880  9.431920  86.7500
3 -2.950480  9.883840  87.9974
3  6.430110  9.192380  87.0424
3 -1.785310 10.666400  88.0772
3 -1.198670 11.024500  86.8458
3  0.157267 11.347100  86.8224
3  0.813181 11.586000  88.0053
3  2.181390 11.635300  88.0729
3  2.928270 11.345100  86.9291
3  4.284030 10.965500  86.9888
3 -6.032190  1.753680  88.7008
3 -5.610850  0.441941  88.6897
2 -1.580160  1.438910  89.7423
2  1.016370  1.044210  88.5892
2  2.426850  0.897759  88.8871
2  3.194810  2.035360  89.1813
2  4.181150  2.003430  90.2386
3  8.393680  1.942720  88.0442
3  8.327940  1.170750  89.1987
3 -6.317940  3.837050  89.9434
3 -6.100200  2.441510  89.9390
2 -0.898076  2.520390  89.1605
2 -0.912595  3.815910  89.8081
2  0.420262  2.315450  88.6042
2  1.215620  3.478270  88.9065
2  2.578920  3.339670  89.1870
2  3.194820  4.131130  90.2242
3  8.398970  3.351100  88.1365
3  8.207730  3.953010  89.4006
3 -6.149390  4.570510  88.8062
3 -5.910890  5.904730  88.9107
2  0.396236  4.411460  89.6356
3  7.779080  6.025950  88.2153
3  7.833750  5.283150  89.4101
3 -5.640490  6.531780  90.0895
3  7.369610  7.383200  88.2234
3  6.980020  7.945660  89.4430
3 -4.510320  8.378840  89.0552
3 -3.516740  9.343700  89.1462
3  5.892310  9.716760  88.2374
3  6.254370  9.130040  89.4953
3 -1.166220 11.022000  89.3145
3  0.084867 11.654900  89.1896
3  0.857015 12.068800  90.2304
3  3.008480 11.821600  89.2072
3  4.824610 10.624500  88.2419
3  4.181850 11.047100  89.4672
3 -6.027330  1.706260  91.1087
3 -5.692300  0.345784  91.0779
2 -2.097630  0.435113  91.7900
2 -2.282320  1.627790  90.9957
2  4.346190  0.836915  91.0040
3  8.310640  1.805150  90.4557
3  8.326590  1.053310  91.6320
2 -2.308000  2.884760  91.6253
2 -1.600610  3.992810  91.0188
2  4.186810  3.303250  90.8821
2  4.349530  3.397790  92.2727
3  8.051390  3.840390  91.8083
3  8.186870  3.200590  90.5574
3 -6.201570  4.468020  91.1939
3 -5.939320  5.832840  91.2557
2 -0.987816  4.768780  92.0747
2  0.983413  5.194400  90.6409
2  0.274225  5.362430  91.8921
2  2.397900  5.041040  90.9422
3  7.766810  5.229400  91.8875
3  7.674540  5.957820  90.6814
3 -5.031400  7.804010  90.1805
3  6.853570  7.904900  91.8814
3  7.204690  7.281310  90.6944
3 -4.580100  8.362000  91.3920
3 -2.944540  9.756220  90.4127
3 -3.635470  9.345730  91.5451
3  5.781250  9.645520  90.7142
3  6.177920  9.126070  91.9125
3 -1.732370 10.453300  90.4811
3 -1.117330 10.476700  91.7758
3  0.227867 10.718600  92.0134
3  1.369410 11.305600  91.2887
3  4.026710 10.791700  91.9734
3  2.621480 11.099200  92.0479
3  4.666780 10.565000  90.7177
3 -5.925360  1.661240  93.5290
3 -5.742930  0.287148  93.4739
2 -1.941410  0.516339  93.1817
2 -1.954110  1.811700  93.8258
2  4.509770  0.931273  92.4383
2  4.524200  2.193360  93.0595
3  8.345360  1.702070  92.8995
3  8.267450  0.932351  94.0524
3 -6.060670  3.782460  92.4181
3 -6.043130  2.404090  92.3509
2 -2.129380  2.976720  93.0608
2 -1.316830  4.142900  93.3365
3  8.069460  3.080050  93.0055
3  7.923670  3.713970  94.2425
3 -6.128250  4.420300  93.6527
3 -5.983660  5.786970  93.6924
2  0.927960  4.719260  94.1849
2  1.247370  5.322700  92.9599
2  2.554980  5.116070  92.3772
2  3.512900  4.312390  93.0219
3  7.472550  5.824720  93.0741
3 -5.724860  6.455950  92.4671
3 -5.062370  7.687480  92.5749
3  7.053600  7.202170  93.0993
3 -4.785050  8.250470  93.8731
3 -3.930820  9.351760  94.0087
3 -3.232600  9.763040  92.8213
3  5.797020  9.604550  93.1617
3 -1.949560 10.332600  92.9345
3 -1.413130 10.638300  94.2766
3  0.733482 10.751300  93.3509
3  2.090920 10.973800  93.3757
3 -6.372100  1.578080  95.8681
3 -6.115420  0.220809  95.8088
2 -0.977837  1.785990  94.8937
2 -0.348091  0.485073  94.8921
2  1.819080  1.499990  95.4306
2  1.019680  0.338172  95.1558
2  3.137980  1.281720  94.8863
3  8.127840  1.562950  95.2822
3 -6.301960  3.725260  94.8129
3 -6.131350  2.334740  94.7175
2 -0.195901  2.918600  95.1623
2 -0.376434  4.124530  94.3830
2  1.216710  2.764660  95.4296
2  1.908160  3.879480  94.8334
3  7.963570  2.936860  95.4020
3 -6.567780  4.416160  95.9941
3 -6.365090  5.788290  96.0760
3  7.493220  5.738000  95.5548
3 -5.918090  6.428940  94.9337
3 -5.305680  7.670760  95.0398
3  7.205300  7.116720  95.5444
3  6.881400  7.815790  94.3831
3 -5.047690  8.161350  96.3298
3 -3.433140  9.697470  95.3082
3  5.936170  9.684910  95.6335
3  4.819780 10.564200  95.7121
3  6.273320  9.107080  94.4099
3 -2.172960 10.301300  95.4200
3 -0.054606 10.801100  94.4655
3  0.630281 10.884700  95.6750
3  2.003200 11.031900  95.7178
3  4.178020 10.872000  94.4844
3  2.763700 11.093400  94.5464
3 -7.019690  1.417910  98.1850
3  8.200760  0.817089  96.4734
3  8.297940  1.441670  97.7319
3 -6.859250  2.211600  97.0016
3 -6.833370  3.627320  97.1104
3  7.923400  3.545120  96.6585
3  8.075210  2.801170  97.8439
3 -6.896900  4.250000  98.3926
3  7.769190  4.940830  96.6736
3  7.769160  5.619140  97.9004
3 -6.315110  6.373340  97.3539
3 -5.544830  7.500350  97.4674
3  7.042730  7.710480  96.7853
3  7.338010  6.978390  97.9444
3 -4.055800  9.106860  96.4432
3 -3.468850  9.388590  97.6904
3  6.328720  8.997890  96.8630
3  4.647480 10.276700  98.1454
3  5.769710  9.397830  98.1107
3 -2.250720 10.056200  97.7971
3 -1.534610 10.390700  96.6434
3 -0.157250 10.651200  96.8027
3  0.454325 10.730800  98.0170
3  1.861400 10.849900  98.0728
3  4.054900 10.708500  96.9261
3  2.656200 10.963700  96.9325
3 -7.181570  2.039680  99.4419
3  8.248480  0.675750  98.9054
3  8.317810  1.276570 100.1940
3 -7.196890  3.473810  99.5470
3  8.079560  3.445510  99.0815
3  8.262410  2.669610 100.2220
3 -6.668750  5.638920  98.5250
3  7.953460  4.880430  99.0995
3  7.744630  5.485030 100.3710
3 -6.429810  6.187550  99.7829
3 -5.651450  7.345170  99.8782
3  6.911080  7.468280  99.2220
3 -5.114010  7.909070  98.7137
3 -4.059160  8.819460  98.7966
3 -3.625430  9.136170 100.0860
3 -2.407000  9.886240 100.2420
3  6.146090  8.665660  99.3006
3 -1.669550 10.244500  99.0768
3 -0.304689 10.591400  99.1932
3  0.320077 10.694300 100.4440
3  3.874540 10.331300  99.3656
3  2.484330 10.651000  99.3372
3 -7.022660  1.271900 100.5930
3 -6.983480  1.943440 101.8630
3  8.267960  0.477978 101.3620
3 -7.016290  3.328290 101.9690
3  8.229400  3.310630 101.4740
3 -7.104700  4.125220 100.8510
3 -6.759420  5.496910 100.9650
3  7.908320  4.691350 101.5380
3 -5.312590  7.874550 101.1310
3  7.156690  6.745360 100.3940
3  6.809290  7.273070 101.6460
3 -4.328530  8.831920 101.2440
3  3.705920 10.089400 101.7830
3  4.431290  9.868530 100.5760
3  5.594440  9.069640 100.5740
3  5.943690  8.419560 101.7760
3 -1.857760 10.125500 101.4860
3 -0.497281 10.433100 101.5660
3  1.731780 10.664100 100.4900
3  2.327130 10.396800 101.7350
2  3.806460  2.369640  94.3013
2  3.175930  3.671910  94.2720
3  7.611590  5.071640  94.2843