288

3 -5.271540 -6.497740 -5.276260
3 -2.868470 -7.655320 -5.190420
3 -1.461740 -7.683130 -5.199270
3  1.153270 -7.031050 -5.219720
3  2.472170 -6.520780 -5.235880
3 -6.433100 -5.619370 -5.220460
3  4.786350 -5.092830 -5.300450
3  5.876360 -4.172920 -5.329850
3 -8.040570 -3.508240 -5.110770
3 -8.470670 -2.140030 -5.091740
1 -0.671421  0.082273 -5.633920
1  0.435534 -0.803935 -5.234860
1  1.632180 -0.165525 -4.821590
1  2.915600 -0.624870 -5.206860
3  7.364730 -1.983150 -5.269880
3  7.981770 -0.690124 -5.262890
3 -4.781030 -6.894990 -3.981350
3 -5.273310 -6.569890 -2.527320
3 -2.845790 -7.564050 -2.591420
3 -3.442710 -7.357150 -3.915590
3 -0.778581 -7.588210 -3.867360
3 -1.418850 -7.589610 -2.569790
3  0.570500 -7.194610 -3.878450
3  1.203390 -6.998800 -2.558180
3  2.556170 -6.490160 -2.595850
3  3.024300 -6.128210 -3.917690
3 -6.846620 -5.242100 -3.871480
3 -6.432700 -5.689660 -2.528500
3  4.312200 -5.427930 -3.956020
3  4.832790 -5.083740 -2.599070
3  5.821250 -4.106260 -2.580910
3 -7.958480 -3.493740 -2.503950
3 -7.616850 -4.052730 -3.814400
3  6.246190 -3.684370 -3.961000
3  7.159700 -2.548970 -3.952270
3 -8.524770 -1.477400 -3.789470
3 -8.404100 -2.133280 -2.459710
3  7.538870 -2.049010 -2.631540
3  8.054370 -0.700681 -2.625050
3  8.200870 -0.101167 -3.900180
3 -4.798360 -6.995080 -1.207880
3 -3.449960 -7.378550 -1.242400
3 -0.793703 -7.499590 -1.242350
3  0.560458 -7.218520 -1.194640
3  3.092510 -6.210450 -1.238250
3 -6.790620 -5.183920 -1.130120
3  4.338300 -5.494340 -1.263490
3 -7.625430 -4.062150 -1.118180
3  6.325720 -3.705440 -1.259450
3  7.141240 -2.557160 -1.324200
3 -8.401920 -1.480530 -1.135090
2 -0.602820 -0.642019 -0.565433
2  1.020970 -2.251780 -0.089874
2  1.524900 -1.246510 -0.991593
2  2.930880 -0.775821 -0.785910
3  8.156030 -0.118794 -1.286000
3 -5.274790 -6.569270  0.150851
3 -4.765930 -6.829910  1.505840
3 -2.871250 -7.431410  0.171007
3 -3.429090 -7.321420  1.496540
3 -1.403630 -7.515020  0.113952
3 -0.778554 -7.551700  1.449380
3  1.168710 -7.066170  0.101430
3  0.616895 -7.361430  1.461380
3  2.489940 -6.587290  0.092692
3  3.087200 -6.331920  1.436120
3 -6.289260 -5.602420  0.140281
3 -6.741430 -5.176290  1.517780
3  4.308560 -5.531630  1.430750
3  4.827970 -5.187790  0.085142
3  5.933370 -4.244490  0.071976
3 -8.255040 -2.073550  0.212176
3 -7.820720 -3.431520  0.172741
3 -7.583080 -4.013370  1.553280
2  1.810770 -2.852130  0.921599
2  3.198270 -2.358380  1.130070
3  6.380520 -3.784550  1.370150
3  7.051350 -2.601370  1.360460
3  7.383070 -2.003670 -0.020255
3 -8.272380 -1.442100  1.563310
3 -8.158650  0.017950  1.529680
2 -0.367063 -1.898980  0.117474
2 -0.933213 -2.037430  1.399670
2  3.736710 -1.320310  0.242138
3  7.903600 -0.684790  0.025950
3  7.993880 -0.074065  1.384040
3 -5.257150 -6.525330  2.877740
3 -2.826790 -7.451000  2.811350
3 -1.417950 -7.681280  2.784120
3  1.260880 -7.167880  2.777470
3  0.651882 -7.444470  4.115300
3  2.600000 -6.694530  2.793560
3  3.084900 -6.369020  4.146290
3 -6.294180 -5.540070  2.869750
3  4.834600 -5.216710  2.729010
3  5.907490 -4.218790  2.694670
3  4.288020 -5.597010  4.091910
3 -8.218820 -2.045150  2.860860
3 -7.782040 -3.407000  2.862350
2 -0.147734 -2.517850  2.458930
2  1.182560 -3.012320  2.197640
2  2.173500 -2.636990  3.233870
2  3.389150 -2.174330  2.550970
3  7.372440 -2.032870  2.723580
3  6.237810 -3.714880  4.042490
3  7.042740 -2.591320  4.066420
2 -1.822600 -1.051930  1.974210
2 -0.639781 -1.972760  3.699560
2 -1.584540 -0.970063  3.400070
2  4.172740 -1.145000  3.155390
3  7.867480 -0.725706  2.707880
3 -4.771410 -6.876800  4.117980
3 -5.276410 -6.542020  5.440290
3 -2.850030 -7.561440  5.463930
3 -3.448220 -7.391690  4.144310
3 -0.778073 -7.718740  4.131100
3 -1.410490 -7.739140  5.505450
3  1.248350 -7.329160  5.458720
3  2.526330 -6.734800  5.447980
3 -6.796030 -5.177360  4.204090
3 -6.253210 -5.512860  5.479030
3  4.705180 -5.138120  5.359530
3  5.791540 -4.199990  5.353460
3 -8.252990 -2.039690  5.489490
3 -7.850190 -3.409470  5.485790
3 -7.524160 -3.970610  4.207300
3  7.457960 -2.111780  5.374250
3 -8.324060 -1.399530  4.138640
3 -8.294670  0.031400  4.184720
2  1.786790 -1.958960  4.365670
2  0.338952 -1.742530  4.713610
2  0.327614 -0.391083  5.401310
2  1.713490  0.116353  5.530670
2  2.587780 -0.896155  4.932560
2  3.800250 -0.486307  4.381140
3  8.040990 -0.803856  5.374190
3  8.147790 -0.156272  4.074990
3 -8.271150  0.567388 -5.099630
1 -0.638546  1.472540 -5.496220
1  0.521383  2.151310 -4.971660
1  1.652790  1.310480 -4.712650
1  3.013200  1.702790 -5.004320
1  3.773430  0.546754 -5.338320
3 -7.653740  1.858610 -5.117300
1  0.675740  3.413800 -5.682180
1  2.002390  3.774880 -6.029010
1  3.191140  2.950010 -5.674210
3  8.330900  1.942850 -5.278930
3  7.904190  3.320510 -5.242730
3 -6.100790  4.057340 -5.130810
3 -5.006740  4.986370 -5.126980
3  6.211200  5.557750 -5.240080
3 -2.798060  6.606130 -5.117330
3 -1.468040  7.069310 -5.104940
3  1.131680  7.682620 -5.119740
3  2.494790  7.321750 -5.093230
3  5.011560  6.374380 -5.192480
3 -8.317750  0.565110 -2.443610
3 -8.419750 -0.049266 -3.791050
3 -7.656100  1.845430 -2.449670
3  8.359500  1.343550 -3.907860
3  8.352880  2.024140 -2.575850
3 -7.372720  2.441780 -3.750820
3 -6.506190  3.583710 -3.782840
3  7.878450  3.361360 -2.542680
3  7.629540  3.969240 -3.870540
3 -6.147880  4.097020 -2.474670
3 -5.118200  5.098970 -2.462720
3 -4.591140  5.416870 -3.821290
3  6.146940  5.396070 -2.613060
3  6.650760  5.035930 -3.878900
3 -3.358270  6.187880 -3.819130
3 -2.751310  6.424230 -2.469520
3 -1.446890  6.968070 -2.471960
3 -0.813745  7.130400 -3.830140
3  0.504690  7.594640 -3.807900
3  1.178290  7.638190 -2.542070
3  3.216090  7.283460 -3.834880
3  2.603170  7.514460 -2.532190
3  5.039510  6.339100 -2.574670
3  4.481070  6.716210 -3.866850
3 -8.343730 -0.066125 -1.120520
2  0.550492 -0.263029 -1.297180
2  0.872879  1.092670 -1.416810
2  3.216890  0.607092 -0.900024
2  2.242690  1.555160 -1.236820
3  8.332880  1.301370 -1.315130
3 -7.326820  2.445050 -1.151380
3 -6.504820  3.588040 -1.139980
2 -0.003853  2.131100 -0.915881
2  0.820471  3.215280 -0.380700
2  2.190710  2.859270 -0.556627
3  7.532940  3.838200 -1.210480
3 -4.574380  5.515590 -1.156760
3  6.681210  4.948570 -1.203790
3 -3.299410  6.170560 -1.198270
3 -0.873534  7.321010 -1.200960
3  0.555177  7.643470 -1.205520
3  3.285950  7.272550 -1.187340
3  4.544540  6.605030 -1.251680
3 -8.193880  0.625226  0.183615
3 -7.634690  1.944440  0.165580
2 -2.068240  0.171972  1.245990
2 -1.433320  0.328438 -0.023450
2 -1.113520  1.757770 -0.159638
2  4.480610 -0.257880  0.876464
2  4.137600  0.946217  0.136464
3  8.385740  1.933240  0.047440
3  8.310500  1.282170  1.405570
3 -7.298870  2.475900  1.483260
3 -6.423050  3.609500  1.494280
2 -1.623750  2.454460  1.034920
2 -0.855951  3.525360  1.548000
2  0.385773  3.782000  0.891228
2  3.051330  3.159880  0.482080
2  2.692800  3.769910  1.691920
2  4.052130  2.188750  0.804751
3  7.841410  3.241030  0.075279
3  7.425160  3.805990  1.416920
3 -6.095520  4.106180  0.171856
3 -5.049680  5.082620  0.168513
3 -4.510040  5.448950  1.527670
3  6.207180  5.435560  0.132016
3  6.554360  4.937610  1.460090
3 -2.708270  6.492330  0.157582
3 -3.272830  6.169460  1.519220
3 -1.422000  7.040690  0.154027
3 -0.867551  7.336360  1.479920
3  1.204110  7.522420  0.113066
3  0.536259  7.521930  1.445680
3  2.625460  7.312160  0.124640
3  3.211370  7.140210  1.417210
3  5.149560  6.336770  0.151417
3  4.537060  6.606710  1.446850
3 -8.089560  0.659140  2.853510
3 -7.557920  1.969140  2.832840
2 -2.124700  1.442540  1.939220
2 -1.896960  1.452790  3.314970
2  4.655200 -0.206310  2.263510
2  4.603590  1.075790  2.909370
3  8.220790  1.915910  2.758690
2 -0.612344  3.522350  2.990470
2  0.729946  4.067770  3.202900
2  3.445300  3.279500  2.766250
2  4.364810  2.266470  2.223990
3  7.746680  3.275240  2.761860
3 -6.044290  4.118020  2.853510
3 -5.002770  5.122320  2.887230
2  1.352590  4.215130  1.881140
3  6.081110  5.376600  2.863300
3 -2.729510  6.438820  2.795690
3 -1.421300  7.021740  2.810990
3  1.198120  7.492330  2.781260
3  2.635250  7.379990  2.779170
3  5.019480  6.284110  2.846590
3 -8.071480  0.624399  5.497490
3 -7.471370  1.975660  5.505710
2 -0.359882  1.965280  4.975760
2 -0.666135  0.537602  5.063460
2 -1.700600  0.251948  4.090970
2  2.006320  1.474820  5.422500
2  3.153890  1.901400  4.644400
2  4.049110  0.932403  4.255030
3  8.213720  1.905850  5.410870
3  8.325840  1.272820  4.096440
3 -7.371550  2.578040  4.173850
3 -6.582380  3.757220  4.188010
2 -1.061670  2.471580  3.832440
2  0.954775  2.416100  5.108120
2  1.510740  3.504200  4.254810
2  2.866010  3.132200  3.982660
3  7.831200  3.306220  5.430330
3  7.523130  3.818740  4.082730
3 -6.217220  4.293080  5.517580
3 -5.098300  5.157980  5.483150
3 -4.498950  5.481330  4.202730
3  6.616280  4.901810  4.085220
3  6.190530  5.411260  5.432950
3 -3.278170  6.212740  4.176220
3 -2.736330  6.543320  5.487230
3 -0.861051  7.168290  4.156760
3 -1.406450  7.099500  5.470320
3  0.533606  7.475040  4.128460
3  1.185120  7.582750  5.480920
3  3.175120  7.169470  4.142550
3  2.604500  7.361600  5.498810
3  4.476560  6.601540  4.163190
3  5.019780  6.196020  5.441790