306

3  0.073715 -8.312640 12.5145
3 -3.798620 -7.371110 12.4710
3 -2.506360 -8.065900 12.4915
3  1.482000 -8.060320 12.5183
3  3.928020 -7.026860 12.4930
3 -6.320660 -4.269230 12.4555
3 -5.716330 -5.585000 12.5003
3  4.965140 -6.017400 12.4834
1 -1.155070 -2.872580 12.5363
3  6.086350 -3.538530 12.4628
3  6.567660 -2.171280 12.4603
3 -7.091460 -0.220664 12.4580
3 -6.909960 -1.659090 12.4778
1 -0.545016 -1.621090 12.2177
1 -1.161950 -0.350508 12.3498
1  0.895145 -1.396140 12.3814
1  1.076900 -0.004461 12.6865
3 -0.509119 -8.390330 14.0537
3 -4.254490 -6.993260 14.0267
3 -1.934160 -8.319610 14.0853
3  1.963240 -7.721590 14.0723
3  3.409810 -7.297740 14.0949
3 -5.291340 -5.938260 14.0576
1 -1.025060 -4.391790 14.3278
3  5.425560 -5.556640 14.0222
3  5.864430 -4.133160 14.0360
3 -6.606620 -3.677200 13.9682
3 -6.928150 -2.206220 13.9950
1 -2.345490 -3.776400 14.3882
1 -2.445580 -2.886590 13.2330
1 -0.302540 -3.794480 13.2538
1  1.090920 -3.618610 13.4829
1  1.670030 -2.386600 12.9813
1  1.709300 -3.984210 14.7476
1 -2.415880 -0.349148 13.0112
1 -3.672470 -1.363660 14.6869
1 -3.064140 -1.612460 13.4239
1  2.650340 -1.973860 13.9597
1  2.926890 -0.597186 14.2558
3  6.794600 -1.581760 14.0158
3  6.915310 -0.108211 14.0163
3  0.042268 -8.296810 15.6455
3 -3.802570 -7.271280 15.6173
3 -2.572020 -8.040120 15.6414
3  1.410030 -7.997820 15.6454
3  3.942980 -6.997470 15.6162
3 -6.425810 -4.231590 15.5755
3 -5.633570 -5.460320 15.6315
1 -0.457146 -4.744620 15.5798
1 -1.090800 -4.455770 16.8084
1  0.974670 -4.594900 15.7786
3  5.074210 -6.075580 15.5944
1 -2.995820 -3.516670 15.6052
1 -3.662960 -2.263210 15.8080
1 -2.350210 -3.889710 16.8450
1  2.985270 -2.528430 16.3190
1  2.634280 -2.924290 15.0405
3  6.093560 -3.597130 15.6059
3  6.636480 -2.188200 15.5609
3 -6.986950 -0.194700 15.6645
3 -6.983770 -1.621470 15.6014
1  3.160570 -1.136210 16.6415
1  3.189150 -0.136587 15.6522
3 -1.962840 -8.166590 17.1937
3 -0.538114 -8.306130 17.2471
3  0.042803 -8.252800 18.8231
3 -4.161180 -6.835420 17.2244
3 -3.777150 -7.153620 18.7929
3 -2.542450 -8.030160 18.7882
3  1.418940 -7.821380 18.7696
3  2.005120 -7.689470 17.2115
3  3.383490 -7.157600 17.1938
3  3.916660 -6.920270 18.7839
3 -6.473150 -4.179610 18.7419
3 -5.250860 -5.850540 17.2279
3 -5.623960 -5.411160 18.7812
1 -0.105926 -4.104280 17.7520
1  1.217190 -4.093240 17.1125
3  5.920970 -4.173930 17.1683
3  5.408000 -5.528240 17.1660
3  5.114240 -6.011970 18.7430
3 -6.773820 -3.691400 17.1282
3 -6.988610 -2.222450 17.1949
1 -2.597640 -2.861210 17.8242
1 -1.677360 -2.450600 18.7813
1 -0.379501 -3.098700 18.7375
1  1.891810 -2.059020 18.3642
1  2.248080 -3.123750 17.4312
3  6.217290 -3.591660 18.6946
3  6.598070 -2.241560 18.7276
3 -7.082110 -0.204160 18.8026
3 -6.991190 -1.691610 18.7586
1 -2.272910 -0.039058 18.4175
1 -3.476160 -1.854240 17.2003
1 -3.303400 -0.493113 17.4677
1 -1.461510 -1.036000 19.0846
1  2.552040 -0.818363 17.9473
3  6.762970 -1.601330 17.1375
3  6.860310 -0.151557 17.1413
3 -0.584482 -8.328660 20.3939
3 -4.270040 -6.915640 20.4090
3 -2.016900 -8.190950 20.4156
3  2.039290 -7.774700 20.3285
3  3.431620 -7.213910 20.3440
3 -5.309660 -5.840440 20.3644
3  5.970460 -4.086340 20.2819
3  5.438840 -5.495350 20.3132
3 -6.732980 -3.680880 20.3464
3 -6.892200 -2.193670 20.3887
1  0.583531 -2.043630 18.9525
1 -0.054886 -0.848025 19.1651
3  6.800690 -1.660690 20.2700
3  6.815940 -0.152984 20.3217
3  0.028396 -8.152150 21.9386
3 -3.862720 -7.331900 21.9796
3 -2.566480 -8.016080 21.9478
3  1.447000 -7.887500 21.9285
3  3.959790 -6.915120 21.9063
3 -6.481290 -4.224290 21.9348
3 -5.677980 -5.430430 21.9914
3  5.077700 -5.979610 21.8768
3  6.186970 -3.585990 21.8662
3  6.599210 -2.167450 21.8387
3 -7.081610 -1.729800 21.9540
3 -7.023600 -0.252708 21.9854
2 -1.767400 -1.656880 22.9617
2 -0.571716 -1.028850 22.5267
2  0.640143 -1.738530 22.5789
3 -0.518588 -8.174450 23.4995
3 -4.249610 -6.845740 23.5541
3 -2.031530 -8.111030 23.5220
3  2.069430 -7.724290 23.4623
3  3.407300 -7.154150 23.4486
3 -5.312260 -5.897870 23.5866
2 -0.639465 -4.477510 24.7103
3  5.406530 -5.479920 23.4353
3  5.968850 -4.171300 23.4412
3 -6.706910 -3.725190 23.5515
3 -6.947240 -2.327110 23.5346
2 -2.649470 -3.291630 24.5177
2 -0.547832 -3.718960 23.5156
2 -1.732320 -2.931390 23.4567
2  0.672391 -3.068080 23.1756
2  1.877670 -3.253500 23.9347
2 -2.637010 -0.704383 23.5568
2 -3.451300 -1.007810 24.6409
2  1.821460 -1.015710 23.1255
2  2.594110 -1.945580 23.9347
3  6.649130 -1.614640 23.4085
3  6.824930 -0.150559 23.4516
3  0.054139 -8.117520 25.0198
3 -2.586570 -8.052260 25.1346
3 -3.834790 -7.327390 25.1178
3  1.506410 -7.842280 25.0140
3  3.924010 -6.808000 25.0086
3 -6.423510 -4.263870 25.1259
3 -5.717800 -5.525640 25.1275
2 -1.919340 -4.251180 25.3671
2  0.485103 -4.657910 25.4869
3  5.054380 -5.888750 25.0272
2 -3.472010 -2.332770 25.1546
2  1.757150 -3.997980 25.0785
3  6.182720 -3.602820 24.9927
3  6.607250 -2.228580 25.0200
3 -6.941640 -1.696870 25.0917
3 -6.962830 -0.204804 25.1343
2 -3.720260 -0.071206 25.7193
2  3.181730 -1.505830 25.1592
2  3.119960 -0.058099 25.5070
1 -0.186815  0.670370 12.6261
3  6.771760  1.838900 12.4762
3  6.928030  0.410701 12.4752
3 -6.468570  2.352300 12.4782
3 -6.010650  3.703180 12.4591
3 -4.864430  6.143870 12.4534
3  5.621560  5.750830 12.4872
3  6.330330  4.518420 12.5121
3 -3.816790  7.096780 12.5054
3  3.711030  7.631090 12.4214
3  2.478210  8.352370 12.4185
3 -1.601640  8.401750 12.3631
3 -0.162126  8.601690 12.3612
3 -6.968270  0.322136 14.0252
3 -6.674770  1.767560 14.0341
1 -2.691970  0.666015 14.0204
1 -1.755580  1.645270 14.2728
1 -0.474622  1.633700 13.6066
1  0.520590  1.984320 14.5725
1  1.806920  1.412060 14.5521
1  2.082270  0.363110 13.5974
3  6.449690  3.904280 14.0085
3  6.705020  2.475090 14.0268
3 -5.887370  4.354080 14.0250
3 -5.241540  5.670500 14.0064
3 -3.371030  7.521180 14.0181
3 -2.131320  8.261200 13.9845
3  5.195540  6.214550 14.0347
3  4.109020  7.184120 13.9946
3  0.416522  8.754520 13.9169
3  1.862460  8.598550 13.9627
1 -2.369950  1.522720 16.6593
1 -3.485360  0.025834 15.0477
1 -3.338880  0.450161 16.3736
1 -1.596520  2.085030 15.6374
1  2.468310  1.145370 15.8034
3  6.839270  0.432821 15.5773
3  6.767490  1.901070 15.5669
3 -6.516660  2.369030 15.6083
3 -6.062820  3.765980 15.6055
1 -0.132334  2.385620 15.7840
3 -4.941120  6.162320 15.5974
3  5.464110  5.718140 15.6147
3  6.291850  4.520570 15.6061
3 -3.864680  7.177310 15.5917
3  3.677670  7.558610 15.5910
3 -1.617770  8.408610 15.5126
3 -0.169822  8.619620 15.5010
3  2.407750  8.292200 15.5190
3 -7.074630  0.426394 17.2477
3 -6.700190  1.833840 17.2076
1 -1.686990  1.166570 17.8897
1 -0.277857  1.377300 18.0389
1  1.779390  1.325760 16.9780
1  0.497624  1.969010 16.9725
1  0.554240  0.375309 18.7215
1  1.818450  0.387440 18.0736
3  6.868780  0.438792 18.7546
3  6.749310  1.900450 18.7767
3 -6.574560  2.367710 18.8122
3 -6.129670  3.787190 18.7933
3  6.702890  2.490590 17.1630
3  6.409540  3.901600 17.1562
3 -5.916220  4.320930 17.1983
3 -4.938080  6.139530 18.7259
3 -5.297540  5.652650 17.1937
3  5.572760  5.825040 18.7271
3  5.242220  6.281000 17.1496
3  6.224850  4.516480 18.6993
3 -2.204340  8.272270 17.1284
3 -3.897930  7.106770 18.7781
3 -3.462660  7.525560 17.2010
3  3.707820  7.703060 18.7180
3  4.176680  7.310210 17.1871
3 -1.653370  8.440260 18.6938
3 -0.223405  8.658730 18.7293
3  1.820880  8.501550 17.0635
3  0.364865  8.656400 17.1138
3  2.429390  8.401160 18.6589
3 -7.051910  0.374726 20.4160
3 -6.709040  1.781280 20.3843
3  6.798040  2.508520 20.3198
3  6.427280  3.932410 20.3217
3 -5.922250  4.370920 20.3714
3 -5.328790  5.734820 20.3561
3 -3.391020  7.451480 20.3180
3  5.095470  6.170540 20.3097
3  4.134860  7.337100 20.3040
3 -2.107290  8.074960 20.2301
3  0.340409  8.638410 20.2867
3  1.803770  8.550790 20.2616
2 -0.679834  0.356800 22.9451
3  6.796320  1.929880 21.9151
3  6.815140  0.475834 21.9130
3 -6.471720  2.362720 21.9572
3 -6.191260  3.794160 21.9316
3  5.487860  5.671370 21.8966
3  6.261930  4.410730 21.8096
3 -4.961000  6.158190 21.9182
3 -3.868310  7.117320 21.9206
3  3.707330  7.708410 21.8583
3 -1.579300  8.304090 21.8346
3 -0.167914  8.589680 21.8762
3  2.454530  8.422470 21.8360
3 -6.976850  0.349531 23.5425
3 -6.562540  1.791420 23.5103
2 -2.189220  1.525930 24.5363
2 -2.006030  0.567107 23.4645
2  0.470838  0.980520 23.4605
2  1.730910  0.317975 23.5203
2  0.335598  1.886260 24.5482
2  2.406650  0.825375 24.6972
3  6.462710  3.879360 23.4106
3  6.839910  2.489360 23.3894
3 -5.951880  4.334520 23.5275
3 -5.269660  5.701680 23.5290
3 -3.335540  7.380530 23.5027
3  4.111360  7.232980 23.4446
3  5.039860  6.106590 23.4495
3 -2.079660  8.132560 23.4402
3  0.425579  8.542960 23.4160
3  1.866500  8.515550 23.4125
2 -3.042490  1.202570 25.6572
2  1.526390  1.799180 25.3505
3  6.865190  1.860570 24.9757
3  6.870480  0.406859 24.9799
3 -6.574550  2.430330 25.0896
3 -6.072970  3.784190 25.0761
2 -0.941756  2.050990 25.0891
3  5.466470  5.630700 25.0077
3  6.197680  4.347460 25.0212
3 -4.870710  6.005040 25.0753
3 -3.824190  7.001570 25.0956
3  3.757510  7.630410 25.0644
3 -1.580290  8.385940 25.0195
3 -0.159894  8.606100 25.0126
3  2.390380  8.312500 25.0330