216

3 -0.338737 -8.546400  99.1502
3 -1.830170 -8.406030  99.1992
3 -4.182760 -7.205370  99.1180
3  2.236240 -7.941620  99.1937
3  3.492150 -7.150990  99.2130
3 -5.103490 -6.012130  99.1418
3  5.421720 -5.417660  99.1922
3  6.209770 -4.204560  99.1552
3 -6.357420 -3.775550  99.1989
3 -6.777170 -2.376940  99.1851
3  6.917060 -1.702990  99.1422
3  6.924860 -0.248678  99.1267
3 -2.381340 -8.119350 100.7480
3  0.202265 -8.525650 100.7510
3  1.672710 -8.283680 100.7700
3 -3.689470 -7.556200 100.7430
3  4.044820 -6.849360 100.7680
3 -6.212830 -4.339460 100.7860
3 -5.526580 -5.584800 100.7250
3  5.124350 -5.885490 100.7840
3  6.471110 -3.620980 100.7160
3  6.761850 -2.164230 100.7700
3 -6.696960 -1.748320 100.7510
3 -6.768360 -0.278286 100.7720
3 -0.397547 -8.604610 102.2940
3 -1.836250 -8.291960 102.3250
3 -4.159690 -7.207640 102.2910
3  2.211330 -8.001560 102.3620
3  3.473700 -7.235610 102.3240
3 -5.101150 -6.086280 102.2840
3  5.408850 -5.393880 102.3400
3  6.127210 -4.173030 102.2920
3 -6.366200 -3.759070 102.3350
3 -6.536210 -2.345350 102.3340
3  6.915370 -1.625630 102.3280
3  6.985750 -0.132532 102.3220
3 -2.377030 -8.067250 103.8590
3 -0.363559 -8.505140 105.4570
3 -1.823790 -8.252580 105.4200
3  0.210941 -8.564490 103.8870
3  1.622050 -8.206900 103.9430
3 -4.221920 -7.183480 105.5050
3 -3.766430 -7.524270 103.9020
3  3.905080 -6.842460 103.9250
3  2.190320 -8.017180 105.4890
3  3.511090 -7.288060 105.4810
3 -6.225000 -4.298670 103.8540
3 -5.476020 -5.619040 103.8990
3 -5.313220 -6.157430 105.4830
3  4.991900 -5.907350 103.9200
3  5.345820 -5.467530 105.5100
3  6.067010 -4.181820 105.4990
3 -6.467350 -3.807610 105.4410
3 -6.603690 -2.375610 105.4250
3  6.213580 -3.580390 103.8900
3  6.672150 -2.152270 103.9300
3 -6.629630 -1.703230 103.9340
3 -6.747270 -0.225561 103.9330
3  7.074050 -0.204976 105.5410
3  6.809320 -1.642600 105.5520
3  0.223527 -8.510550 107.0300
3  1.627050 -8.186680 107.0310
3 -3.676920 -7.441840 107.0630
3 -2.368450 -8.140590 107.0460
3  3.964190 -6.905150 107.0770
3 -6.302250 -4.377900 107.0410
3 -5.614930 -5.657150 107.0450
3  5.049760 -5.966020 107.0550
3  6.290070 -3.619190 107.0600
3  6.655890 -2.167770 107.0590
3 -6.598830 -0.271746 107.0830
3 -6.594160 -1.752210 107.0190
3 -0.332824 -8.471550 108.6410
3 -1.812580 -8.175140 108.6670
3 -4.162690 -7.061370 108.6530
3  2.155990 -7.903300 108.6640
3  3.467780 -7.233860 108.6320
3 -5.324490 -6.144460 108.6600
3  5.370740 -5.559400 108.6710
3  5.914430 -4.166750 108.6190
3 -6.473240 -3.774210 108.6290
3 -6.559220 -2.290840 108.6310
3  6.885160 -1.607800 108.6720
3  7.061220 -0.133051 108.6720
3  0.249552 -8.637980 110.2710
3 -3.730580 -7.413620 110.2280
3 -2.375360 -7.971310 110.2330
3  1.690260 -8.245080 110.2550
3  3.866680 -6.961740 110.2290
3 -6.405540 -4.338850 110.2400
3 -5.668140 -5.645490 110.2400
3  5.113580 -6.131150 110.2040
3  6.259480 -3.637680 110.2140
3  6.750430 -2.248640 110.2510
3 -6.766910 -0.284461 110.2230
3 -6.716290 -1.782080 110.2440
3 -0.364877 -8.502500 111.8240
3 -1.797490 -8.118740 111.7460
3 -4.180760 -7.073990 111.8480
3 -5.195390 -6.062010 111.8370
3  2.206850 -8.039670 111.7630
3  3.432350 -7.196070 111.8250
3  5.487540 -5.558140 111.7770
3  6.029260 -4.221830 111.7540
3 -6.483470 -3.773730 111.8430
3 -6.524960 -2.280310 111.8780
3  7.106270 -0.254156 111.7820
3  6.800690 -1.654420 111.8000
3 -6.784370  0.295588  99.1548
3 -6.622320  1.704830  99.1817
3  6.223000  3.739640  99.1664
3  6.780350  2.388170  99.1277
3 -5.937540  4.301100  99.1863
3 -5.242850  5.560160  99.2039
3  5.024510  6.056800  99.1472
3 -3.535170  7.453450  99.2235
3  4.121980  7.292750  99.1512
3 -2.270540  8.292970  99.2407
3  0.363576  8.615450  99.2229
3  1.759930  8.414040  99.1817
3  6.905750  0.345576 100.7130
3  6.748420  1.815920 100.7070
3 -6.445240  2.319850 100.7190
3 -6.158530  3.762040 100.7410
3  5.393260  5.596040 100.7300
3  6.078860  4.264500 100.6980
3 -4.965950  6.045620 100.8030
3 -4.042690  7.120580 100.8230
3  3.653130  7.607240 100.7580
3 -1.693750  8.393720 100.8200
3 -0.236597  8.671030 100.8000
3  2.353930  8.179310 100.7570
3 -6.640460  0.263630 102.3170
3 -6.497180  1.680030 102.3040
3  6.348720  3.780030 102.3050
3  6.761090  2.373090 102.3380
3 -5.989660  4.283090 102.3480
3 -5.446110  5.625220 102.3410
3  5.100350  6.093870 102.3200
3 -3.556990  7.449030 102.4200
3  4.114920  7.252820 102.3680
3 -2.308330  8.285310 102.3400
3  0.290136  8.480320 102.3780
3  1.758610  8.321880 102.3550
3  6.921540  1.785220 103.9350
3  7.050890  0.336590 103.9720
3 -6.514970  2.276200 103.9210
3 -6.213230  3.719310 103.9140
3  6.866070  2.434030 105.4760
3  6.393770  3.780210 105.4740
3 -5.057960  6.116850 103.9330
3  5.389250  5.583420 103.8780
3  5.167190  6.122260 105.4600
3  6.086190  4.312180 103.9010
3 -3.999550  7.122010 103.9500
3  3.700340  7.576290 103.9560
3  2.278830  8.226000 103.9400
3 -1.804690  8.352480 103.9650
3 -0.323725  8.416760 103.9840
3 -6.675800  0.372425 105.5040
3 -6.565640  1.805400 105.5060
3  7.071320  0.379651 107.1220
3  6.948140  1.821420 107.0530
3 -6.529030  2.356020 107.0840
3 -6.148140  3.798250 107.1050
3 -5.411370  5.689470 105.5400
3 -5.851610  4.251250 105.4840
3 -5.074110  6.158650 107.1320
3  5.478430  5.615660 107.0410
3  6.333020  4.448420 107.0440
3 -3.627670  7.510050 105.5700
3 -4.101900  7.218940 107.0840
3 -2.385640  8.202320 105.5560
3  3.715880  7.529420 107.0500
3  4.107730  7.205210 105.4720
3  2.378520  8.233700 107.0780
3 -1.772290  8.327280 107.0910
3 -0.291272  8.396820 107.0990
3  1.818710  8.311040 105.5520
3  0.341787  8.401840 105.5430
3 -6.801780  0.260053 108.6130
3 -6.592080  1.713930 108.6350
3  6.819140  2.429660 108.6100
3  6.509690  3.850020 108.5910
3 -5.899120  4.349850 108.7190
3 -5.411850  5.698740 108.6890
3 -3.654700  7.545010 108.6770
3 -2.387560  8.239810 108.6720
3  5.142940  6.108790 108.5980
3  4.090010  7.098580 108.6290
3  1.814010  8.425420 108.6880
3  0.342942  8.450500 108.6880
3  7.135910  0.396550 110.2560
3  6.867780  1.823190 110.2150
3 -6.560270  2.345910 110.1650
3 -6.266100  3.774070 110.2630
3 -5.096280  6.147330 110.2680
3  5.462860  5.617250 110.2060
3  6.197770  4.342940 110.1890
3 -4.088180  7.255620 110.2630
3  3.662310  7.516160 110.2510
3  2.380320  8.287110 110.2570
3 -1.748790  8.424060 110.2440
3 -0.271566  8.493200 110.2430
3 -6.798840  0.312678 111.8080
3 -6.637220  1.751650 111.7640
3  6.824420  2.394690 111.8070
3  6.387540  3.807260 111.7660
3 -5.969720  4.255420 111.8660
3 -5.383360  5.608260 111.8680
3  5.188000  6.136080 111.7890
3 -3.541030  7.474590 111.8600
3 -2.265600  8.160850 111.8600
3  4.085500  7.079620 111.8060
3  0.340380  8.540030 111.7970
3  1.815780  8.448050 111.8390