344

3 -3.828580 -6.148620 118.223
3 -1.129820 -7.098470 118.303
3  0.272135 -7.266020 118.343
3  3.047890 -6.720780 118.525
3 -5.005060 -5.344360 118.262
3  4.336440 -6.168640 118.640
3  5.981260 -4.604770 117.692
3 -7.364170 -1.868810 118.404
3 -6.803290 -3.156600 118.348
3  7.356430 -2.254880 118.004
3  7.609870 -0.878342 118.108
3 -3.830210 -6.193300 120.664
3 -3.219610 -6.525800 119.448
3 -1.895620 -7.048130 119.459
3 -1.254410 -7.325010 120.666
3  0.150426 -7.515790 120.713
3  0.945098 -7.386750 119.560
3  2.357890 -7.148560 119.675
3 -5.544290 -4.902160 119.476
3 -4.992620 -5.424440 120.637
3  4.917320 -5.981340 119.909
3  5.895930 -4.950610 120.047
3 -6.499180 -3.867900 119.506
3 -6.940540 -3.365950 120.695
3 -7.641180 -2.177530 120.756
3  6.380700 -4.225550 118.954
3  7.033470 -3.036310 119.129
3  7.185790 -2.486450 120.396
3 -8.152720 -0.023041 119.723
3 -7.774760 -1.353220 119.621
3  7.510300 -1.138160 120.537
3  7.580150 -0.295028 119.399
3 -3.274360 -6.646850 121.836
3 -2.049170 -7.304510 121.799
3  0.787694 -7.758240 121.923
3  2.148460 -7.378970 122.022
3  2.992300 -7.119290 120.933
3  4.233790 -6.461660 121.048
3 -6.551210 -4.053300 121.862
3 -5.552320 -5.029190 121.849
3  4.638370 -6.064620 122.350
3  5.662720 -5.164410 122.493
3  6.199760 -4.489040 121.361
3  6.839790 -3.254420 121.509
3  7.072450 -2.731410 122.776
3 -8.291320 -0.263211 122.145
3 -7.964130 -1.619560 122.017
3  7.589620 -0.537952 121.799
3 -3.995500 -6.509060 122.998
3 -3.553710 -7.135650 124.199
3 -2.266560 -7.657910 124.196
3 -1.463870 -7.775510 123.003
3 -0.042308 -7.914140 123.045
3  0.577449 -7.795080 124.297
3  1.924170 -7.454360 124.423
3  2.641110 -7.106270 123.296
3  3.896310 -6.484110 123.446
3  4.359280 -6.189630 124.722
3 -6.609370 -4.255640 124.298
3 -5.654360 -5.280100 124.235
3 -5.085400 -5.638030 123.014
3  5.402680 -5.298540 124.856
3  5.978380 -4.680370 123.759
3 -7.611540 -2.351020 123.183
3 -6.940040 -3.586880 123.108
3  6.717050 -3.539600 123.872
3 -8.154550 -0.455206 124.543
3 -7.821700 -1.822180 124.463
3  7.465990 -1.401900 122.919
3  7.335230 -0.805341 124.195
3 -0.207034 -7.914780 125.470
3 -4.244230 -6.902770 125.372
3 -3.635430 -7.304910 126.581
3 -2.299180 -7.800500 126.600
3 -1.623110 -7.856350 125.416
3  0.451221 -8.078580 126.715
3  1.871870 -7.902450 126.747
3  2.557370 -7.445590 125.630
3  3.780420 -6.815940 125.790
3 -6.825830 -4.642040 126.701
3 -5.315940 -6.000000 125.400
3 -5.892100 -5.689510 126.626
3  5.789070 -4.924470 126.115
3 -8.069240 -2.104150 126.843
3 -7.714070 -2.627750 125.614
3 -7.117250 -3.883010 125.540
3  6.497280 -3.720100 126.277
3  6.907380 -2.995910 125.164
3 -8.314050 -0.719412 126.892
3  7.104350 -1.602060 125.312
3  6.969020 -0.958192 126.535
3 -2.411750 -7.998040 129.008
3 -1.647120 -8.058340 127.844
3 -0.260590 -8.253260 127.884
3 -4.306270 -7.056890 127.783
3 -5.428210 -6.210670 127.818
3 -3.707720 -7.491530 128.985
3  2.540460 -7.932810 128.006
3  3.739350 -7.230640 128.137
3  4.337420 -6.618130 127.023
3 -7.314500 -4.158950 127.932
3 -6.013300 -5.867460 129.021
3  5.298890 -5.625570 127.175
3  5.628780 -5.178700 128.459
3 -7.952030 -2.917270 127.979
3  6.182840 -3.907630 128.608
3  6.558640 -3.136410 127.525
3 -8.412320 -0.128733 128.138
3  6.758390 -1.774300 127.622
3  6.692950 -1.193370 128.861
3 -0.390446 -8.718210 130.238
3 -1.739560 -8.388750 130.187
3  0.407320 -8.555150 129.090
3 -4.362920 -7.223550 130.187
3 -5.528410 -6.372570 130.222
3  1.783080 -8.308620 129.156
3  2.367600 -8.135520 130.450
3  3.541800 -7.395340 130.586
3  4.176980 -6.844250 129.445
3 -6.912350 -4.769520 129.090
3 -7.324840 -4.203630 130.306
3  5.139570 -5.860000 129.574
3  5.449980 -5.347480 130.836
3  6.105380 -4.105300 131.006
3 -8.279460 -2.318290 129.223
3 -7.961820 -2.965150 130.413
1 -1.856860 -2.896350 131.081
1 -0.645556 -3.610660 131.074
1  0.487336 -3.089450 130.345
1  1.684740 -3.366360 131.100
1  2.728620 -2.424990 131.105
3  6.285390 -3.334740 129.877
3 -8.543340 -0.925359 129.264
3 -8.690530 -0.294015 130.522
1 -1.978910 -1.663260 130.339
1 -2.818270 -0.759675 131.093
1 -0.875905 -1.166450 129.634
1  0.371784 -1.889980 129.633
1  1.448720 -0.928822 129.621
1  2.619160 -1.194400 130.348
3  6.598150 -1.995570 130.006
3 -2.458820 -8.328670 131.399
3 -1.810100 -8.606280 132.634
3 -0.426211 -8.878160 132.658
3  0.290389 -8.834500 131.451
3  1.647070 -8.591210 131.603
3  2.312290 -8.382550 132.822
3 -4.378820 -7.310360 132.579
3 -5.525300 -6.478640 132.652
3 -3.750110 -7.664470 131.367
3  3.481700 -7.633400 132.977
3  4.001050 -7.005240 131.840
3 -7.002720 -4.869610 131.511
3 -7.402700 -4.338350 132.783
3 -6.083110 -5.950340 131.470
1 -0.147283 -4.229180 132.285
3  4.929530 -5.973390 131.975
3  5.298780 -5.447880 133.202
3 -8.267640 -2.381510 131.655
3 -7.996760 -3.093810 132.810
1 -2.633740 -2.765070 132.293
1  1.300500 -4.075950 132.302
3  6.802350 -2.179890 132.401
3  6.365360 -3.488240 132.222
3 -8.843440 -0.433837 132.949
3 -8.687500 -1.060900 131.718
1 -3.228900 -1.440740 132.305
1  3.407100 -2.124500 132.340
1  3.708840 -0.714629 132.356
3  6.837020 -1.388190 131.242
1  3.226760 -0.133950 131.124
3 -8.219340  0.809076 118.606
3  0.748196  8.084650 133.010
3 -8.372080  2.211380 118.733
3 -8.221890  3.022160 117.616
3  7.353540  1.862060 118.357
3  7.117090  3.260560 118.462
3 -7.778740  4.340040 117.790
3  5.723000  5.686490 118.599
3 -6.397240  6.797410 118.044
3 -5.567620  7.914580 118.156
3  4.684160  6.642980 118.595
3 -3.053090  8.975580 118.407
3 -1.684160  8.971660 118.465
3  1.058700  8.478150 118.566
3  2.401560  8.096260 118.593
3  7.461670  1.081490 119.510
3  7.458610  1.687840 120.789
3 -8.180690  2.828920 119.987
3  7.129530  3.040110 120.909
3  6.853080  3.832430 119.749
3 -7.740550  4.144450 120.167
3 -7.451600  4.878820 119.062
3  6.189890  5.069220 119.786
3 -6.809470  6.134250 119.183
3 -6.514890  6.642360 120.437
3 -5.649860  7.721000 120.620
3  2.907090  7.589210 119.844
3  4.143210  6.948620 119.850
3 -5.084830  8.229050 119.448
3 -3.819280  8.777250 119.570
3 -3.189420  8.922650 120.792
3 -1.806270  9.019110 120.850
3 -1.072420  8.806400 119.693
3  0.291053  8.493400 119.718
3 -8.136660  1.969720 121.121
3 -8.237440  0.566957 121.019
3  7.465030  0.851223 121.927
3 -8.077040  2.512500 122.424
3 -7.713000  3.874120 122.544
3  6.795990  3.615360 122.149
3 -7.447340  4.693550 121.429
3 -6.838170  5.949240 121.593
3  5.737590  5.507630 121.018
3  6.090320  4.813210 122.195
3 -6.504850  6.382010 122.840
3 -5.062020  7.983450 121.872
3  2.774100  7.289370 122.205
3  4.693930  6.456040 121.071
3  3.984250  6.671500 122.216
3 -3.843150  8.614200 121.974
3 -1.102950  8.957550 122.079
3  0.923401  8.252440 120.937
3  0.254555  8.515520 122.134
3  2.211810  7.723370 121.024
3 -8.268730  1.710880 123.545
3 -8.302790  0.310017 123.408
3  7.202810  0.582045 124.340
3  7.191970  1.397630 123.215
3 -8.150160  2.294360 124.817
3 -7.888400  3.683010 124.938
3  6.854100  2.787190 123.280
3  6.481570  3.292640 124.514
3 -7.576280  4.444410 123.788
3 -6.948900  5.683750 123.964
3  5.532760  5.210540 123.402
3  5.912460  4.566010 124.599
3 -5.621400  7.431590 122.997
3 -5.035010  7.761300 124.235
3  2.805520  7.365830 124.592
3  3.987820  6.603200 124.635
3  4.504820  6.138680 123.410
3 -3.813440  8.457560 124.392
3 -3.145300  8.721670 123.197
3 -1.765130  8.903270 123.324
3 -1.082500  8.857290 124.538
3  0.898795  8.308060 123.353
3  0.277032  8.590950 124.554
3  2.140440  7.679760 123.387
3 -8.315090  1.508150 125.903
3 -8.310870  0.147734 125.796
3  7.018230  1.192600 125.540
3  6.943100  0.416092 126.698
3 -7.797000  4.294090 126.172
3  6.341210  3.121130 126.856
3  6.673830  2.534190 125.666
3 -7.088050  5.519930 126.384
3 -6.637440  6.242970 125.229
3  5.469190  5.100490 125.816
3  5.742560  4.399120 126.984
3 -5.626800  7.221630 125.394
3 -5.061440  7.560660 126.634
3 -3.925420  8.425290 126.749
3  2.835780  7.475170 127.007
3  3.986400  6.623960 126.999
3  2.207010  7.720120 125.807
3  4.530620  6.139650 125.837
3 -3.165130  8.684740 125.611
3 -1.786470  8.899870 125.708
3 -1.077250  8.888190 126.894
3  0.940883  8.327560 125.750
3  0.286039  8.570450 126.969
3 -8.330980  1.279080 128.228
3 -8.306270  2.118510 127.129
3  6.682280  1.021540 127.913
3  6.640740  0.198284 129.014
3 -8.091780  3.493910 127.291
3 -7.714310  3.986320 128.514
3  6.319300  2.329280 127.994
3 -6.562060  5.910130 127.616
3 -6.928900  5.124100 128.699
3  5.163090  4.841480 128.173
3 -5.508120  6.810510 127.734
3 -4.914790  7.067090 128.970
3 -3.820620  7.939040 129.088
3  2.244400  7.791030 128.222
3  4.363550  5.982030 128.199
3 -3.229410  8.495040 127.946
3 -1.864700  8.876350 128.027
3  0.985738  8.437360 128.157
3 -8.574580  1.058770 130.641
3 -8.358400  1.867310 129.522
1 -2.513840  0.612526 131.104
1 -1.386820  1.128250 130.354
1 -0.575245  0.244094 129.626
1  0.863106  0.394088 129.627
1  1.455550  1.418580 130.379
3  0.157981  8.455330 131.771
1  2.653990  1.151870 131.143
3  6.601010  0.791925 130.286
3 -8.046750  3.247460 129.642
3 -7.871680  3.805030 130.911
3  6.026300  2.870920 129.225
3  6.215840  2.123980 130.371
3 -6.524750  5.540630 129.934
3 -7.057750  4.927600 131.046
3  4.908660  4.531200 130.539
3  5.297930  4.060650 129.317
3  4.112610  5.677580 130.571
3 -5.487280  6.483660 130.104
3 -3.217560  8.144720 130.322
3  2.099570  7.621930 130.598
3  3.798540  6.360760 129.402
3  2.758740  7.297110 129.404
3 -1.916000  8.675170 130.473
3 -1.162220  8.915750 129.290
3  0.899782  8.347400 130.593
3  0.256116  8.668970 129.379
3 -8.581030  1.676430 131.868
3 -8.804960  0.947042 133.005
1 -2.599310  1.353780 132.341
3  6.796790  0.633050 132.675
3  6.832720  0.013392 131.434
3  6.421610  1.983620 132.749
3 -8.257150  3.038980 132.029
1 -1.527500  2.324330 132.361
1 -0.777481  2.188390 131.129
1  0.621693  2.326300 131.139
1  1.303000  2.614170 132.382
1  2.558450  1.895370 132.381
3  5.991510  2.685750 131.595
3 -6.656800  5.421980 132.291
3  4.050880  5.559450 132.979
3  5.331730  3.921400 131.699
3  4.961560  4.466840 132.907
3 -5.724780  6.452920 132.464
3 -5.049020  6.921520 131.341
3 -3.855010  7.641120 131.448
3 -3.306750  7.781560 132.697
3  1.948300  7.354620 132.998
3  3.554510  6.065900 131.786
3  2.567510  7.029590 131.768
3 -2.005670  8.240840 132.830
3 -1.262480  8.578220 131.704