297

3 -4.789270 -6.972250 68.1513
3 -3.436770 -7.462850 68.1357
3 -0.734419 -7.558940 68.2617
3  0.606931 -7.120020 68.2769
3 -6.995300 -5.330130 68.1544
3 -7.674990 -4.075780 68.1598
3  3.046270 -6.003460 68.3406
3  4.244180 -5.201300 68.3447
1  2.599380 -2.138990 69.1861
3  6.280610 -3.534980 68.2995
3  7.209010 -2.455390 68.2755
3 -8.219130 -1.462220 68.1383
3 -8.217940 -0.036184 68.1763
1 -1.221240 -0.454821 68.7645
1 -0.175892 -1.417150 68.5659
1  0.943372 -0.852687 67.8622
1  2.315720 -1.097580 68.1882
1  3.320780 -0.080102 68.3002
3  8.269080  0.068711 68.3067
3 -5.385200 -6.697700 69.4896
3 -4.837130 -7.048090 70.8895
3 -2.841800 -7.542980 69.5142
3 -3.482260 -7.463750 70.9154
3 -1.414780 -7.517600 69.6016
3 -0.810275 -7.473130 70.9540
3  1.182740 -6.837620 69.6306
3  0.558438 -7.094170 70.9481
3  2.481210 -6.255380 69.6321
3  3.043050 -6.038130 70.9422
3 -6.569340 -5.842020 69.5280
3 -6.912650 -5.367290 70.8568
3 -7.559200 -4.035770 70.8619
3  4.907780 -5.011710 69.6835
3  4.296440 -5.375930 70.9800
3 -8.135450 -2.096320 69.5044
3 -7.777870 -3.446740 69.5066
1 -0.569868 -2.122880 70.8402
1  0.099027 -2.265170 69.6251
1  1.512700 -2.616960 69.9318
3  5.902190 -4.020480 69.6926
3  6.365930 -3.518550 70.9934
3  7.296840 -2.467920 71.0053
3 -8.248640 -1.456250 70.8521
3 -8.042790 -0.028941 70.8667
1 -1.665790 -1.210280 71.0449
1 -1.881780 -0.295477 69.9517
1  3.802060 -1.611350 69.9173
1  4.279630 -0.376677 69.3311
3  8.090890 -0.558132 69.6202
3  7.562900 -1.886870 69.6002
3  8.189340  0.073762 70.9613
3 -5.453650 -6.714900 72.2673
3 -2.876810 -7.598570 72.2644
3 -1.439870 -7.628370 72.3200
3  1.100560 -6.799480 72.2938
3  2.456240 -6.337470 72.2547
3 -6.575100 -5.893010 72.2027
3 -7.079550 -5.340520 73.5422
3  4.942290 -5.086240 72.3178
3  5.885620 -4.020770 72.3208
3 -8.171710 -2.077650 72.1815
3 -7.750010 -4.083690 73.4883
3 -7.879870 -3.496990 72.1411
1  0.308524 -2.389360 71.9003
1  1.580680 -2.771700 71.3667
1  2.713190 -2.421450 72.0590
3 -8.143870 -1.481700 73.5500
3 -8.033880 -0.049123 73.5376
1 -1.760840 -0.465486 72.2786
1  0.160677 -1.818750 73.1753
1 -0.965972 -0.803925 73.3677
1  3.795680 -1.793430 71.3329
1  2.576110 -1.640490 73.3043
1  3.503300 -0.618182 73.3323
1  4.341200 -0.677410 72.1606
3  7.524930 -1.865880 72.3376
3  7.967300 -0.549611 72.3327
3 -4.869710 -7.033960 73.5934
3 -5.434620 -6.603310 74.9379
3 -3.513730 -7.402340 73.6407
3 -2.890580 -7.458840 74.9598
3 -0.841462 -7.341050 73.6301
3 -1.482240 -7.385790 74.9882
3  0.517118 -6.983260 73.5888
3  1.101340 -6.849370 74.9503
3  3.014990 -6.026650 73.6206
3  2.481350 -6.323730 74.9811
3 -6.542990 -5.726880 74.8746
3  4.300750 -5.319400 73.6105
3  4.750620 -4.964130 74.9849
3  5.822320 -3.979920 74.9738
3 -8.239340 -2.102450 74.8498
3 -7.904900 -3.498170 74.8405
3  6.238920 -3.537850 73.6296
3  7.152360 -2.438680 73.6581
1  1.274160 -1.346390 73.8885
3  7.444710 -1.840070 74.9421
3  7.990060 -0.578265 74.9404
3  8.082430  0.054837 73.6645
3 -4.851290 -6.819800 76.3158
3 -5.452860 -6.562660 77.6620
3 -3.528530 -7.351510 76.3401
3 -2.918710 -7.460700 77.6737
3 -0.864383 -7.287720 76.3429
3 -1.467530 -7.540960 77.7317
3  0.521281 -7.003210 76.3370
3  1.127940 -6.877320 77.6246
3  2.441930 -6.381360 77.6312
3  2.907140 -5.980360 76.3489
3 -6.915800 -5.306870 76.1976
3 -6.505690 -5.672420 77.6264
3  4.216130 -5.345850 76.3174
3  4.796140 -5.024440 77.6123
3  5.796290 -4.053410 77.5830
3 -7.669560 -4.089650 76.1978
3 -8.195520 -2.104850 77.5148
3 -7.840900 -3.490140 77.5130
3  6.257520 -3.554050 76.2370
3  7.120670 -2.449150 76.2494
3 -8.186400 -1.453950 76.1963
3  7.357620 -1.885650 77.6568
3  7.986330 -0.599247 77.6175
3 -4.917340 -6.880140 78.9717
3 -3.590470 -7.387610 78.9714
3 -0.818421 -7.363590 79.0180
3  0.548820 -7.133310 78.9508
3  3.085580 -6.202460 78.9519
3 -6.962980 -5.188220 78.9194
3 -7.664340 -3.976770 78.8833
3  4.227370 -5.350070 78.9670
2  0.936232 -2.235880 79.4666
3  6.189050 -3.550040 78.9763
3  7.090730 -2.438190 79.0011
3 -8.241000 -1.409720 78.8237
3 -8.252660  0.022551 78.8132
2 -0.975235 -0.754707 79.0332
2  0.281555 -1.318440 78.5895
2  0.963832 -0.326988 77.7737
2  2.369350 -2.034530 79.5496
2  3.070610 -1.106920 78.7594
2  2.405590 -0.237011 77.8255
2  4.205480 -0.386384 79.3201
1 -0.747647  0.813240 68.0748
1  1.608040  1.558800 67.7444
1  0.635315  0.529670 67.6324
1  2.995670  1.274220 68.0319
3  8.423940  1.512730 68.3143
3 -7.221980  2.563810 68.1962
3 -6.454920  3.738060 68.1814
1 -1.045340  2.123590 68.6229
1  0.014188  3.115450 68.6858
1  1.320250  2.887470 68.1738
1  3.584770  2.375780 68.7729
1  2.521220  3.403070 68.8861
3  7.658160  4.093280 68.2897
3 -4.247980  5.361150 68.1793
3  6.856490  5.256980 68.2677
3 -2.979700  6.042330 68.1757
3 -2.529850  6.385610 69.5432
3 -0.657698  7.227980 68.2001
3  0.723659  7.613840 68.2007
3  3.359790  7.401090 68.2174
3  4.664280  6.864000 68.2943
3 -8.094320  0.630009 69.4930
3 -7.491190  1.942210 69.5463
1 -2.206930  1.028620 70.4987
1  4.720960  0.700619 70.0972
3  8.388030  2.199220 69.6536
3  8.289680  1.506030 70.9594
3 -7.150260  2.474690 70.8537
3 -6.078330  4.236930 69.5033
3 -6.481960  3.759160 70.8298
1 -1.847060  2.231420 69.8857
1 -1.292300  3.312150 70.7098
1 -0.132523  3.792600 70.0159
1  3.179840  3.566430 71.1814
1  2.315010  4.006630 70.1273
1  4.491530  2.078080 69.8423
1  4.278020  2.757160 71.0789
3  7.887760  3.546560 69.6261
3  7.642010  4.078500 70.9384
3 -4.900120  5.128990 69.5265
3 -4.338100  5.407130 70.8461
1  0.998685  4.212700 70.7127
3  6.375420  5.723890 69.5746
3  6.852280  5.302760 70.9378
3 -3.131550  6.043160 70.8255
3 -1.257300  7.071910 69.5532
3 -0.753514  7.290610 70.8880
3  1.317400  7.764320 69.5632
3  0.661047  7.727450 70.8640
3  2.721620  7.652540 69.5842
3  3.367740  7.391460 70.9419
3  5.181110  6.479530 69.5966
3  4.611270  6.778500 70.9095
3 -7.930440  0.596694 72.1961
3 -7.448280  1.936020 72.1614
1 -2.247330  0.905575 71.9627
1 -1.616660  1.945020 72.7973
1  3.695490  1.799340 73.3175
1  4.809370  0.509228 71.5703
1  4.529140  1.765640 72.1335
3 -6.526120  3.709560 73.4864
3 -7.155610  2.489490 73.4735
3 -6.055260  4.229790 72.1122
1 -1.154150  3.134530 72.1276
1  0.016145  3.631050 72.8610
1  2.454140  3.718300 72.4361
3  7.891660  3.495000 72.2943
3  7.630610  4.004750 73.6281
3  8.222100  2.114120 72.3172
3 -4.978630  5.112860 72.1475
3 -4.518530  5.513540 73.4530
1  1.098780  4.169390 72.1363
3  6.356540  5.727230 72.2721
3  6.737820  5.144990 73.5666
3 -2.635370  6.481190 72.2331
3 -3.260250  6.171880 73.5295
3 -1.330920  7.091660 72.1889
3 -0.689729  7.255460 73.5073
3  1.360340  7.664650 72.2284
3  0.727379  7.663330 73.5327
3  2.758130  7.673050 72.2406
3  3.374630  7.531440 73.5612
3  5.240200  6.544400 72.3020
3  4.675990  6.926640 73.6395
3 -7.851730  0.561297 74.8317
3 -7.313010  1.821740 74.8118
1 -0.384027  0.278340 74.2421
1 -0.717368  1.650360 73.8957
1  0.978744 -0.113052 74.5258
1  1.921810  0.905454 74.4800
1  3.250020  0.580322 73.9445
3  8.161800  1.466520 73.6714
3  8.065670  2.052340 74.9535
3 -5.963320  4.109580 74.8676
1  0.292862  2.645680 73.8769
1  1.631560  2.294000 74.2226
1  2.730760  2.852690 73.5329
3  7.800350  3.455030 74.9818
3 -5.059090  5.186560 74.8292
3  6.293950  5.653040 74.9343
3 -2.708140  6.467870 74.8437
3 -1.340540  7.002810 74.8694
3  1.280780  7.708620 74.8631
3  2.754620  7.662600 74.8965
3  5.161450  6.524350 74.9328
3 -8.109850 -0.027869 76.1496
3 -8.006560  0.584528 77.4966
3 -7.459900  1.866840 77.4997
3  8.145750  1.401660 76.3034
3  8.094710  0.014973 76.2928
3 -7.087640  2.472350 76.1849
3 -6.339770  3.662940 76.1667
3 -5.999990  4.136310 77.4811
3  7.465370  3.987170 76.2823
3  7.769910  3.505540 77.6150
3  8.140510  2.084880 77.6192
3 -4.504010  5.588970 76.1899
3 -4.975650  5.154500 77.4939
3  6.688700  5.202570 76.2626
3  6.389440  5.776600 77.5950
3 -3.335480  6.327630 76.1657
3 -2.711680  6.607790 77.5119
3 -0.731111  7.343220 76.2270
3 -1.343400  7.011290 77.5410
3  0.652195  7.640340 76.2253
3  1.261830  7.774060 77.5752
3  3.336820  7.436760 76.2957
3  2.702600  7.575810 77.5884
3  4.574350  6.769130 76.3008
3  5.236000  6.543770 77.6060
2 -1.025170  0.661578 78.5288
2 -1.556810  1.713350 79.2710
2  0.120879  0.911080 77.7109
2  3.023560  1.076170 77.8335
2  4.180300  0.995621 78.7467
3  8.173060  0.035305 78.9439
3  8.179180  1.448080 78.9353
3 -7.109040  2.454720 78.8177
3 -6.385990  3.644940 78.7988
2 -0.933512  3.004300 79.3341
2  0.216140  3.190600 78.6171
2  0.753328  2.169410 77.7818
2  2.182770  2.199660 77.8686
2  1.346250  3.924900 79.1431
2  2.618260  3.357620 78.6701
2  3.716400  3.284980 79.5871
2  4.441620  2.059800 79.6003
3 -4.546430  5.597520 78.8566
3  7.600560  4.065290 78.9744
3  6.870180  5.263240 78.9471
3 -3.369020  6.442600 78.8468
3 -0.788594  7.388380 78.8915
3  0.569565  7.625330 78.9410
3  3.281070  7.344600 78.9264
3  4.650010  6.890150 78.9500