312

3  5.370290 -4.955470 102.078
3  7.199680 -2.855650 102.278
3  7.802030 -1.580250 102.387
3  1.196880 -5.936960 104.248
3  1.982990 -6.027020 103.104
3 -4.038160 -4.074750 104.028
3 -2.087110 -4.982330 102.886
3 -2.852180 -4.796420 104.050
3 -0.767102 -5.477200 102.952
3 -0.175493 -5.657120 104.172
3  3.383190 -5.900520 103.112
3  3.954310 -5.681000 104.363
3  5.235610 -5.091570 104.465
3  5.849480 -4.550400 103.320
3 -6.056160 -2.152390 104.076
3 -4.485750 -3.499500 102.875
3 -5.523100 -2.588920 102.920
3  6.782530 -3.495030 103.447
3 -6.655570 -0.925144 104.151
3 -6.835320 -0.211477 102.971
3  7.908570 -0.994258 103.653
3  1.805360 -5.956300 105.475
3 -4.256950 -4.374070 106.395
3 -3.060780 -5.116390 106.431
3 -2.296420 -5.159310 105.244
3 -0.960083 -5.567770 105.360
3 -0.337685 -5.848710 106.586
3  3.195630 -5.900830 105.519
3  5.731890 -4.684730 105.706
3 -6.076590 -2.273040 106.472
3 -4.687990 -3.772790 105.216
3 -5.692050 -2.790200 105.233
3  7.023960 -2.944550 104.689
3  6.611470 -3.636460 105.844
3 -6.707190 -1.027550 106.540
3 -6.922890 -0.303911 105.371
3  7.697110 -1.738920 104.822
3  7.860130 -1.173980 106.085
3  1.033050 -5.984270 106.622
3  1.682630 -6.098610 107.840
3 -4.860510 -4.026330 107.611
3 -2.474140 -5.476290 107.631
3 -1.153420 -5.818870 107.702
3  3.041340 -5.918820 107.891
3  3.834240 -5.772340 106.753
3  5.045830 -5.091190 106.859
3  5.438960 -4.662950 108.118
3 -5.750420 -2.981960 107.620
3  6.501080 -3.814780 108.222
3  6.960170 -3.136770 107.086
3 -6.923900 -0.402390 107.799
3  7.555380 -1.898710 107.198
3  7.554350 -1.332530 108.438
3 -2.673220 -5.747210 109.998
3 -1.334790 -6.042470 110.055
3 -0.526861 -6.067720 108.930
3  0.880930 -6.139830 108.949
3  1.479550 -6.089070 110.192
3 -4.375980 -4.568760 108.792
3 -4.954940 -4.205490 110.010
3 -3.182620 -5.314340 108.818
3  2.847260 -5.928010 110.268
3  3.602350 -5.744570 109.136
3  4.837490 -5.152120 109.260
3  5.452090 -5.010840 110.483
3  6.487840 -4.146780 110.598
3 -6.150640 -2.450540 108.835
3 -5.848660 -3.140730 110.006
3  6.844660 -3.435520 109.484
3  7.460740 -2.183130 109.565
3 -6.648220 -1.169770 108.932
3 -6.811050 -0.544099 110.176
3 -2.848490 -5.884450 112.342
3 -1.455290 -6.102840 112.390
3 -0.667070 -6.175410 111.276
3  0.694353 -6.126770 111.325
3  1.308850 -6.088980 112.557
3  2.675530 -5.941950 112.633
3 -5.228680 -4.456010 112.349
3 -4.581650 -4.802410 111.178
3 -3.419130 -5.533450 111.144
3  3.457310 -5.852050 111.512
3  4.793250 -5.463930 111.623
3 -6.223940 -2.569610 111.225
3 -5.994470 -3.304180 112.395
3  6.974020 -3.764070 111.841
3  7.515100 -2.469540 111.935
3 -6.696990 -1.280040 111.294
3 -7.017680 -0.702010 112.516
3  7.653010 -1.609390 110.812
3  7.614930 -0.200493 110.917
3 -2.986320 -6.017500 114.701
3 -0.842616 -6.233660 113.630
3 -1.637080 -6.300160 114.756
3  0.519024 -6.255110 113.653
3  3.273900 -5.992890 113.861
3 -5.326300 -4.558980 114.736
3 -4.798470 -4.992290 113.525
3 -3.594610 -5.690060 113.503
3  4.601500 -5.582110 113.952
3  5.356490 -5.248610 112.852
3  6.407490 -4.361980 112.989
3 -6.384390 -2.777180 113.626
3 -6.061880 -3.400350 114.802
3  6.695300 -3.833640 114.222
3  7.260950 -2.568060 114.348
3 -6.994560 -1.474670 113.688
3  7.622830 -1.860610 113.175
3  7.763890 -0.489239 113.301
3 -3.672780 -5.874590 115.857
3 -0.990831 -6.688910 115.920
3  0.376937 -6.806800 115.966
3  1.147140 -6.559160 114.826
3  2.511360 -6.349770 114.961
3  3.096430 -6.307830 116.192
3 -4.841940 -5.200280 115.872
3  4.375250 -5.722850 116.323
3  5.102110 -5.312470 115.212
3  6.131170 -4.383330 115.320
3 -6.514090 -2.872490 116.006
3  6.513300 -3.944000 116.578
3  7.170450 -2.743260 116.720
3 -7.174290 -1.625310 116.058
3 -7.376890 -0.884216 114.898
3  7.348490 -2.020140 115.588
3  7.629260 -0.676242 115.690
3 -3.092300 -6.362810 117.046
3 -1.764700 -6.787140 117.068
3  1.003010 -6.928580 117.188
3  2.373620 -6.667140 117.300
3 -5.453290 -4.793510 117.075
3  4.971130 -5.545000 117.566
3 -6.266660 -3.643510 117.157
3 -7.589160 -1.087670 117.259
3  7.670120 -0.103408 116.938
3 -6.466700  6.051170 102.232
3 -5.805690  7.312070 102.323
3 -7.102200  1.800690 104.283
3 -6.971230  1.166000 103.021
3  8.173220  0.371861 103.779
3  8.295950  1.114350 102.593
3 -7.065450  3.188420 104.376
3 -6.964860  3.933780 103.216
3  7.983780  3.133390 103.913
3  8.233700  2.538350 102.661
3 -6.652640  5.296530 103.368
3 -6.403610  5.875650 104.598
3  7.548730  5.257380 102.769
3  7.688270  4.531540 103.975
3 -5.435260  7.823250 103.556
3  7.100830  6.615050 102.872
3  6.702750  7.119160 104.160
3 -4.497030  8.811040 103.647
3 -3.874990  9.241410 102.492
3 -2.622190  9.870080 102.624
3  3.512800  9.859040 104.243
3  4.270350  9.707860 103.039
3  5.851980  8.219120 104.222
3  5.353290  8.816820 103.029
3 -1.996540  9.909930 103.856
3 -0.646837 10.114300 103.928
3  0.152528 10.298200 102.795
3  1.546900 10.262800 102.881
3  2.170140 10.146900 104.127
3 -7.137050  1.077230 105.475
3  7.861320  0.222578 106.200
3  8.048810  0.962722 105.020
3 -6.926370  3.807950 105.627
3  7.674000  2.970520 106.283
3  7.970450  2.343170 105.068
3 -6.639310  5.157260 105.736
3  7.373590  4.322050 106.356
3  7.409450  5.104990 105.202
3 -5.901860  7.167810 104.693
3 -5.611470  7.716630 105.946
3  6.876200  6.373370 105.297
3  6.435940  6.881590 106.546
3 -4.609640  8.734940 106.056
3 -4.005760  9.163310 104.901
3  4.061850  9.429250 105.471
3  5.230160  8.641190 105.424
3 -2.706200  9.723490 105.017
3 -2.090990  9.946570 106.244
3 -0.749241 10.200300 106.365
3 -0.001351 10.200800 105.169
3  1.387690 10.095800 105.268
3 -7.268130  1.700070 106.719
3 -7.272620  0.939120 107.862
3  7.514880  0.037614 108.525
3  7.686320  0.830538 107.428
3 -7.167250  3.095460 106.788
3 -7.242530  3.754430 108.025
3  7.618170  2.226440 107.488
3 -6.956360  5.129570 108.128
3 -6.563550  5.797900 106.973
3  7.092070  4.842700 107.628
3 -6.044980  7.074840 107.083
3 -5.761420  7.584930 108.341
3  6.571390  6.133180 107.742
3 -4.803470  8.622920 108.458
3 -4.108880  9.089050 107.317
3 -2.837900  9.649240 107.415
3  3.309190  9.508360 106.632
3  3.768870  9.063050 107.871
3  5.579020  8.012200 106.637
3  4.914480  8.286470 107.841
3 -0.173432 10.220000 107.632
3  1.969270  9.944360 106.562
3  1.196450 10.141700 107.731
3 -7.408260  1.564080 109.082
3 -7.187610  0.797938 110.208
3  7.444560  0.625636 109.790
3 -7.460890  2.983900 109.184
3 -7.433950  3.588800 110.433
3  7.442470  2.786930 108.745
3  7.482520  2.012710 109.912
3 -7.140910  4.930260 110.582
3 -6.825090  5.684600 109.407
3  7.214180  4.132300 108.820
3  6.996340  4.674690 110.091
3 -6.295280  6.988450 109.514
3  5.265380  7.663570 109.041
3  6.125520  6.561320 108.993
3  6.371700  5.889880 110.190
3 -4.365350  9.023720 109.752
3 -2.344840  9.915590 108.697
3 -3.127610  9.701350 109.855
3 -0.959751 10.194300 108.782
3 -0.378746 10.207000 110.075
3  1.010660 10.049900 110.182
3  1.732250  9.884560 109.017
3  3.016790  9.314260 109.050
3  3.539520  8.828830 110.272
3  4.619530  7.988360 110.244
3 -7.396790  1.406520 111.440
3 -7.323420  0.669962 112.607
3  7.791190  0.328222 112.187
3  7.657790  1.765950 112.294
3 -7.443350  2.804020 111.609
3  7.515520  2.604240 111.193
3 -7.005540  5.543440 111.810
3  7.191690  3.962360 111.254
3  6.908800  4.455680 112.501
3  6.350740  5.689930 112.574
3 -6.458890  6.821500 111.928
3 -6.006430  7.552630 110.789
3  5.037440  7.428180 111.431
3  4.490890  7.800110 112.643
3  5.943880  6.401640 111.440
3 -5.075100  8.599160 110.862
3 -4.603320  8.910320 112.157
3 -3.313400  9.521190 112.303
3 -2.543790  9.827470 111.148
3 -1.146800 10.100100 111.242
3 -0.565704  9.977200 112.532
3  1.607440  9.763330 111.400
3  0.826082  9.758340 112.613
3  2.848880  9.111430 111.464
3  3.396710  8.658870 112.661
3 -7.555480  1.271150 113.827
3  7.652650  0.127301 114.538
3  7.563800  1.519810 114.632
3 -7.456060  3.417460 112.850
3 -7.628970  2.632280 113.963
3  7.418430  2.293810 113.531
3  7.075950  3.631290 113.572
3 -7.315330  4.791170 112.928
3 -7.291260  5.376640 114.187
3 -6.711220  6.623120 114.342
3 -6.200610  7.296060 113.182
3  5.035010  7.261390 113.834
3  5.906370  6.160610 113.769
3 -5.224110  8.301610 113.296
3 -4.666880  8.466790 114.573
3 -3.465090  9.138050 114.719
3 -2.751600  9.512070 113.573
3 -1.382070  9.776670 113.697
3  1.397810  9.400900 113.841
3  2.716820  8.867840 113.877
3 -7.982590  1.050700 116.219
3 -7.648740  0.482473 114.982
3 -8.140840  2.450760 116.328
3 -7.870270  3.247900 115.192
3  7.526850  2.114020 115.885
3  7.155650  3.492440 116.019
3 -7.576290  4.614380 115.340
3 -7.390820  5.105410 116.666
3  6.807040  4.162190 114.826
3  6.105310  5.390530 114.913
3 -6.738420  6.319700 116.784
3 -6.319330  6.988420 115.638
3  4.461030  7.627470 115.074
3  4.844910  6.967170 116.227
3  5.710700  5.878720 116.170
3 -5.306370  7.957980 115.730
3 -2.854450  9.186050 115.984
3 -0.755487  9.497180 114.925
3 -1.491660  9.255510 116.075
3  0.636301  9.290360 115.022
3  1.279690  8.980710 116.226
3  3.284620  8.428430 115.084
3  2.606770  8.596680 116.257
3 -7.996700  0.224338 117.367
3  7.641280  1.330310 117.073
3  6.903530  4.030810 117.290
3  6.157460  5.233380 117.325
3  4.255600  7.298500 117.443
3 -4.927860  8.382890 117.008
3 -3.656370  8.959930 117.149
3 -0.909118  8.965730 117.312
3  0.484532  8.833090 117.373
3  3.151550  8.133440 117.432