294

3 -4.199290 -7.020230 70.8095
3 -0.300326 -8.289280 70.7939
3 -1.762850 -8.105660 70.8148
3  2.281680 -7.928460 70.7495
3  3.648960 -7.440280 70.7515
3 -5.209460 -5.945720 70.7539
3  5.408030 -5.512750 70.7298
3  6.180400 -4.215210 70.7440
3 -6.265150 -3.608370 70.7690
3 -6.634070 -2.177910 70.7367
3  6.840510 -1.677800 70.7019
3  6.747730 -0.236244 70.7430
3  0.301357 -8.277700 72.3319
3 -3.687060 -7.351990 72.3385
3 -2.293140 -7.774900 72.3574
3  1.694050 -8.140530 72.3475
3  4.175660 -7.111460 72.3251
3 -6.229990 -4.213590 72.3525
3 -5.508150 -5.467280 72.3371
3  5.143340 -6.062890 72.3255
1 -2.209440 -2.316400 72.8645
1 -0.427411 -3.835080 73.0144
1 -0.004961 -2.725890 72.2486
1  1.298940 -2.326480 72.3941
1  2.229950 -2.965910 73.3304
3  6.346270 -3.699600 72.3007
3  6.825340 -2.280400 72.2847
3 -6.659490 -1.672840 72.2663
3 -6.749260 -0.201210 72.3346
1 -1.135940 -1.773870 72.1267
1 -0.811669 -0.444712 72.2075
1  1.644180 -0.899678 72.3721
3 -4.115170 -6.982500 73.9385
3 -0.266919 -8.180420 73.9026
3 -1.704880 -7.972520 73.9397
3  2.371480 -8.036450 73.9137
3  3.687020 -7.419410 73.8914
3 -5.094350 -5.824300 73.9414
1  0.474997 -4.493540 73.8440
1 -0.016826 -4.862530 75.1746
3  5.425710 -5.520640 73.9221
3  6.103260 -4.268630 73.8990
3 -6.432060 -3.616790 73.9405
3 -6.731430 -2.176860 73.9183
1 -2.309430 -4.035330 74.6363
1 -1.835170 -3.648820 73.3748
1  1.813790 -4.026600 74.0624
1 -3.447590 -1.872800 74.9681
1 -2.929440 -1.451940 73.6979
1 -2.677760 -0.029402 73.6930
1  3.074090 -1.975160 73.9300
1  3.494690 -2.080180 75.2824
1  2.670940 -0.720514 73.4208
3  6.802070 -1.741870 73.8922
3  6.793290 -0.298971 73.9334
3 -0.332491 -8.323270 77.0553
3  0.294178 -8.252280 75.5053
3 -4.097950 -6.948920 77.1241
3 -3.691120 -7.349610 75.5421
3 -2.289490 -7.785920 75.5404
3 -1.737840 -7.915970 77.0713
3  1.767580 -8.099910 75.5082
3  2.266630 -7.952660 77.1240
3  4.037590 -7.063080 75.5231
3  3.560890 -7.368380 77.1326
3 -6.175480 -4.134590 75.5264
3 -5.097880 -5.941050 77.1370
3 -5.465580 -5.426130 75.5269
1 -1.354850 -4.651660 75.5546
1 -1.652290 -4.222530 76.9074
1  0.991374 -4.636650 76.1534
1  2.159160 -4.167080 75.4555
3  5.113830 -5.988370 75.5252
3  5.508830 -5.493380 77.1304
3  6.154900 -4.176470 77.1586
3 -6.377140 -3.616710 77.1174
3 -6.637260 -2.177090 77.1231
1 -3.138510 -3.121530 75.4382
1 -2.772950 -3.256150 76.8035
1  3.042070 -3.289530 76.0987
1  2.745570 -2.847260 77.4608
3  6.355980 -3.737580 75.4989
3  6.864440 -2.365200 75.4828
3 -6.556820 -1.642790 75.5106
3 -6.786140 -0.164422 75.5307
1 -3.479310 -0.681334 75.7808
1 -3.185860 -0.827830 77.1307
1  3.391380 -0.969178 76.1620
3  7.011080 -1.727860 77.0848
3  6.685340 -0.266975 77.0629
3  0.236816 -8.401720 78.6033
3 -3.652830 -7.332680 78.6774
3 -2.309970 -7.790440 78.6523
3  1.715350 -8.167510 78.6883
3  4.022470 -7.043530 78.7145
3 -5.444510 -5.365410 78.6801
3 -6.154320 -4.138480 78.6884
1  0.745658 -4.265970 77.4619
3  5.043900 -6.011390 78.7148
1 -2.827040 -2.153520 77.6722
1 -0.664483 -4.006230 77.8798
1 -0.670326 -2.897330 78.7315
1  0.662394 -2.434910 78.9002
1  1.544570 -3.297340 78.1524
3  6.393800 -3.649250 78.7065
3  6.888270 -2.248210 78.6941
3 -6.798100 -1.605740 78.7089
3 -6.885930 -0.201449 78.7167
1 -1.687560 -1.941710 78.5640
1 -1.400020 -0.568629 78.6316
1 -0.074094 -0.104600 78.8575
1  0.955236 -1.033360 78.9902
1  3.049280 -1.374860 77.5418
1  2.148070 -0.509855 78.2711
3 -0.358369 -8.516110 80.1803
3 -4.177590 -7.034550 80.1911
3 -1.802460 -8.226050 80.1852
3  2.183890 -8.093100 80.2015
3  3.417670 -7.293600 80.2371
3 -5.126100 -5.937800 80.2300
3  5.371280 -5.471260 80.2209
3  6.159550 -4.239850 80.2492
3 -6.401240 -3.607470 80.2446
3 -6.753730 -2.223210 80.2242
3  6.845520 -1.722210 80.2470
3  6.674140 -0.266844 80.2483
3 -0.372315 -8.556790 83.3708
3  0.201254 -8.658350 81.7781
3 -3.685330 -7.340270 81.7913
3 -2.332490 -7.943000 81.7797
3  1.592760 -8.290620 81.7405
3  3.956360 -6.994170 81.8038
3 -5.408440 -5.475310 81.8114
3 -6.153020 -4.184870 81.8143
3  4.988680 -5.966120 81.7853
2 -0.274915 -2.678980 82.4169
2 -1.599090 -2.804460 82.9391
2  0.604017 -3.537190 83.1806
3  6.483550 -3.810550 81.8718
3  6.806050 -2.328080 81.8697
3 -6.789170 -1.676910 81.8372
3 -6.757450 -0.187126 81.8397
2 -2.388990 -1.643140 83.0460
2 -1.968360 -0.370747 82.6237
2 -0.649112 -0.268519 82.0937
2  0.206874 -1.433420 81.9672
2  1.561820 -1.010160 82.2639
2  2.449670 -1.810740 83.0029
3 -1.801170 -8.208870 83.3485
3 -4.106370 -6.986420 83.3327
3  2.195420 -8.062870 83.3461
3  3.484990 -7.369810 83.3298
3 -5.163200 -6.022490 83.3842
3  5.303840 -5.451130 83.3468
3  6.211320 -4.326320 83.4361
3 -6.316280 -3.698060 83.4180
3 -6.730030 -2.268840 83.4023
2 -1.588200 -3.774370 83.9904
2  1.912110 -3.137110 83.4810
2  3.224950 -1.278520 84.1142
3  6.816720 -1.765030 83.4807
3  6.666330 -0.288704 83.4082
3 -6.878940  0.350822 70.7474
3 -6.618910  1.805370 70.7496
3  6.131330  3.805290 70.8165
3  6.498010  2.361210 70.8177
3 -5.734320  4.287420 70.7402
3 -5.173600  5.670910 70.7726
3 -3.178090  7.445070 70.8426
3  4.062310  7.198950 70.8127
3  5.086180  6.112650 70.8009
3 -2.072590  8.380960 70.8191
3  0.480728  8.869340 70.8613
3  1.930080  8.607200 70.8493
1 -1.585900  0.495240 73.0116
1  0.583184  0.015329 72.4209
1  0.621123  1.150370 73.2700
3  6.681890  1.773300 72.4133
3  6.749080  0.336362 72.3496
3 -6.447260  2.318340 72.3381
3 -5.947100  3.736210 72.3412
3 -4.820120  6.076870 72.3532
3  5.316010  5.568600 72.3569
3  5.945790  4.275500 72.4169
3 -3.744580  7.082180 72.3691
3  3.780140  7.707240 72.4186
3 -1.545580  8.607340 72.4351
3 -0.102486  8.746330 72.4362
3  2.459900  8.390990 72.4074
3 -6.771750  0.344406 73.9444
3 -6.620150  1.793780 73.9389
1 -3.085180  0.493649 75.0031
1 -0.740580  1.445630 73.6716
1 -1.061400  2.072110 74.9206
1  1.615170  1.282580 74.1774
1  2.698570  0.386049 74.2773
3  6.201070  3.721120 73.9877
3  6.484140  2.332380 73.9823
3 -5.076960  5.517160 73.9428
3 -5.703270  4.219430 73.9705
3  5.083780  6.080550 73.9695
3 -3.297420  7.460770 73.9343
3  4.218370  7.276720 74.0305
3 -2.147930  8.368690 73.9864
3  0.494377  8.736460 73.9904
3  1.896830  8.582960 73.9978
3 -6.762640  0.406856 77.0926
3 -6.597170  1.860910 77.1099
1 -2.222880  1.495960 75.6368
1 -1.844270  1.287030 77.0336
1 -0.461555  1.674920 77.1689
1  1.297640  1.725630 75.5332
1  3.054900  0.269726 75.6568
1  2.205460  1.074380 76.4221
3  6.588600  1.715600 75.4905
3  6.592180  0.301888 75.5228
3 -6.511540  2.408540 75.4946
3 -5.983650  3.747810 75.4778
1  0.008068  2.117380 75.8812
3  6.485160  2.368560 77.0730
3  6.100880  3.745790 77.1239
3 -5.753560  4.276390 77.0789
3 -5.082470  5.545150 77.0509
3 -4.791940  6.106480 75.5205
3  5.314560  5.576930 75.5534
3  5.923710  4.315590 75.5741
3  5.082100  6.147230 77.1463
3 -3.743110  7.141180 75.5065
3 -3.327630  7.526670 77.1139
3  3.745840  7.640920 75.5350
3  4.178390  7.301530 77.1285
3 -2.061310  8.259160 77.0884
3 -1.549910  8.559480 75.5619
3 -0.144437  8.843150 75.5374
3  0.493456  8.812120 77.0878
3  1.929200  8.566800 77.0923
3  2.458900  8.395880 75.4682
1 -2.272440  0.121496 77.7038
1  1.758430  0.775695 77.7052
1  0.413210  1.047510 78.0788
3  6.594230  0.323812 78.6632
3  6.595380  1.790340 78.6542
3 -6.693660  2.433230 78.6758
3 -6.051020  3.744620 78.6922
3 -4.774580  6.045900 78.6689
3  5.354340  5.664240 78.7356
3  5.911140  4.301650 78.7269
3 -3.770860  7.135930 78.6660
3  3.724350  7.729560 78.6989
3 -1.555640  8.604350 78.6858
3 -0.117029  8.909390 78.6680
3  2.386390  8.323960 78.7142
3 -6.818810  0.378149 80.2794
3 -6.816510  1.833910 80.2659
3  6.258380  3.767820 80.2471
3  6.676890  2.417280 80.2379
3 -5.911910  4.310810 80.2363
3 -5.211750  5.635920 80.2814
3  5.097990  6.248560 80.3025
3 -3.379000  7.515670 80.2921
3  4.155660  7.391530 80.2612
3 -2.135520  8.276410 80.2648
3  0.472616  8.907310 80.2803
3  1.898970  8.661390 80.3006
2 -0.383994  1.823740 83.2942
2  0.161842  0.850865 82.4489
2  1.540380  0.359199 82.6706
3  6.773680  1.798420 81.8257
3  6.708180  0.334428 81.8308
3 -6.549880  2.441000 81.8368
3 -6.081570  3.766420 81.8357
3 -4.853970  6.119350 81.8620
3  5.242450  5.636190 81.8857
3  5.974690  4.338480 81.7895
3 -3.845480  7.133630 81.8222
3  3.621850  7.632530 81.8738
3 -1.607890  8.613010 81.8263
3 -0.141149  8.941320 81.8325
3  2.378980  8.430830 81.9050
3 -6.815600  0.333541 83.4176
3 -6.640020  1.820490 83.3909
2 -2.540980  0.622628 83.4633
2 -1.731310  1.692250 83.8492
2  2.328600  0.973384 83.6304
3  6.527360  2.422810 83.3792
3  6.205610  3.848880 83.4260
3 -5.934220  4.347870 83.3626
3 -5.279220  5.635430 83.3653
3  4.905270  6.169470 83.4815
3 -3.426340  7.543240 83.4195
3  3.980420  7.256210 83.4967
3 -2.229450  8.377810 83.3488
3  0.414242  8.986300 83.4573
3  1.847660  8.785840 83.4770