# Fix print output for fix Step
0 0 0.735555837441776
0.000495000000000006 0.00552143156400007 1.53916469748059
0.000995000000000074 0.0110986351640008 -0.156727097840511
0.00149500000000001 0.0166758387640002 1.71773362343161
0.00199499999999996 0.0222530423639995 -0.300972495091216
0.00249500000000002 0.0278302459640003 1.85522318603364
0.00299500000000009 0.033407449564001 1.84583105649181
0.0034949999999999 0.0389846531639989 3.15899806596525
0.00399499999999997 0.0445618567639997 4.7755114131675
0.00449500000000004 0.0501390603640004 2.9469955107626
0.00499500000000011 0.0557162639640012 3.68866792867513
0.00549499999999992 0.0612934675639991 2.37872809641365
0.00599499999999999 0.0668706711639999 3.55873596705707
0.00649500000000006 0.0724478747640006 2.64678510692373
0.00699500000000012 0.0780250783640014 3.14631410028332
0.00749499999999994 0.0836022819639993 3.77284781768149
0.00799500000000001 0.0891794855640001 4.17437001490713
0.00849500000000007 0.0947566891640008 4.78068546714648
0.00899500000000001 0.100333892764 4.79286198116068
0.00949499999999995 0.105911096363999 5.13352839199157
0.00999500000000002 0.111488299964 5.52612488349323
0.0104950000000001 0.117065503564001 5.6113506966728
0.0109949999999999 0.122642707163999 6.12642003914876
0.011495 0.128219910764 5.64473659443925
0.011995 0.133797114364 6.6818293181878
0.0124950000000001 0.139374317964001 6.54218970915295
0.0129949999999999 0.144951521563999 6.62816186854414
0.013495 0.150528725164 6.50257983223536
0.0139950000000001 0.156105928764001 6.78193850231905
0.0144950000000001 0.161683132364001 7.09551274874251
0.0149949999999999 0.167260335963999 6.80253482449372
0.015495 0.172837539564 7.50261192642544
0.0159950000000001 0.178414743164001 7.51175512169135
0.016495 0.183991946764 7.80093656618422
0.016995 0.189569150363999 7.52580824252323
0.017495 0.195146353964 7.96924452202472
0.0179950000000001 0.200723557564001 8.57859546475612
0.0184949999999999 0.206300761163999 8.78936512144781
0.018995 0.211877964764 8.67468149867177
0.019495 0.217455168364 9.44833536965738
0.0199950000000001 0.223032371964001 9.14179099637834
0.0204949999999999 0.228609575563999 9.96174426958576
0.020995 0.234186779164 9.50375680824795
0.0214950000000001 0.239763982764001 9.68035223315415
0.0219950000000001 0.245341186364001 10.3392057555425
0.0224949999999999 0.250918389963999 9.86706415050963
0.022995 0.256495593564 10.2607661699416
0.0234950000000001 0.262072797164001 10.5261735035557
0.023995 0.267650000764 10.9338462707426
0.024495 0.273227204363999 11.1111050504655
0.024995 0.278804407964 10.8900684319743
0.0254950000000001 0.284381611564001 11.8706968437589
0.0259949999999999 0.289958815163999 11.4297754596671
0.026495 0.295536018764 11.8450571073171
0.026995 0.301113222364 12.0499157201958
0.0274950000000001 0.306690425964001 12.2376914644249
0.0279949999999999 0.312267629563999 12.6174015393251
0.028495 0.317844833164 12.4667461428132
0.0289950000000001 0.323422036764001 13.2284323276165
0.0294950000000001 0.328999240364001 12.7334511454296
0.0299949999999999 0.334576443963999 13.0226593633434
0.030495 0.340153647564 13.3025252156353
0.0309950000000001 0.345730851164001 13.4862138315995
0.031495 0.351308054764 13.7399380962883
0.031995 0.356885258363999 13.8623421566668
0.032495 0.362462461964 14.1739913587909
0.0329950000000001 0.368039665564001 14.4726216675378
0.0334949999999999 0.373616869163999 14.5688499888252
0.033995 0.379194072764 15.0923463896963
0.034495 0.384771276364 14.9344940333744
0.0349950000000001 0.390348479964001 14.9107977127559
0.0354949999999999 0.395925683563999 15.191818209832
0.035995 0.401502887164 15.4901289191725
0.0364950000000001 0.407080090764001 15.8256376428564
0.0369950000000001 0.412657294364001 15.7525523004625
0.0374949999999999 0.418234497963999 16.383310308933
0.037995 0.423811701564 16.1990852621102
0.0384950000000001 0.429388905164001 16.7687103740193
0.038995 0.434966108764 16.7222225231429
0.039495 0.440543312363999 16.7716799737449
0.039995 0.446120515964 17.0928922553115
0.0404950000000001 0.451697719564001 17.2196197760149
0.0409949999999999 0.457274923163999 17.7743094090943
0.041495 0.462852126764 17.7208591055046
0.041995 0.468429330364 17.7935495992645
0.0424950000000001 0.474006533964001 18.2094510044894
0.0429949999999999 0.479583737563999 18.3000608734067
0.043495 0.485160941164 18.7595143656536
0.0439950000000001 0.490738144764001 18.2317732436373
0.0444950000000001 0.496315348364001 18.7910652467853
0.0449949999999999 0.501892551963999 18.8738212696608
0.045495 0.507469755564 19.2161027157855
0.0459950000000001 0.513046959164001 19.5816309784289
0.046495 0.518624162764 19.2634477156697
0.046995 0.524201366363999 20.0454825615679
0.047495 0.529778569964 19.8421480295228
0.0479950000000001 0.535355773564001 20.3183582051857
0.048495 0.540932977164 20.152030896182
0.048995 0.546510180764 20.2564164260753
0.049495 0.552087384364 21.0245223444936
0.0499950000000001 0.557664587964001 20.6624990728698
0.0504949999999999 0.563241791563999 21.1096938601245
0.050995 0.568818995164 21.3030616142914
0.0514950000000001 0.574396198764001 21.5674165681264
0.0519950000000001 0.579973402364001 21.6393125265502
0.0524949999999999 0.585550605963999 21.7677764931803
0.052995 0.591127809564 22.1085090221445
0.0534950000000001 0.596705013164001 22.1230655230594
0.053995 0.602282216764 22.1352384940026
0.054495 0.607859420363999 22.51965220725
0.054995 0.613436623964 22.4785031425689
0.0554950000000001 0.619013827564001 22.9031082410428
0.055995 0.624591031164 23.0287050051672
0.056495 0.630168234764 23.0889610631742
0.056995 0.635745438364 23.6939423954938
0.0574950000000001 0.641322641964001 23.61482889986
0.0579949999999999 0.646899845563999 24.1755893431283
0.058495 0.652477049164 23.8089974768162
0.0589950000000001 0.658054252764001 24.3079129119595
0.0594950000000001 0.663631456364001 24.7451460620282
0.0599949999999999 0.669208659963999 24.7692638633923
0.060495 0.674785863564 25.1843410507654
0.0609950000000001 0.680363067164001 24.9443757070782
0.061495 0.685940270764 25.5348483125273
0.061995 0.691517474363999 25.6417887638509
0.062495 0.697094677964 25.7750937029958
0.0629950000000001 0.702671881564001 25.869546922332
0.0634949999999999 0.708249085163999 26.1469763773636
0.063995 0.713826288764 26.3172789273894
0.064495 0.719403492364 26.5199819213315
0.0649950000000001 0.724980695964001 26.578945160872
0.0654949999999999 0.730557899563999 26.8257630596749
0.065995 0.736135103164 27.0764158957653
0.0664950000000001 0.741712306764001 27.3409487865903
0.0669950000000001 0.747289510364001 27.5793287301261
0.0674949999999999 0.752866713963999 27.4862652783803
0.067995 0.758443917564 27.8558765932042
0.0684950000000001 0.764021121164001 27.7690595297104
0.068995 0.769598324764 28.1540274318166
0.0694949999999999 0.775175528363999 28.2556600474486
0.069995 0.780752731964 28.4056170226444
0.0704950000000001 0.786329935564001 28.5279961368219
0.0709949999999999 0.791907139163999 28.5283207541265
0.071495 0.797484342764 29.0296862569619
0.071995 0.803061546364 29.0349058077766
0.0724950000000001 0.808638749964001 29.5395657860703
0.0729949999999999 0.814215953563999 29.5435023222577
0.073495 0.819793157164 29.5704988552324
0.073995 0.825370360764001 29.9894568745425
0.0744950000000001 0.830947564364001 30.3039396428592
0.0749949999999999 0.836524767963999 30.3847592176885
0.075495 0.842101971564 30.3283962385721
0.0759950000000001 0.847679175164001 30.6691530503602
0.076495 0.853256378764 31.0711059238619
0.076995 0.858833582363999 31.0280691364332
0.077495 0.864410785964 31.039443144974
0.0779950000000001 0.869987989564001 31.3766868218995
0.0784949999999999 0.875565193163999 31.6004863494767
0.078995 0.881142396764 31.8595718328877
0.079495 0.886719600364 31.6876327301955
0.0799950000000001 0.892296803964001 32.1814899130631
0.0804949999999999 0.897874007563999 32.4209203901461
0.080995 0.903451211164 32.6594056939627
0.0814950000000001 0.909028414764001 32.6191776255199
0.0819950000000001 0.914605618364001 32.7360051611357
0.0824949999999999 0.920182821963999 33.1772388929123
0.082995 0.925760025564 33.2471997229596
0.0834950000000001 0.931337229164001 33.5818210043184
0.083995 0.936914432764 33.669313039488
0.0844949999999999 0.942491636363999 33.7494667770357
0.084995 0.948068839964 34.012433924992
0.0854950000000001 0.953646043564001 34.5179203197105
0.0859949999999999 0.959223247163999 34.4829069907951
0.086495 0.964800450764 34.5043185072143
0.086995 0.970377654364 34.7810066668225
0.0874950000000001 0.975954857964001 35.0671956508363
0.0879949999999999 0.981532061563999 35.3142473420675
0.088495 0.987109265164 35.3042997665454
0.088995 0.992686468764001 35.6165552808435
0.0894950000000001 0.998263672364001 35.8868548796602
0.0899949999999999 1.003840875964 36.0833238416021
0.090495 1.009418079564 36.2053819573879
0.0909950000000001 1.014995283164 36.2278907118197
0.0914950000000001 1.020572486764 36.4039204526736
0.091995 1.026149690364 36.6216136083021
0.092495 1.031726893964 37.0718386491089
0.0929950000000001 1.037304097564 37.2185808698717
0.0934949999999999 1.042881301164 37.2812341305815
0.093995 1.048458504764 37.3291730514661
0.094495 1.054035708364 37.6604393257807
0.0949950000000001 1.059612911964 37.832853618466
0.0954949999999999 1.065190115564 37.9992113763919
0.095995 1.070767319164 38.280823919774
0.0964950000000001 1.076344522764 38.50808073284
0.0969950000000001 1.081921726364 38.7717793469502
0.0974949999999999 1.087498929964 38.7343264286794
0.097995 1.093076133564 39.0914340143955
0.0984950000000001 1.098653337164 39.2699782482855
0.098995 1.104230540764 39.5648256424833
0.0994949999999999 1.109807744364 39.4306867869274
0.099995 1.115384947964 39.7992477753838
0.100495 1.120962151564 40.0150624011038
0.100995 1.126539355164 40.2364059353535
0.101495 1.132116558764 40.3852611485576
0.101995 1.137693762364 40.4928395016025
0.102495 1.143270965964 41.1521459103546
0.102995 1.148848169564 41.0646747456686
0.103495 1.154425373164 41.2715033559202
0.103995 1.160002576764 41.1922948277562
0.104495 1.165579780364 41.6267008789659
0.104995 1.171156983964 41.7257269222345
0.105495 1.176734187564 41.9624529873338
0.105995 1.182311391164 42.0937059501411
0.106495 1.187888594764 42.2745303231036
0.106995 1.193465798364 42.6496843493409
0.107495 1.199043001964 42.4869975873951
0.107995 1.204620205564 42.6722944630974
0.108495 1.210197409164 42.9805885435789
0.108995 1.215774612764 43.2434088819707
0.109495 1.221351816364 43.3352358095386
0.109995 1.226929019964 43.6019869624466
0.110495 1.232506223564 43.6258152670821
0.110995 1.238083427164 43.7613763069513
0.111495 1.243660630764 44.1561122644135
0.111995 1.249237834364 44.2871909816557
0.112495 1.254815037964 44.3964462179836
0.112995 1.260392241564 44.5870612335556
0.113495 1.265969445164 44.8305607009553
0.113995 1.271546648764 44.998492908348
0.114495 1.277123852364 44.9235056319313
0.114995 1.282701055964 45.2176910768442
0.115495 1.288278259564 45.5584741796689
0.115995 1.293855463164 45.7190599567102
0.116495 1.299432666764 45.7025681670344
0.116995 1.305009870364 45.9670920858352
0.117495 1.310587073964 46.1387505913433
0.117995 1.316164277564 46.5049204498743
0.118495 1.321741481164 46.259737884573
0.118995 1.327318684764 46.4614812007313
0.119495 1.332895888364 46.6201634584811
0.119995 1.338473091964 47.0943111745953
0.120495 1.344050295564 47.2752606151939
0.120995 1.349627499164 47.2264269118618
0.121495 1.355204702764 47.3925726352663
0.121995 1.360781906364 47.4389061337774
0.122495 1.366359109964 47.8718297965731
0.122995 1.371936313564 47.9097338524016
0.123495 1.377513517164 48.0911034201925
0.123995 1.383090720764 48.2371229849724
0.124495 1.388667924364 48.3584774374744
0.124995 1.394245127964 48.5077466689713
0.125495 1.399822331564 48.9281158668095
0.125995 1.405399535164 49.0812966443194
0.126495 1.410976738764 48.7782954796403
0.126995 1.416553942364 49.2627739748805
0.127495 1.422131145964 49.4254210415374
0.127995 1.427708349564 49.685081560496
0.128495 1.433285553164 49.6380794938405
0.128995 1.438862756764 49.9397959995391
0.129495 1.444439960364 49.853958979618
0.129995 1.450017163964 50.1012801752848
0.130495 1.455594367564 50.4301167234128
0.130995 1.461171571164 50.398840588149
0.131495 1.466748774764 50.6520531017105
0.131995 1.472325978364 50.7262663340533
0.132495 1.477903181964 51.2001681169546
0.132995 1.483480385564 51.1042584486475
0.133495 1.489057589164 51.2148780997168
0.133995 1.494634792764 51.3953412798581
0.134495 1.500211996364 51.7693010071245
0.134995 1.505789199964 51.6826390604952
0.135495 1.511366403564 51.6722967401072
0.135995 1.516943607164 52.2050538700711
0.136495 1.522520810764 52.0864254116017
0.136995 1.528098014364 52.3940993107512
0.137495 1.533675217964 52.2732310144753
0.137995 1.539252421564 52.6578041972699
0.138495 1.544829625164 52.76448923061
0.138995 1.550406828764 52.8372381072179
0.139495 1.555984032364 52.83070149163
0.139995 1.561561235964 53.0863714289649
0.140495 1.567138439564 53.6110636925903
0.140995 1.572715643164 53.215531700233
0.141495 1.578292846764 53.5895695343256
0.141995 1.583870050364 53.6342974049828
0.142495 1.589447253964 54.1228511789678
0.142995 1.595024457564 53.9508080394807
0.143495 1.600601661164 54.0630197213576
0.143995 1.606178864764 54.186354679609
0.144495 1.611756068364 54.2670474197881
0.144995 1.617333271964 54.694526201592
0.145495 1.622910475564 54.3965992315892
0.145995 1.628487679164 55.044152691475
0.146495 1.634064882764 54.7688046136847
0.146995 1.639642086364 55.2546707905066
0.147495 1.645219289964 55.2423958833338
0.147995 1.650796493564 55.4021974747473
0.148495 1.656373697164 55.4878920477821
0.148995 1.661950900764 55.6590696677748
0.149495 1.667528104364 55.815000522268
0.149995 1.673105307964 55.6493669288604
0.150495 1.678682511564 56.3017310988637
0.150995 1.684259715164 56.0967559748522
0.151495 1.689836918764 56.5741756847502
0.151995 1.695414122364 56.1484745965163
0.152495 1.700991325964 56.8766674690616
0.152995 1.706568529564 56.7106337091051
0.153495 1.712145733164 56.8625340076862
0.153995 1.717722936764 56.8341088120752
0.154495 1.723300140364 57.2701675738582
0.154995 1.728877343964 57.3100359432859
0.155495 1.734454547564 57.1529018321649
0.155995 1.740031751164 57.6129129929715
0.156495 1.745608954764 57.571554062567
0.156995 1.751186158364 57.9203606982279
0.157495 1.756763361964 57.6022291637513
0.157995 1.762340565564 58.0605837572227
0.158495 1.767917769164 58.0520860737747
0.158995 1.773494972764 58.5949081668923
0.159495 1.779072176364 58.4342895966826
0.159995 1.784649379964 58.5534835364215
0.160495 1.790226583564 58.7412376967272
0.160995 1.795803787164 58.7665970917516
0.161495 1.801380990764 59.1018148268642
0.161995 1.806958194364 58.9453954187381
0.162495 1.812535397964 59.1860841147192
0.162995 1.818112601564 59.2955665700874
0.163495 1.823689805164 59.7628955836899
0.163995 1.829267008764 59.6754191197659
0.164495 1.834844212364 59.6767274259619
0.164995 1.840421415964 59.8555299977678
0.165495 1.845998619564 60.2080005373921
0.165995 1.851575823164 60.2844223085122
0.166495 1.857153026764 60.2451041657689
0.166995 1.862730230364 60.6273084841503
0.167495 1.868307433964 60.4671553343425
0.167995 1.873884637564 60.8865506622439
0.168495 1.879461841164 60.6413462962125
0.168995 1.885039044764 61.0579249791817
0.169495 1.890616248364 61.0214209352178
0.169995 1.896193451964 61.293981383713
0.170495 1.901770655564 61.4769693052669
0.170995 1.907347859164 61.3938024410853
0.171495 1.912925062764 61.8484126804976
0.171995 1.918502266364 61.6440894481309
0.172495 1.924079469964 62.2408158271554
0.172995 1.929656673564 61.9148049033532
0.173495 1.935233877164 62.3254731019793
0.173995 1.940811080764 62.2231190729374
0.174495 1.946388284364 62.4339422929999
0.174995 1.951965487964 62.4690189920526
0.175495 1.957542691564 62.5668002083273
0.175995 1.963119895164 63.1014675324156
0.176495 1.968697098764 62.6898278258974
0.176995 1.974274302364 63.1788843572665
0.177495 1.979851505964 63.0380521911073
0.177995 1.985428709564 63.6522704644137
0.178495 1.991005913164 63.2738930645842
0.178995 1.996583116764 63.2988673738909
0.179495 2.002160320364 63.7800666357301
0.179995 2.007737523964 63.6854751546149
0.180495 2.013314727564 64.1176523150968
0.180995 2.018891931164 63.6851182562909
0.181495 2.024469134764 64.4372516597264
0.181995 2.030046338364 64.1927465155214
0.182495 2.035623541964 64.5950611926774
0.182995 2.041200745564 64.5288455020646
0.183495 2.046777949164 64.5125442306171
0.183995 2.052355152764 64.6412812182283
0.184495 2.057932356364 64.7474851931894
0.184995 2.063509559964 65.0029198860796
0.185495 2.069086763564 64.7733934892119
0.185995 2.074663967164 65.4199566977734
0.186495 2.080241170764 65.2918804864412
0.186995 2.085818374364 65.5853303280279
0.187495 2.091395577964 65.5733935171001
0.187995 2.096972781564 65.7098232178509
0.188495 2.102549985164 65.9384981715295
0.188995 2.108127188764 66.022767583109
0.189495 2.113704392364 66.1591789735774
0.189995 2.119281595964 66.2292297326193
0.190495 2.124858799564 66.440201393907
0.190995 2.130436003164 66.1927495069496
0.191495 2.136013206764 66.7714402948543
0.191995 2.141590410364 66.7545255949336
0.192495 2.147167613964 66.7835375508124
0.192995 2.152744817564 66.9650476662281
0.193495 2.158322021164 67.1117312612877
0.193995 2.163899224764 67.2846945976727
0.194495 2.169476428364 66.9715917540881
0.194995 2.175053631964 67.3836515452923
0.195495 2.180630835564 67.5625579808554
0.195995 2.186208039164 67.7738775744229
0.196495 2.191785242764 67.4922331987595
0.196995 2.197362446364 67.8748538026826
0.197495 2.202939649964 67.9422117988419
0.197995 2.208516853564 68.219031781014
0.198495 2.214094057164 68.4460489012767
0.198995 2.219671260764 68.1981098339305
0.199495 2.225248464364 68.7110147208599
0.199995 2.230825667964 68.7315407138295
0.200495 2.236402871564 68.8815579857214
0.200995 2.241980075164 68.6534910157857
0.201495 2.247557278764 68.9812877110689
0.201995 2.253134482364 68.9832813735797
0.202495 2.258711685964 69.3378247778749
0.202995 2.264288889564 69.3041538022418
0.203495 2.269866093164 69.159150239208
0.203995 2.275443296764 69.8025613494386
0.204495 2.281020500364 69.7385702345787
0.204995 2.286597703964 69.9403681532504
0.205495 2.292174907564 69.850559883505
0.205995 2.297752111164 70.1462431360848
0.206495 2.303329314764 69.9877179751954
0.206995 2.308906518364 70.4056091215937
0.207495 2.314483721964 70.7662017967406
0.207995 2.320060925564 70.4385692577619
0.208495 2.325638129164 70.549056195826
0.208995 2.331215332764 70.6254616474043
0.209495 2.336792536364 71.1688033078592
0.209995 2.342369739964 70.9524728281029
0.210495 2.347946943564 71.2607135435683
0.210995 2.353524147164 71.2787839641364
0.211495 2.359101350764 71.417404273119
0.211995 2.364678554364 71.5703924470531
0.212495 2.370255757964 71.6082714653414
0.212995 2.375832961564 71.7605776672936
0.213495 2.381410165164 71.8589394470799
0.213995 2.386987368764 72.1109453971291
0.214495 2.392564572364 72.2074314496972
0.214995 2.398141775964 72.3640958580891
0.215495 2.403718979564 72.2372433564793
0.215995 2.409296183164 72.5636728495018
0.216495 2.414873386764 72.8381873897733
0.216995 2.420450590364 72.7812551746217
0.217495 2.426027793964 73.0883645530804
0.217995 2.431604997564 73.085518071871
0.218495 2.437182201164 73.4028336817446
0.218995 2.442759404764 73.2610061380079
0.219495 2.448336608364 73.4790235615387
0.219995 2.453913811964 73.2658077911963
0.220495 2.459491015564 73.6357136841386
0.220995 2.465068219164 73.7164340737499
0.221495 2.470645422764 73.7524163165554
0.221995 2.476222626364 74.1084991586262
0.222495 2.481799829964 74.0757800977694
0.222995 2.487377033564 74.3501394851131
0.223495 2.492954237164 74.3696883733282
0.223995 2.498531440764 74.6768771766907
0.224495 2.504108644364 74.4957556586005
0.224995 2.509685847964 74.942112824805
0.225495 2.515263051564 74.8213733860538
0.225995 2.520840255164 75.1120010874167
0.226495 2.526417458764 75.2022673763566
0.226995 2.531994662364 75.3188582607958
0.227495 2.537571865964 75.5344706103748
0.227995 2.543149069564 75.5443827663444
0.228495 2.548726273164 75.7202500455744
0.228995 2.554303476764 75.8485653104318
0.229495 2.559880680364 76.0483683324993
0.229995 2.565457883964 76.0936575755804
0.230495 2.571035087564 75.9097350538846
0.230995 2.576612291164 76.1183396240421
0.231495 2.582189494764 76.4759669217402
0.231995 2.587766698364 76.6747803438023
0.232495 2.593343901964 76.4660358976963
0.232995 2.598921105564 76.7362200287021
0.233495 2.604498309164 77.0223237984468
0.233995 2.610075512764 76.8849692770579
0.234495 2.615652716364 77.2128882316665
0.234995 2.621229919964 77.4030462329677
0.235495 2.626807123564 77.3653032027214
0.235995 2.632384327164 77.5603566563702
0.236495 2.637961530764 77.6213369805354
0.236995 2.643538734364 77.6396837800353
0.237495 2.649115937964 78.0053261686634
0.237995 2.654693141564 77.8399332207649
0.238495 2.660270345164 78.2864096911669
0.238995 2.665847548764 78.1519094329966
0.239495 2.671424752364 78.7499248507272
0.239995 2.677001955964 78.5176851942141
0.240495 2.682579159564 78.8104525414051
0.240995 2.688156363164 78.9651937056825
0.241495 2.693733566764 78.8200545724163
0.241995 2.699310770364 79.0569125271494
0.242495 2.704887973964 79.2212298557547
0.242995 2.710465177564 79.2605001530813
0.243495 2.716042381164 79.2603384630142
0.243995 2.721619584764 79.812601473936
0.244495 2.727196788364 79.6952724850749
0.244995 2.732773991964 79.9520597265023
0.245495 2.738351195564 79.9152252591414
0.245995 2.743928399164 79.9749524074832
0.246495 2.749505602764 80.4338477669994
0.246995 2.755082806364 80.418660993019
0.247495 2.760660009964 80.4372173940287
0.247995 2.766237213564 80.6217025735901
0.248495 2.771814417164 80.9959485890138
0.248995 2.777391620764 80.7178350619401
0.249495 2.782968824364 81.208786959456
0.249995 2.788546027964 81.0207729332804
0.250495 2.794123231564 81.3082231616528
0.250995 2.799700435164 81.270340271722
0.251495 2.805277638764 81.5558861447442
0.251995 2.810854842364 81.511902179314
0.252495 2.816432045964 81.9438332699229
0.252995 2.822009249564 82.2167454065213
0.253495 2.827586453164 81.9655244328474
0.253995 2.833163656764 82.1890341049361
0.254495 2.838740860364 82.7799304211957
0.254995 2.844318063964 82.9653386964241
0.255495 2.849895267564 82.6155513423326
0.255995 2.855472471164 82.7708615051901
0.256495 2.861049674764 83.0219268314747
0.256995 2.866626878364 83.1575663662207
0.257495 2.872204081964 83.3662254972124
0.257995 2.877781285564 83.1454911772378
0.258495 2.883358489164 83.4471837481056
0.258995 2.888935692764 83.7326636156984
0.259495 2.894512896364 83.9341976018243
0.259995 2.900090099964 83.5886867541913
0.260495 2.905667303564 84.2527155602949
0.260995 2.911244507164 84.0493433991998
0.261495 2.916821710764 84.4293009290317
0.261995 2.922398914364 84.3316164534929
0.262495 2.927976117964 84.6468531297178
0.262995 2.933553321564 84.9381983506341
0.263495 2.939130525164 84.8843885970742
0.263995 2.944707728764 84.8873520622865
0.264495 2.950284932364 84.9434824687923
0.264995 2.955862135964 84.9649014948738
0.265495 2.961439339564 85.5555722967176
0.265995 2.967016543164 85.6012848183836
0.266495 2.972593746764 85.7511509066309
0.266995 2.978170950364 85.8414789712666
0.267495 2.983748153964 86.3646338900385
0.267995 2.989325357564 86.158179557365
0.268495 2.994902561164 86.0933762767058
0.268995 3.000479764764 86.1506601425177
0.269495 3.006056968364 86.0002369086381
0.269995 3.011634171964 86.6391421861586
0.270495 3.017211375564 86.7476300989249
0.270995 3.022788579164 86.8042297250157
0.271495 3.028365782764 87.1808477895233
0.271995 3.033942986364 87.4084055391353
0.272495 3.039520189964 87.3676286784088
0.272995 3.045097393564 87.462440495776
0.273495 3.050674597164 87.6064540085561
0.273995 3.056251800764 87.7783684410666
0.274495 3.061829004364 88.1931308579584
0.274995 3.067406207964 87.891172839717
0.275495 3.072983411564 88.1619977443226
0.275995 3.078560615164 88.2071249479532
0.276495 3.084137818764 88.615109261571
0.276995 3.089715022364 88.7981757101358
0.277495 3.095292225964 88.8900386086979
0.277995 3.100869429564 88.9508991548449
0.278495 3.106446633164 89.4979966825318
0.278995 3.112023836764 89.751509316662
0.279495 3.117601040364 89.265035711651
0.279995 3.123178243964 90.0578067873205
0.280495 3.128755447564 89.8975354320601
0.280995 3.134332651164 90.8273445057046
0.281495 3.139909854764 90.2211711783544
0.281995 3.145487058364 90.6407977961846
0.282495 3.151064261964 90.8185187483493
0.282995 3.156641465564 90.7113805828308
0.283495 3.162218669164 91.1161986422237
0.283995 3.167795872764 91.8302707278187
0.284495 3.173373076364 91.2107451448612
0.284995 3.178950279964 91.1426227212368
0.285495 3.184527483564 91.3841929679935
0.285995 3.190104687164 92.0225851316389
0.286495 3.195681890764 92.1713191729843
0.286995 3.201259094364 92.0674998540701
0.287495 3.206836297964 91.9394389476859
0.287995 3.212413501564 92.7430337400931
0.288495 3.217990705164 92.4938384217705
0.288995 3.223567908764 92.5666729878743
0.289495 3.229145112364 93.5885362649846
0.289995 3.234722315964 93.2281510367083
0.290495 3.240299519564 93.4728229342926
0.290995 3.245876723164 93.8110742557318
0.291495 3.251453926764 93.934609033916
0.291995 3.257031130364 94.2438637714964
0.292495 3.262608333964 94.0360911995349
0.292995 3.268185537564 94.2712124160159
0.293495 3.273762741164 94.4662299469143
0.293995 3.279339944764 95.2093530222404
0.294495 3.284917148364 94.7232611978061
0.294995 3.290494351964 95.4455777351529
0.295495 3.296071555564 95.1743726502347
0.295995 3.301648759164 95.2902668189674
0.296495 3.307225962764 95.8407577018114
0.296995 3.312803166364 95.5165892328196
0.297495 3.318380369964 97.2739301458084
0.297995 3.323957573564 96.7346236526789
0.298495 3.329534777164 96.9989867655839
0.298995 3.335111980764 97.1525139425005
0.299495 3.340689184364 97.0077168396161
0.299995 3.346266387964 97.5736074556937
0.300495 3.351843591564 97.7426737689041
0.300995 3.357420795164 97.8838412486084
0.301495 3.362997998764 97.9684588043324
0.301995 3.368575202364 99.2708819674644
0.302495 3.374152405964 98.407295115756
0.302995 3.379729609564 99.1609818771464
0.303495 3.385306813164 98.8430781110866
0.303995 3.390884016764 99.3691443982903
0.304495 3.396461220364 99.9188728299927
0.304995 3.402038423964 99.6890503472486
0.305495 3.407615627564 100.734295963794
0.305995 3.413192831164 100.682707965161
0.306495 3.418770034764 100.880834100555
0.306995 3.424347238364 101.319265762565
0.307495 3.429924441964 100.488762605591
0.307995 3.435501645564 101.938418444523
0.308495 3.441078849164 102.377934643322
0.308995 3.446656052764 102.143534523206
0.309495 3.452233256364 103.272969694439
0.309995 3.457810459964 103.006022941492
0.310495 3.463387663564 103.2420326513
0.310995 3.468964867164 103.516350570664
0.311495 3.474542070764 103.214186370873
0.311995 3.480119274364 104.207549765608
0.312495 3.485696477964 104.626328931481
0.312995 3.491273681564 105.164614991715
0.313495 3.496850885164 104.843377841765
0.313995 3.502428088764 106.052321078119
0.314495 3.508005292364 106.252341980947
0.314995 3.513582495964 105.692383961827
0.315495 3.519159699564 106.284589295746
0.315995 3.524736903164 106.980306882604
0.316495 3.530314106764 106.405905299596
0.316995 3.535891310364 107.560530287308
0.317495 3.541468513964 107.053499682438
0.317995 3.547045717564 107.977323396042
0.318495 3.552622921164 108.351346171785
0.318995 3.558200124764 108.634822755331
0.319495 3.563777328364 109.60342117895
0.319995 3.569354531964 109.894241189665
0.320495 3.574931735564 109.732002182759
0.320995 3.580508939164 111.126400392057
0.321495 3.586086142764 110.750307009149
0.321995 3.591663346364 111.274089717631
0.322495 3.597240549964 111.041000921065
0.322995 3.602817753564 111.879005251512
0.323495 3.608394957164 112.444860890811
0.323995 3.613972160764 113.073662685648
0.324495 3.619549364364 113.287900177624
0.324995 3.625126567964 113.575679979529
0.325495 3.630703771564 114.003985803213
0.325995 3.636280975164 114.594210609328
0.326495 3.641858178764 114.279903514033
0.326995 3.647435382364 115.222936722769
0.327495 3.653012585964 115.400606515263
0.327995 3.658589789564 116.350025448431
0.328495 3.664166993164 116.084735779887
0.328995 3.669744196764 116.340255989603
0.329495 3.675321400364 117.705929108336
0.329995 3.680898603964 117.279349869847
0.330495 3.686475807564 117.925186597638
0.330995 3.692053011164 118.089044371752
0.331495 3.697630214764 118.353780922651
0.331995 3.703207418364 120.159114962895
0.332495 3.708784621964 119.14300458302
0.332995 3.714361825564 120.360166973027
0.333495 3.719939029164 120.028825550189
0.333995 3.725516232764 121.281478131501
0.334495 3.731093436364 122.895604311594
0.334995 3.736670639964 121.95858658635
0.335495 3.742247843564 123.262368780581
0.335995 3.747825047164 123.432049495343
0.336495 3.753402250764 123.665141468958
0.336995 3.758979454364 124.140449296628
0.337495 3.764556657964 124.28420688311
0.337995 3.770133861564 125.935346082523
0.338495 3.775711065164 125.429481652645
0.338995 3.781288268764 125.687692077183
0.339495 3.786865472364 127.571230330629
0.339995 3.792442675964 125.410691217895
0.340495 3.798019879564 128.303170254425
0.340995 3.803597083164 127.440487288013
0.341495 3.809174286764 129.448232301304
0.341995 3.814751490364 128.766325079266
0.342495 3.820328693964 129.671420307566
0.342995 3.825905897564 130.398357010312
0.343495 3.831483101164 129.95104957492
0.343995 3.837060304764 132.310831264507
0.344495 3.842637508364 130.322070877891
0.344995 3.848214711964 132.181966913085
0.345495 3.853791915564 133.726466089153
0.345995 3.859369119164 132.250663193627
0.346495 3.864946322764 134.532698569266
0.346995 3.870523526364 133.5123416455
0.347495 3.876100729964 135.34523938361
0.347995 3.881677933564 135.439494062742
0.348495 3.887255137164 135.160291906686
0.348995 3.892832340764 137.513630082166
0.349495 3.898409544364 137.009817843962
0.349995 3.903986747964 136.449673953458
0.350495 3.909563951564 139.420245487462
0.350995 3.915141155164 138.705554037761
0.351495 3.920718358764 139.65320472676
0.351995 3.926295562364 139.843311145995
0.352495 3.931872765964 140.643276060421
0.352995 3.937449969564 141.381324517715
0.353495 3.943027173164 140.971160120225
0.353995 3.948604376764 143.386531450784
0.354495 3.954181580364 141.370838451606
0.354995 3.959758783964 143.601587143161
0.355495 3.965335987564 144.568430774551
0.355995 3.970913191164 144.002862562026
0.356495 3.976490394764 146.333009788087
0.356995 3.982067598364 145.981358905833
0.357495 3.987644801964 146.489908718932
0.357995 3.993222005564 147.102607521282
0.358495 3.998799209164 146.979235097966
0.358995 4.004376412764 148.140988853896
0.359495 4.009953616364 148.844197081345
0.359995 4.015530819964 149.785789244976
0.360495 4.021108023564 150.708800660721
0.360995 4.026685227164 150.655612425667
0.361495 4.032262430764 152.586538633436
0.361995 4.037839634364 152.229788290776
0.362495 4.043416837964 152.912274007048
0.362995 4.048994041564 152.738648076937
0.363495 4.054571245164 154.522868588439
0.363995 4.060148448764 156.578100657242
0.364495 4.065725652364 157.23440159295
0.364995 4.071302855964 156.251629475066
0.365495 4.076880059564 156.90754725532
0.365995 4.082457263164 157.746780139086
0.366495 4.088034466764 158.722397699861
0.366995 4.093611670364 159.337797788255
0.367495 4.099188873964 160.003905212563
0.367995 4.104766077564 160.217920671784
0.368495 4.110343281164 161.158219344448
0.368995 4.115920484764 162.194837399986
0.369495 4.121497688364 162.18012230206
0.369995 4.127074891964 163.514074347739
0.370495 4.132652095564 163.33917565342
0.370995 4.138229299164 164.508335974848
0.371495 4.143806502764 165.919206017362
0.371995 4.149383706364 166.841225112301
0.372495 4.154960909964 166.422979958494
0.372995 4.160538113564 166.686901031203
0.373495 4.166115317164 168.003408662911
0.373995 4.171692520764 169.765144441486
0.374495 4.177269724364 170.601296052053
0.374995 4.182846927964 170.583871882
0.375495 4.188424131564 171.621315393992
0.375995 4.194001335164 173.464029434539
0.376495 4.199578538764 174.008173086493
0.376995 4.205155742364 175.156765794927
0.377495 4.210732945964 174.509229060584
0.377995 4.216310149564 174.901361690515
0.378495 4.221887353164 175.69763127736
0.378995 4.227464556764 176.312921772518
0.379495 4.233041760364 178.471674634195
0.379995 4.238618963964 179.474007902452
0.380495 4.244196167564 180.194488788936
0.380995 4.249773371164 181.145567356767
0.381495 4.255350574764 181.863472020223
0.381995 4.260927778364 182.923684947067
0.382495 4.266504981964 184.489136561289
0.382995 4.272082185564 183.546798253186
0.383495 4.277659389164 185.324338653836
0.383995 4.283236592764 186.32776897995
0.384495 4.288813796364 186.797094729975
0.384995 4.294390999964 188.093854734817
0.385495 4.299968203564 188.743857257417
0.385995 4.305545407164 189.445817971856
0.386495 4.311122610764 190.568496817935
0.386995 4.316699814364 191.680044882937
0.387495 4.322277017964 192.863439790549
0.387995 4.327854221564 191.626217942416
0.388495 4.333431425164 193.739787893665
0.388995 4.339008628764 194.702947383613
0.389495 4.344585832364 192.889558423172
0.389995 4.350163035964 178.277106663359
0.390495 4.355740239564 134.347883566241
0.390995 4.361317443164 83.2710535510572
0.391495 4.366894646764 58.612706874448
0.391995 4.372471850364 48.4439594504788
0.392495 4.378049053964 38.9075581548571
0.392995 4.383626257564 28.0258883586527
0.393495 4.389203461164 14.7689361149526
0.393995 4.394780664764 1.91360623525275
0.394495 4.400357868364 -8.74073083841253
0.394995 4.405935071964 -14.9710700746134
0.395495 4.411512275564 -14.8958652199006
0.395995 4.417089479164 -8.79684845943433
0.396495 4.422666682764 -2.2987917337159
0.396995 4.428243886364 2.07242263641597
0.397495 4.433821089964 4.29515030542924
0.397995 4.439398293564 4.46449721057554
0.398495 4.444975497164 2.51999377726136
0.398995 4.450552700764 1.32514977675112
0.399495 4.456129904364 -0.271141005187447
0.399995 4.461707107964 -0.846582001454372
0.400495 4.467284311564 -2.03105212861412
0.400995 4.472861515164 -1.38062163379323
0.401495 4.478438718764 -0.395625469022185
0.401995 4.484015922364 -0.111475320226443
0.402495 4.489593125964 0.853043495965307
0.402995 4.495170329564 1.69021244759829
0.403495 4.500747533164 1.98064275138151
0.403995 4.506324736764 1.27785221273655
0.404495 4.511901940364 0.110761167874962
0.404995 4.517479143964 -0.764925294846492
0.405495 4.523056347564 -1.42007806909261
0.405995 4.528633551164 -1.58173929473083
0.406495 4.534210754764 -0.893314770954887
0.406995 4.539787958364 -0.68521244459999
0.407495 4.545365161964 0.0229506921200967
0.407995 4.550942365564 0.746161429781861
0.408495 4.556519569164 0.851192479286019
0.408995 4.562096772764 1.03598869027374
0.409495 4.567673976364 0.920243061578728
0.409995 4.573251179964 -0.205470325011616
0.410495 4.578828383564 -0.613859646053354
0.410995 4.584405587164 -1.69703535337919
0.411495 4.589982790764 -1.66063483658598
0.411995 4.595559994364 -0.409333753800431
0.412495 4.601137197964 0.562952636348892
0.412995 4.606714401564 1.00116696666416
0.413495 4.612291605164 1.74120326003267
0.413995 4.617868808764 0.603915922520573
0.414495 4.623446012364 -0.38100694173885
0.414995 4.629023215964 -1.08592002011528
0.415495 4.634600419564 -1.4343157914005
0.415995 4.640177623164 -0.874907325256194
0.416495 4.645754826764 -0.215673066154778
0.416995 4.651332030364 0.204524890142447
0.417495 4.656909233964 0.424778031767261
0.417995 4.662486437564 1.0103725924015
0.418495 4.668063641164 0.93741272060093
0.418995 4.673640844764 0.29421686231018
0.419495 4.679218048364 0.161316642993917
0.419995 4.684795251964 -0.321454974217686
0.420495 4.690372455564 -1.44172311844201
0.420995 4.695949659164 -0.909729321476168
0.421495 4.701526862764 -1.45273762937696
0.421995 4.707104066364 -0.700068209834103
0.422495 4.712681269964 0.0312844695115654
0.422995 4.718258473564 0.0714534584362836
0.423495 4.723835677164 0.734301260324757
0.423995 4.729412880764 0.711598749534049
0.424495 4.734990084364 1.08365059052185
0.424995 4.740567287964 0.289416059541457
0.425495 4.746144491564 0.538600926793114
0.425995 4.751721695164 -0.640669071381509
0.426495 4.757298898764 -0.932034654545172
0.426995 4.762876102364 -1.01685825304035
0.427495 4.768453305964 -1.21743197551667
0.427995 4.774030509564 -0.615882153971885
0.428495 4.779607713164 0.285825328066561
0.428995 4.785184916764 0.752787899328959
0.429495 4.790762120364 1.04045447657193
0.429995 4.796339323964 0.882198693915366
0.430495 4.801916527564 0.714517275809345
0.430995 4.807493731164 -0.0491497058716183
0.431495 4.813070934764 -0.372797253709094
0.431995 4.818648138364 -0.598491962409749
0.432495 4.824225341964 -0.232753177801847
0.432995 4.829802545564 -0.480830712910578
0.433495 4.835379749164 0.451646205085211
0.433995 4.840956952764 0.444090122763254
0.434495 4.846534156364 0.651803065206683
0.434995 4.852111359964 0.76764797124012
0.435495 4.857688563564 0.508120116177417
0.435995 4.863265767164 0.167948554294279
0.436495 4.868842970764 -0.0657604859109779
0.436995 4.874420174364 -0.516078584062773
0.437495 4.879997377964 -0.26189928505351
0.437995 4.885574581564 0.412285253231219
0.438495 4.891151785164 0.366573790325314
0.438995 4.896728988764 0.720056061867196
0.439495 4.902306192364 0.493307385643401
0.439995 4.907883395964 0.425120200202953
0.440495 4.913460599564 -0.00517796901358181
0.440995 4.919037803164 0.0851139794399696
0.441495 4.924615006764 -0.678944605559189
0.441995 4.930192210364 -0.443443261806743
0.442495 4.935769413964 -0.461046450563397
0.442995 4.941346617564 -0.48934408430402
0.443495 4.946923821164 0.122120200249649
0.443995 4.952501024764 0.378271196317004
0.444495 4.958078228364 0.524385650151008
0.444995 4.963655431964 0.579891922675157
0.445495 4.969232635564 0.452315526848927
0.445995 4.974809839164 0.0610712053735469
0.446495 4.980387042764 0.0239444751560035
0.446995 4.985964246364 0.324621381816856
0.447495 4.991541449964 -0.300223084596205
0.447995 4.997118653564 -0.0945651872074198
0.448495 5.002695857164 -0.32685565448376
0.448995 5.008273060764 -0.0654403483893163
0.449495 5.013850264364 0.298810612444818
0.449995 5.019427467964 0.250891124337767
0.450495 5.025004671564 0.272851513021639
0.450995 5.030581875164 0.0130677192965188
0.451495 5.036159078764 0.483630113588275
0.451995 5.041736282364 -0.158364150723918
0.452495 5.047313485964 -0.214502460082233
0.452995 5.052890689564 -0.262732912306763
0.453495 5.058467893164 0.0834587517829108
0.453995 5.064045096764 -0.0599591013155447
0.454495 5.069622300364 -0.0334241285140678
0.454995 5.075199503964 0.139293424586806
0.455495 5.080776707564 0.153441944708729
0.455995 5.086353911164 -0.071712755167024
0.456495 5.091931114764 -0.196178297768362
0.456995 5.097508318364 -0.381202509751816
0.457495 5.103085521964 -0.661385812781658
0.457995 5.108662725564 -0.476886561967835
0.458495 5.114239929164 0.105526721840562
0.458995 5.119817132764 -0.106351984867371
0.459495 5.125394336364 0.56093254489329
0.459995 5.130971539964 0.0693212208876343
0.460495 5.136548743564 0.640650242667306
0.460995 5.142125947164 -0.173898198924563
0.461495 5.147703150764 0.444292651454518
0.461995 5.153280354364 0.439064791179629
0.462495 5.158857557964 -0.0749904204849557
0.462995 5.164434761564 0.121688661591182
0.463495 5.170011965164 0.0662551359827953
0.463995 5.175589168764 -0.314748851085053
0.464495 5.181166372364 -0.201034717793921
0.464995 5.186743575964 0.454754094632777
0.465495 5.192320779564 0.60376014612163
0.465995 5.197897983164 0.395577518577995
0.466495 5.203475186764 0.284360732933824
0.466995 5.209052390364 0.140431101697033
0.467495 5.214629593964 -0.331865176270623
0.467995 5.220206797564 0.0947734967810159
0.468495 5.225784001164 -0.618359696444607
0.468995 5.231361204764 -0.382408143164295
0.469495 5.236938408364 -0.275896373900014
0.469995 5.242515611964 -0.291854826404141
0.470495 5.248092815564 -0.0622090096836182
0.470995 5.253670019164 -0.120534165077321
0.471495 5.259247222764 0.108375815723081
0.471995 5.264824426364 -0.1109097628129
0.472495 5.270401629964 -0.127787489976923
0.472995 5.275978833564 -0.0730844251377843
0.473495 5.281556037164 0.0938049858188657
0.473995 5.287133240764 -0.272125030234516
0.474495 5.292710444364 -0.0488576915689774
0.474995 5.298287647964 0.0858335493780216
0.475495 5.303864851564 -0.349440470674895
0.475995 5.309442055164 -0.122825138431101
0.476495 5.315019258764 0.18151318816718
0.476995 5.320596462364 0.224250702222751
0.477495 5.326173665964 0.146691153640803
0.477995 5.331750869564 -0.0356672529773722
0.478495 5.337328073164 -0.0893756809319512
0.478995 5.342905276764 -0.363250262222301
0.479495 5.348482480364 -0.969442182467311
0.479995 5.354059683964 -0.518673500571809
0.480495 5.359636887564 -0.222535421989341
0.480995 5.365214091164 0.38778657258581
0.481495 5.370791294764 0.0366599786816369
0.481995 5.376368498364 1.01629715959633
0.482495 5.381945701964 0.717048668497447
0.482995 5.387522905564 0.214178784266495
0.483495 5.393100109164 0.0847211265505669
0.483995 5.398677312764 -0.294331214425339
0.484495 5.404254516364 -0.28274770474107
0.484995 5.409831719964 -0.408189696004733
0.485495 5.415408923564 -0.294261129597143
0.485995 5.420986127164 0.0656842829110396
0.486495 5.426563330764 0.678384864502728
0.486995 5.432140534364 0.478939164017631
0.487495 5.437717737964 0.0821738450535816
0.487995 5.443294941564 0.123557313306124
0.488495 5.448872145164 0.359551431279642
0.488995 5.454449348764 0.106337966711831
0.489495 5.460026552364 0.111766082886573
0.489995 5.465603755964 0.089620662609086
0.490495 5.471180959564 0.0710344562643198
0.490995 5.476758163164 -0.197356601484742
0.491495 5.482335366764 -0.515645325545689
0.491995 5.487912570364 -0.713805148468971
0.492495 5.493489773964 -0.105311255840001
0.492995 5.499066977564 -0.28343324931294
0.493495 5.504644181164 -0.0172994016441988
0.493995 5.510221384764 0.126212531318106
0.494495 5.515798588364 0.647311371467951
0.494995 5.521375791964 0.377568350315902
0.495495 5.526952995564 -0.147879191873591
0.495995 5.532530199164 -0.264286427093818
0.496495 5.538107402764 -0.238284760809302
0.496995 5.543684606364 -0.773447612788099
0.497495 5.549261809964 -0.366564388098751
0.497995 5.554839013564 -0.637214521579302
0.498495 5.560416217164 -0.0712443740787919
0.498995 5.565993420764 -0.0716247013397638
0.499495 5.571570624364 -0.447623105352213
0.499995 5.577147827964 0.15857289911751
0.500495 5.582725031564 0.188560613958535
0.500995 5.588302235164 0.101695063962855
0.501495 5.593879438764 -0.0310252251444549
0.501995 5.599456642364 0.78774358074295
0.502495 5.605033845964 -0.00874651667242601
0.502995 5.610611049564 -0.173974205429296
0.503495 5.616188253164 -0.413998291540848
0.503995 5.621765456764 -0.0695750388203877
0.504495 5.627342660364 -0.103448151913158
0.504995 5.632919863964 -0.157802203377803
0.505495 5.638497067564 0.191417513694256
0.505995 5.644074271164 0.381957548116993
0.506495 5.649651474764 0.452227086030732
0.506995 5.655228678364 0.309303422190572
0.507495 5.660805881964 -0.0241300739378841
0.507995 5.666383085564 0.348243273766298
0.508495 5.671960289164 0.230591937846556
0.508995 5.677537492764 0.0151717442767025
0.509495 5.683114696364 0.075630762592746
0.509995 5.688691899964 0.274700118074611
0.510495 5.694269103564 -0.0622357317745041
0.510995 5.699846307164 -0.734128351406197
0.511495 5.705423510764 -0.289778262494206
0.511995 5.711000714364 -0.21398125909416
0.512495 5.716577917964 -0.0229972026403679
0.512995 5.722155121564 0.0559588169254998
0.513495 5.727732325164 0.0818660297399405
0.513995 5.733309528764 0.770721741983985
0.514495 5.738886732364 -0.10803954278588
0.514995 5.744463935964 -0.477773818808643
0.515495 5.750041139564 -0.813220295788986
0.515995 5.755618343164 -0.37598352835321
0.516495 5.761195546764 -0.991134013725048
0.516995 5.766772750364 -0.241524040852489
0.517495 5.772349953964 0.0784507430001756
0.517995 5.777927157564 0.265856392354431
0.518495 5.783504361164 0.490094659327804
0.518995 5.789081564764 0.398510792082644
0.519495 5.794658768364 0.645931626283825
0.519995 5.800235971964 0.278380166269922
0.520495 5.805813175564 0.115903443484843
0.520995 5.811390379164 0.127634754846904
0.521495 5.816967582764 -0.54982777803739
0.521995 5.822544786364 -0.0902097981062905
0.522495 5.828121989964 -0.783693688970067
0.522995 5.833699193564 -0.195582457901334
0.523495 5.839276397164 -0.0632005796202082
0.523995 5.844853600764 -0.352585316840675
0.524495 5.850430804364 0.395482552462103
0.524995 5.856008007964 0.608612722787298
0.525495 5.861585211564 0.427215699759617
0.525995 5.867162415164 0.0968177604740055
0.526495 5.872739618764 0.101343512008976
0.526995 5.878316822364 0.405500000097939
0.527495 5.883894025964 -0.632779830840085
0.527995 5.889471229564 -0.287711022712848
0.528495 5.895048433164 -0.482059522425813
0.528995 5.900625636764 -0.382033986877862
0.529495 5.906202840364 -0.166832073887813
0.529995 5.911780043964 -0.116302321811953
0.530495 5.917357247564 0.407840730014379
0.530995 5.922934451164 0.667098355038323
0.531495 5.928511654764 0.923080531099277
0.531995 5.934088858364 0.348055238253368
0.532495 5.939666061964 0.121796394212952
0.532995 5.945243265564 -0.142453574769671
0.533495 5.950820469164 -0.46851525037105
0.533995 5.956397672764 -0.544326153501979
0.534495 5.961974876364 -0.561638137006424
0.534995 5.967552079964 -0.338090207737203
0.535495 5.973129283564 -0.303432362599666
0.535995 5.978706487164 0.125200860796372
0.536495 5.984283690764 0.556375654636125
0.536995 5.989860894364 0.486887303864119
0.537495 5.995438097964 0.868567631593935
0.537995 6.001015301564 0.130706159786437
0.538495 6.006592505164 0.0688693218277774
0.538995 6.012169708764 0.11398718181428
0.539495 6.017746912364 -0.436215880006802
0.539995 6.023324115964 -0.315556810863232
0.540495 6.028901319564 -0.734906823881589
0.540995 6.034478523164 -0.304406191894527
0.541495 6.040055726764 -0.438155405476812
0.541995 6.045632930364 0.284888763414395
0.542495 6.051210133964 0.190566485193477
0.542995 6.056787337564 0.47890472900273
0.543495 6.062364541164 0.486916671971146
0.543995 6.067941744764 0.821968603298006
0.544495 6.073518948364 -0.213842330110555
0.544995 6.079096151964 -0.249840108366094
0.545495 6.084673355564 -0.584328399914708
0.545995 6.090250559164 -0.682685482656497
0.546495 6.095827762764 -0.324840287884425
0.546995 6.101404966364 0.0286939012321162
0.547495 6.106982169964 -0.133731439723167
0.547995 6.112559373564 0.794649698111692
0.548495 6.118136577164 0.73746985025481
0.548995 6.123713780764 0.612496386774754
0.549495 6.129290984364 0.262236824150268
0.549995 6.134868187964 0.133803380987764
0.550495 6.140445391564 -0.140027559154824
0.550995 6.146022595164 -0.390098316528424
0.551495 6.151599798764 -0.258362694717409
0.551995 6.157177002364 -0.661195185127924
0.552495 6.162754205964 0.0161082948155088
0.552995 6.168331409564 -0.0544563857572045
0.553495 6.173908613164 0.38530370254038
0.553995 6.179485816764 -0.078585275098477
0.554495 6.185063020364 0.624594130848436
0.554995 6.190640223964 0.270091093576092
0.555495 6.196217427564 0.0757183913624509
0.555995 6.201794631164 -0.0392636152780379
0.556495 6.207371834764 0.0500903519540772
0.556995 6.212949038364 -0.0662094928893103
0.557495 6.218526241964 -0.424074713834723
0.557995 6.224103445564 -0.557850452984499
0.558495 6.229680649164 -0.216429938157879
0.558995 6.235257852764 -0.270315367325459
0.559495 6.240835056364 0.340759432268924
0.559995 6.246412259964 0.442696958226499
0.560495 6.251989463564 0.86676083064032
0.560995 6.257566667164 0.250252828299204
0.561495 6.263143870764 -0.141749631075973
0.561995 6.268721074364 -0.0497473760169192
0.562495 6.274298277964 -0.0639416485072683
0.562995 6.279875481564 -0.40761923661574
0.563495 6.285452685164 0.206688070432643
0.563995 6.291029888764 -0.552739446028692
0.564495 6.296607092364 0.0289513747126793
0.564995 6.302184295964 0.0212858060321019
0.565495 6.307761499564 0.262148340459971
0.565995 6.313338703164 0.39201951107445
0.566495 6.318915906764 0.1447229924633
0.566995 6.324493110364 0.199342994846608
0.567495 6.330070313964 -0.166142406633303
0.567995 6.335647517564 -0.397081058129411
0.568495 6.341224721164 0.0527952242657268
0.568995 6.346801924764 0.0794347649908678
0.569495 6.352379128364 0.185939641782633
0.569995 6.357956331964 -0.515849513458561
0.570495 6.363533535564 0.63911154747
0.570995 6.369110739164 0.430252363335541
0.571495 6.374687942764 0.266258893827667
0.571995 6.380265146364 0.696259421810744
0.572495 6.385842349964 0.097867274859946
0.572995 6.391419553564 0.250423681555546
0.573495 6.396996757164 0.118592975494982
0.573995 6.402573960764 -0.106936574327221
0.574495 6.408151164364 -0.255439394972154
0.574995 6.413728367964 -0.777136405279152
0.575495 6.419305571564 -0.429363095842653
0.575995 6.424882775164 -0.424872244764927
0.576495 6.430459978764 0.218950653044216
0.576995 6.436037182364 0.142918118628076
0.577495 6.441614385964 0.505299496158304
0.577995 6.447191589564 0.00780211528333066
0.578495 6.452768793164 0.0172059229097115
0.578995 6.458345996764 0.0722392288539378
0.579495 6.463923200364 -0.519258475996611
0.579995 6.469500403964 -0.414582329691666
0.580495 6.475077607564 -0.403454727843104
0.580995 6.480654811164 -0.610462410029664
0.581495 6.486232014764 -0.126245426178474
0.581995 6.491809218364 0.167483868523942
0.582495 6.497386421964 0.393871314394538
0.582995 6.502963625564 -0.171793221224343
0.583495 6.508540829164 0.480996196929242
0.583995 6.514118032764 0.306202602801514
0.584495 6.519695236364 0.200244519292258
0.584995 6.525272439964 0.13203796924987
0.585495 6.530849643564 -0.111994965060067
0.585995 6.536426847164 -0.142249650468831
0.586495 6.542004050764 -0.296007285988619
0.586995 6.547581254364 -0.285064338397288
0.587495 6.553158457964 -0.850762379242758
0.587995 6.558735661564 -0.358987921891877
0.588495 6.564312865164 -0.123431992886981
0.588995 6.569890068764 0.21982402164574
0.589495 6.575467272364 0.418897851157305
0.589995 6.581044475964 0.368970247660291
0.590495 6.586621679564 0.4790154060352
0.590995 6.592198883164 -0.399459225329861
0.591495 6.597776086764 0.0162257729823353
0.591995 6.603353290364 -0.396641499044912
0.592495 6.608930493964 -0.587926170738256
0.592995 6.614507697564 -0.261968138574256
0.593495 6.620084901164 -0.244949765127779
0.593995 6.625662104764 0.0415018995701461
0.594495 6.631239308364 0.100913910237283
0.594995 6.636816511964 0.379314331406806
0.595495 6.642393715564 0.313352582227658
0.595995 6.647970919164 0.620050392744874
0.596495 6.653548122764 -0.0594251235605958
0.596995 6.659125326364 0.171383182847521
0.597495 6.664702529964 0.116647848751764
0.597995 6.670279733564 -0.0610710422894928
0.598495 6.675856937164 -0.317268795207139
0.598995 6.681434140764 -0.084442122500916
0.599495 6.687011344364 -0.265261722423921
0.599995 6.692588547964 -0.381258630623561
0.600495 6.698165751564 0.29598104378489
0.600995 6.703742955164 0.106999602387767
0.601495 6.709320158764 0.285616622331713
0.601995 6.714897362364 0.0842768276684001
0.602495 6.720474565964 -0.271064674211481
0.602995 6.726051769564 -0.0599333449885247
0.603495 6.731628973164 -0.464508119127118
0.603995 6.737206176764 0.336347401095319
0.604495 6.742783380364 -0.376200914034058
0.604995 6.748360583964 -0.0601047265793416
0.605495 6.753937787564 -0.0017199064269989
0.605995 6.759514991164 0.0404435890734465
0.606495 6.765092194764 0.018899140446465
0.606995 6.770669398364 0.374705731215901
0.607495 6.776246601964 0.663306016053722
0.607995 6.781823805564 0.289228525746417
0.608495 6.787401009164 0.0913501740328411
0.608995 6.792978212764 -0.184134083720508
0.609495 6.798555416364 -0.18150223674932
0.609995 6.804132619964 -0.843770005974463
0.610495 6.809709823564 -0.445290617719339
0.610995 6.815287027164 -0.052843067889751
0.611495 6.820864230764 -0.328909813765031
0.611995 6.826441434364 0.334042506853312
0.612495 6.832018637964 -0.290460504055932
0.612995 6.837595841564 0.444540084575918
0.613495 6.843173045164 -0.125427408111667
0.613995 6.848750248764 -0.393011724560291
0.614495 6.854327452364 0.0207152506131824
0.614995 6.859904655964 -0.537765154990591
0.615495 6.865481859564 0.151467418283414
0.615995 6.871059063164 -0.1968709020228
0.616495 6.876636266764 0.389594185829061
0.616995 6.882213470364 0.141464192191811
0.617495 6.887790673964 0.0543554278711652
0.617995 6.893367877564 0.126601996934514
0.618495 6.898945081164 0.466741219313795
0.618995 6.904522284764 -0.0304989887954107
0.619495 6.910099488364 -0.461590638745703
0.619995 6.915676691964 -0.325062150327084
0.620495 6.921253895564 -0.245999828345695
0.620995 6.926831099164 -0.0672279223483441
0.621495 6.932408302764 -0.0645008556870615
0.621995 6.937985506364 -0.34598547602193
0.622495 6.943562709964 0.391430215004384
0.622995 6.949139913564 -0.0529795004113314
0.623495 6.954717117164 -0.0877721624704531
0.623995 6.960294320764 0.0463800517970306
0.624495 6.965871524364 0.119448071472761
0.624995 6.971448727964 -0.435573027678052
0.625495 6.977025931564 -0.171666690263014
0.625995 6.982603135164 0.414115032568557
0.626495 6.988180338764 -0.186732527641903
0.626995 6.993757542364 -0.196526512584449
0.627495 6.999334745964 -0.00139325566361957
0.627995 7.004911949564 0.239572070934523
0.628495 7.010489153164 0.19231787101911
0.628995 7.016066356764 0.0807928889674191
0.629495 7.021643560364 0.414550335899361
0.629995 7.027220763964 -0.236983530056139
0.630495 7.032797967564 -0.12164717781674
0.630995 7.038375171164 0.00427056317995796
0.631495 7.043952374764 -0.368104800294796
0.631995 7.049529578364 -0.241144142774308
0.632495 7.055106781964 -0.397538363631492
0.632995 7.060683985564 -0.0266889005191605
0.633495 7.066261189164 -0.277631046603694
0.633995 7.071838392764 -0.225426537512974
0.634495 7.077415596364 0.243235511407851
0.634995 7.082992799964 -0.169308836658121
0.635495 7.088570003564 -0.16515367063479
0.635995 7.094147207164 0.266671455151234
0.636495 7.099724410764 0.213873897597933
0.636995 7.105301614364 0.0998724314400562
0.637495 7.110878817964 -0.0450562554269304
0.637995 7.116456021564 0.387152274627023
0.638495 7.122033225164 -0.0381355454865162
0.638995 7.127610428764 0.488442177418719
0.639495 7.133187632364 0.729326643831247
0.639995 7.138764835964 -0.185573032620964
0.640495 7.144342039564 0.0220700841370056
0.640995 7.149919243164 -0.163098868156455
0.641495 7.155496446764 -0.191652475829767
0.641995 7.161073650364 -0.3475521991163
0.642495 7.166650853964 -0.00692774626649779
0.642995 7.172228057564 -0.398462768373707
0.643495 7.177805261164 0.529713329705743
0.643995 7.183382464764 0.0172899684982333
0.644495 7.188959668364 -0.0970717429680148
0.644995 7.194536871964 -0.0654996156812579
0.645495 7.200114075564 0.382653058048062
0.645995 7.205691279164 0.0763713649357527
0.646495 7.211268482764 -0.0421835494952073
0.646995 7.216845686364 -0.0351568285724145
0.647495 7.222422889964 -0.283285632047705
0.647995 7.228000093564 0.433473126662853
0.648495 7.233577297164 -0.00788582654998606
0.648995 7.239154500764 0.362784509895378
0.649495 7.244731704364 -0.128699842741854
0.649995 7.250308907964 0.256855454704826
0.650495 7.255886111564 0.0601843238204419
0.650995 7.261463315164 -0.0317234317505889
0.651495 7.267040518764 0.0743575244977068
0.651995 7.272617722364 0.155806246550635
0.652495 7.278194925964 -0.130783919196845
0.652995 7.283772129564 -0.531535145787295
0.653495 7.289349333164 0.279769874401816
0.653995 7.294926536764 -0.346319366540849
0.654495 7.300503740364 0.0757122753850133
0.654995 7.306080943964 0.0532578625326639
0.655495 7.311658147564 0.237974764036452
0.655995 7.317235351164 -0.392041532484254
0.656495 7.322812554764 -0.0441708510126367
0.656995 7.328389758364 0.243969888282749
0.657495 7.333966961964 -0.318532091509873
0.657995 7.339544165564 -0.420855170135768
0.658495 7.345121369164 -0.0906342607378014
0.658995 7.350698572764 0.0405804595712047
0.659495 7.356275776364 -0.126189293309384
0.659995 7.361852979964 0.10503442749255
0.660495 7.367430183564 -0.317280570132443
0.660995 7.373007387164 0.376038781974908
0.661495 7.378584590764 -0.00439078246077864
0.661995 7.384161794364 0.788635489764888
0.662495 7.389738997964 0.0579843148377986
0.662995 7.395316201564 -0.292008606253973
0.663495 7.400893405164 0.34253493990191
0.663995 7.406470608764 -0.292672151703783
0.664495 7.412047812364 -0.195363046380324
0.664995 7.417625015964 -0.128912455661406
0.665495 7.423202219564 0.537068817546379
0.665995 7.428779423164 -0.210460150124956
0.666495 7.434356626764 -0.355775180079384
0.666995 7.439933830364 0.000588367979708947
0.667495 7.445511033964 -0.23496396478441
0.667995 7.451088237564 0.373150920488632
0.668495 7.456665441164 -0.178055815777145
0.668995 7.462242644764 0.220191589810523
0.669495 7.467819848364 -0.293734913911478
0.669995 7.473397051964 0.0871598296505535
0.670495 7.478974255564 -0.662731175610401
0.670995 7.484551459164 -0.272018655651778
0.671495 7.490128662764 -0.199287189935556
0.671995 7.495705866364 0.167819718867709
0.672495 7.501283069964 0.287699423427718
0.672995 7.506860273564 0.326587496469215
0.673495 7.512437477164 0.639194347571375
0.673995 7.518014680764 0.0183178392186261
0.674495 7.523591884364 0.354846341879206
0.674995 7.529169087964 -0.433825831551346
0.675495 7.534746291564 -0.375454985162948
0.675995 7.540323495164 -0.351550808317444
0.676495 7.545900698764 -0.365072878333687
0.676995 7.551477902364 -0.466066850566912
0.677495 7.557055105964 0.258930954582837
0.677995 7.562632309564 0.0891069587835637
0.678495 7.568209513164 0.397932889799892
0.678995 7.573786716764 0.140621813454187
0.679495 7.579363920364 0.274250033819061
0.679995 7.584941123964 0.113148789419492
0.680495 7.590518327564 0.076012354945124
0.680995 7.596095531164 0.0314047221486842
0.681495 7.601672734764 0.169432192868649
0.681995 7.607249938364 0.110891758125602
0.682495 7.612827141964 -0.295533231910949
0.682995 7.618404345564 0.0022643155151303
0.683495 7.623981549164 -0.283845647489052
0.683995 7.629558752764 -0.257172446891558
0.684495 7.635135956364 -0.387483318040341
0.684995 7.640713159964 0.232826785042796
0.685495 7.646290363564 0.438822215050998
0.685995 7.651867567164 0.230877971947284
0.686495 7.657444770764 0.564936651658257
0.686995 7.663021974364 0.20578762038414
0.687495 7.668599177964 -0.0468450524646945
0.687995 7.674176381564 -0.164463619176663
0.688495 7.679753585164 -0.103061428213204
0.688995 7.685330788764 -0.723166582868432
0.689495 7.690907992364 -0.406909048524744
0.689995 7.696485195964 -0.200468766150163
0.690495 7.702062399564 0.425877780560394
0.690995 7.707639603164 -0.0776395626155847
0.691495 7.713216806764 0.283361324219112
0.691995 7.718794010364 0.299979359935289
0.692495 7.724371213964 0.274740355998071
0.692995 7.729948417564 -0.151798786275827
0.693495 7.735525621164 0.137529058067148
0.693995 7.741102824764 0.0816140998314633
0.694495 7.746680028364 -0.13098522163063
0.694995 7.752257231964 0.296655273103481
0.695495 7.757834435564 -0.261573232892448
0.695995 7.763411639164 0.348211448485357
0.696495 7.768988842764 -0.0975890655462412
0.696995 7.774566046364 0.0921232396194645
0.697495 7.780143249964 -0.100428954497658
0.697995 7.785720453564 0.211587446939092
0.698495 7.791297657164 0.0112691194382939
0.698995 7.796874860764 -0.472754836101411
0.699495 7.802452064364 0.179534542938057
0.699995 7.808029267964 -0.207018914908225
0.700495 7.813606471564 0.234962623801345
0.700995 7.819183675164 0.27870104138348
0.701495 7.824760878764 0.284727656610484
0.701995 7.830338082364 0.270514170350422
0.702495 7.835915285964 -0.0575664737683919
0.702995 7.841492489564 -0.365120857728526
0.703495 7.847069693164 0.0942042844640442
0.703995 7.852646896764 -0.133075877820257
0.704495 7.858224100364 -0.192752073487349
0.704995 7.863801303964 -0.270665546501002
0.705495 7.869378507564 0.456391452537601
0.705995 7.874955711164 0.32484582960657
0.706495 7.880532914764 0.654615846685705
0.706995 7.886110118364 -0.259955658728978
0.707495 7.891687321964 0.479385723996241
0.707995 7.897264525564 -0.135035532333684
0.708495 7.902841729164 -0.346790355496422
0.708995 7.908418932764 -0.0910296526680611
0.709495 7.913996136364 -0.258068868392959
0.709995 7.919573339964 -0.0829860736168677
0.710495 7.925150543564 0.0847780752657711
0.710995 7.930727747164 0.684881413494395
0.711495 7.936304950764 0.242769845694498
0.711995 7.941882154364 0.433079826964087
0.712495 7.947459357964 0.267203541812429
0.712995 7.953036561564 0.279744609269659
0.713495 7.958613765164 -0.628891853940192
0.713995 7.964190968764 -0.686043736767885
0.714495 7.969768172364 -0.132990503008841
0.714995 7.975345375964 -0.327570231046519
0.715495 7.980922579564 -0.190262047346522
0.715995 7.986499783164 0.0386111192371236
0.716495 7.992076986764 0.337934792000946
0.716995 7.997654190364 -0.0770606720511444
0.717495 8.003231393964 0.329996541361566
0.717995 8.008808597564 -0.238896169864029
0.718495 8.014385801164 -0.440833492235731
0.718995 8.019963004764 -0.403698154309612
0.719495 8.025540208364 0.0342600941003688
0.719995 8.031117411964 -0.713994158227573
0.720495 8.036694615564 -0.226264108481777
0.720995 8.042271819164 0.111339180530855
0.721495 8.047849022764 0.492608635655163
0.721995 8.053426226364 0.786863834293551
0.722495 8.059003429964 -0.0156318964397077
0.722995 8.064580633564 0.309097395648649
0.723495 8.070157837164 0.32397627441639
0.723995 8.075735040764 -0.509566649254677
0.724495 8.081312244364 -0.531253894005237
0.724995 8.086889447964 -0.328277319715097
0.725495 8.092466651564 0.0886485779955475
0.725995 8.098043855164 -0.253947115199479
0.726495 8.103621058764 -0.0494360496894824
0.726995 8.109198262364 0.599881672539953
0.727495 8.114775465964 0.0334932307257996
0.727995 8.120352669564 0.220830610013605
0.728495 8.125929873164 0.225285807648771
0.728995 8.131507076764 -0.0285665480409425
0.729495 8.137084280364 -0.14902258055033
0.729995 8.142661483964 0.194548918305208
0.730495 8.148238687564 0.356050234326735
0.730995 8.153815891164 -0.0631956117920889
0.731495 8.159393094764 -0.11898208392352
0.731995 8.164970298364 -0.0283412641516943
0.732495 8.170547501964 0.0341650853575273
0.732995 8.176124705564 -0.20030141113871
0.733495 8.181701909164 -0.386125350923318
0.733995 8.187279112764 0.233170267044209
0.734495 8.192856316364 0.400911276124304
0.734995 8.198433519964 0.0309208086344768
0.735495 8.204010723564 -0.402057692915429
0.735995 8.209587927164 -0.230513302434344
0.736495 8.215165130764 -0.389094198157328
0.736995 8.220742334364 -0.1117270417395
0.737495 8.226319537964 -0.108797594922241
0.737995 8.231896741564 0.306588456820581
0.738495 8.237473945164 0.523027511760427
0.738995 8.243051148764 -0.143295532453965
0.739495 8.248628352364 -0.123799535084874
0.739995 8.254205555964 -0.103386725049966
0.740495 8.259782759564 0.135903467671659
0.740995 8.265359963164 -0.302828962966946
0.741495 8.270937166764 -0.124057926929886
0.741995 8.276514370364 0.0622953853378559
0.742495 8.282091573964 0.111339029100982
0.742995 8.287668777564 0.172718258314521
0.743495 8.293245981164 0.0808532574011103
0.743995 8.298823184764 -0.108394310379879
0.744495 8.304400388364 -0.113449206601385
0.744995 8.309977591964 0.131275803282085
0.745495 8.315554795564 -0.0375313780963197
0.745995 8.321131999164 0.23538205175563
0.746495 8.326709202764 0.404488476531834
0.746995 8.332286406364 0.190862759246118
0.747495 8.337863609964 0.0963933555173058
0.747995 8.343440813564 -0.131817208667691
0.748495 8.349018017164 -0.404932986745932
0.748995 8.354595220764 0.164019385647174
0.749495 8.360172424364 -0.255043822597707
0.749995 8.365749627964 0.179315836342356
0.750495 8.371326831564 -0.0708642463972956
0.750995 8.376904035164 0.162635254832448
0.751495 8.382481238764 -0.206633821354362
0.751995 8.388058442364 -0.144844811971339
0.752495 8.393635645964 0.260891746274919
0.752995 8.399212849564 -0.036005417123454
0.753495 8.404790053164 0.150275172961205
0.753995 8.410367256764 0.0923804661691944
0.754495 8.415944460364 0.0306910300690738
0.754995 8.421521663964 0.00548869770471682
0.755495 8.427098867564 -0.0126063312059731
0.755995 8.432676071164 -0.257412473783643
0.756495 8.438253274764 -0.252379375884757
0.756995 8.443830478364 0.284956014984406
0.757495 8.449407681964 -0.357876062944784
0.757995 8.454984885564 0.266139973709953
0.758495 8.460562089164 0.411524733879285
0.758995 8.466139292764 0.185102720440015
0.759495 8.471716496364 0.285348645861886
0.759995 8.477293699964 -0.355659516492006
0.760495 8.482870903564 0.0425053095319319
0.760995 8.488448107164 -0.125237238961077
0.761495 8.494025310764 0.140082751945432
0.761995 8.499602514364 -0.0311924632657012
0.762495 8.505179717964 0.449883151552184
0.762995 8.510756921564 0.840974257964691
0.763495 8.516334125164 0.717928014267513
0.763995 8.521911328764 -0.0195339332887118
0.764495 8.527488532364 -0.117592944040304
0.764995 8.533065735964 -0.26130903643112
0.765495 8.538642939564 -0.148610922024347
0.765995 8.544220143164 -0.550945054440733
0.766495 8.549797346764 -0.100269180859629
0.766995 8.555374550364 -0.35974866501522
0.767495 8.560951753964 0.460654646822343
0.767995 8.566528957564 -0.308825718487949
0.768495 8.572106161164 -0.114133564885047
0.768995 8.577683364764 0.43326119172069
0.769495 8.583260568364 0.460833328799423
0.769995 8.588837771964 0.095530207078126
0.770495 8.594414975564 -0.219361416015913
0.770995 8.599992179164 -0.0501524128458395
0.771495 8.605569382764 -0.0438261904952608
0.771995 8.611146586364 -0.333656374201817
0.772495 8.616723789964 -0.391628484583305
0.772995 8.622300993564 0.0913906878015288
0.773495 8.627878197164 0.100361738750129
0.773995 8.633455400764 -0.0623707776261929
0.774495 8.639032604364 0.713361304074748
0.774995 8.644609807964 0.318534223808268
0.775495 8.650187011564 0.399483875427344
0.775995 8.655764215164 0.427965441686157
0.776495 8.661341418764 -0.175357293590693
0.776995 8.666918622364 -0.443155085172767
0.777495 8.672495825964 -0.677823271623427
0.777995 8.678073029564 -0.0800279057333646
0.778495 8.683650233164 -0.439394519351106
0.778995 8.689227436764 0.0397401685920366
0.779495 8.694804640364 0.22574449811834
0.779995 8.700381843964 0.47990973868663
0.780495 8.705959047564 -0.168229114717752
0.780995 8.711536251164 0.253631031285481
0.781495 8.717113454764 -0.0192413309256623
0.781995 8.722690658364 0.159383537808849
0.782495 8.728267861964 -0.156738310237155
0.782995 8.733845065564 0.0536697301271027
0.783495 8.739422269164 0.0874616401056224
0.783995 8.744999472764 0.191350461268792
0.784495 8.750576676364 -0.277954684225969
0.784995 8.756153879964 0.274391898205118
0.785495 8.761731083564 0.131999130940664
0.785995 8.767308287164 0.438329070259108
0.786495 8.772885490764 -0.49675484133901
0.786995 8.778462694364 -0.318867896632299
0.787495 8.784039897964 0.431981500437224
0.787995 8.789617101564 0.242328567103769
0.788495 8.795194305164 -0.0247354661954465
0.788995 8.800771508764 0.0329446609591204
0.789495 8.806348712364 0.304016513651547
0.789995 8.811925915964 0.0532201712578506
0.790495 8.817503119564 -0.303161120521215
0.790995 8.823080323164 -0.0385442261144858
0.791495 8.828657526764 -0.180686290011582
0.791995 8.834234730364 -0.313756753849452
0.792495 8.839811933964 -0.159980778898692
0.792995 8.845389137564 -0.119828185009875
0.793495 8.850966341164 0.109457543872281
0.793995 8.856543544764 -0.157440113916338
0.794495 8.862120748364 0.409807971426496
0.794995 8.867697951964 0.169719521943913
0.795495 8.873275155564 0.131073985509417
0.795995 8.878852359164 -0.106621524494758
0.796495 8.884429562764 -0.205175647643395
0.796995 8.890006766364 -0.514679526247055
0.797495 8.895583969964 -0.261634825265999
0.797995 8.901161173564 0.19582220097095
0.798495 8.906738377164 0.173689967504867
0.798995 8.912315580764 0.437560845656145
0.799495 8.917892784364 0.323206638612144
0.799995 8.923469987964 0.0428105886403467
0.800495 8.929047191564 -0.142774069122732
0.800995 8.934624395164 0.052828028271027
0.801495 8.940201598764 0.107012196316641
0.801995 8.945778802364 -0.314976258683946
0.802495 8.951356005964 0.295394166856024
0.802995 8.956933209564 -0.369286741895207
0.803495 8.962510413164 -0.180360004514515
0.803995 8.968087616764 0.0499812131416685
0.804495 8.973664820364 0.140209514344013
0.804995 8.979242023964 0.185763771060969
0.805495 8.984819227564 0.0408113900655247
0.805995 8.990396431164 0.148876955510949
0.806495 8.995973634764 -0.110580864958902
0.806995 9.001550838364 0.424301779086296
0.807495 9.007128041964 -0.622326449521909
0.807995 9.012705245564 -0.874740450619754
0.808495 9.018282449164 -0.414556697042634
0.808995 9.023859652764 -0.0882810815728184
0.809495 9.029436856364 0.365319585398404
0.809995 9.035014059964 -0.0460596199524699
0.810495 9.040591263564 0.837864401616886
0.810995 9.046168467164 0.392249964781138
0.811495 9.051745670764 0.0510302353451537
0.811995 9.057322874364 -0.809594962948427
0.812495 9.062900077964 0.461048469805314
0.812995 9.068477281564 0.0326714340443435
0.813495 9.074054485164 -0.365181190865069
0.813995 9.079631688764 -0.526308766390882
0.814495 9.085208892364 0.313251016268481
0.814995 9.090786095964 0.186293510727954
0.815495 9.096363299564 0.0201557037998431
0.815995 9.101940503164 0.358922841047809
0.816495 9.107517706764 0.114963931915162
0.816995 9.113094910364 0.242269598521244
0.817495 9.118672113964 0.160832253209426
0.817995 9.124249317564 -0.190072727530982
0.818495 9.129826521164 -0.216087169516087
0.818995 9.135403724764 -0.360445166129508
0.819495 9.140980928364 -0.452147079958412
0.819995 9.146558131964 -0.399473675131132
0.820495 9.152135335564 -0.358635216077279
0.820995 9.157712539164 0.194714096088037
0.821495 9.163289742764 0.130162185582952
0.821995 9.168866946364 0.0966953185453791
0.822495 9.174444149964 0.59876577964883
0.822995 9.180021353564 0.417810602465182
0.823495 9.185598557164 -0.514863456281591
0.823995 9.191175760764 0.0440886227285742
0.824495 9.196752964364 -0.170008169034052
0.824995 9.202330167964 -0.284922651596322
0.825495 9.207907371564 -0.560037608711401
0.825995 9.213484575164 0.0138730890498579
0.826495 9.219061778764 -0.142225201413394
0.826995 9.224638982364 0.00199391615992228
0.827495 9.230216185964 0.119090705650406
0.827995 9.235793389564 -0.359504152016524
0.828495 9.241370593164 0.664423338769338
0.828995 9.246947796764 0.0810847821999407
0.829495 9.252525000364 0.133321801204583
0.829995 9.258102203964 0.136381483315724
0.830495 9.263679407564 0.534831436546936
0.830995 9.269256611164 0.0472885120592693
0.831495 9.274833814764 -0.402789540636988
0.831995 9.280411018364 -0.19600629855311
0.832495 9.285988221964 -0.219160807465988
0.832995 9.291565425564 -0.393832189649902
0.833495 9.297142629164 -0.000404388002796451
0.833995 9.302719832764 0.142851042480627
0.834495 9.308297036364 0.402715026174595
0.834995 9.313874239964 -0.103516910547283
0.835495 9.319451443564 0.745858876330673
0.835995 9.325028647164 0.0376381420748629
0.836495 9.330605850764 -0.272923978844783
0.836995 9.336183054364 -0.298889632374181
0.837495 9.341760257964 0.137067224108002
0.837995 9.347337461564 -0.31098861195803
0.838495 9.352914665164 -0.476907095550148
0.838995 9.358491868764 0.219620744801526
0.839495 9.364069072364 0.0936536298349388
0.839995 9.369646275964 -0.252190878823761
0.840495 9.375223479564 -0.523982103465455
0.840995 9.380800683164 0.755629786368423
0.841495 9.386377886764 0.462423141942431
0.841995 9.391955090364 -0.185495754440426
0.842495 9.397532293964 0.431412102755068
0.842995 9.403109497564 0.286828819472865
0.843495 9.408686701164 -0.521807119231563
0.843995 9.414263904764 -0.755303208292225
0.844495 9.419841108364 -0.0403835491219335
0.844995 9.425418311964 -0.504784478798152
0.845495 9.430995515564 -0.363985620847953
0.845995 9.436572719164 0.0427318816812554
0.846495 9.442149922764 0.52035501908151
0.846995 9.447727126364 0.451669934967743
0.847495 9.453304329964 0.199070330342425
0.847995 9.458881533564 0.37030807069996
0.848495 9.464458737164 -0.372560896096075
0.848995 9.470035940764 -0.45711989878937
0.849495 9.475613144364 -0.600135288371107
0.849995 9.481190347964 -0.745431018772387
0.850495 9.486767551564 -0.925294481866262
0.850995 9.492344755164 0.139480855068287
0.851495 9.497921958764 0.141117626080148
0.851995 9.503499162364 0.875963440130226
0.852495 9.509076365964 0.55307203531207
0.852995 9.514653569564 0.726725260695732
0.853495 9.520230773164 0.550753952052425
0.853995 9.525807976764 -0.0970289616630434
0.854495 9.531385180364 -0.662142988022173
0.854995 9.536962383964 -0.563922338023445
0.855495 9.542539587564 -0.643502870050292
0.855995 9.548116791164 -0.800554318657838
0.856495 9.553693994764 -0.109635498469413
0.856995 9.559271198364 -0.114540842122842
0.857495 9.564848401964 0.509592777377294
0.857995 9.570425605564 0.719572749760451
0.858495 9.576002809164 0.522354647325223
0.858995 9.581580012764 0.593905862745436
0.859495 9.587157216364 0.0830827104988097
0.859995 9.592734419964 -0.463908557656925
0.860495 9.598311623564 -0.369907408149136
0.860995 9.603888827164 -0.284342187212233
0.861495 9.609466030764 -1.03256014681417
0.861995 9.615043234364 -0.410291841444802
0.862495 9.620620437964 0.179052022582717
0.862995 9.626197641564 0.342495231587347
0.863495 9.631774845164 0.341009596001521
0.863995 9.637352048764 1.07259429913038
0.864495 9.642929252364 1.01079620759369
0.864995 9.648506455964 -0.000874469138395696
0.865495 9.654083659564 -0.604287434306139
0.865995 9.659660863164 -0.0477651991553827
0.866495 9.665238066764 -0.560540672940871
0.866995 9.670815270364 -0.540929848369482
0.867495 9.676392473964 -0.594165006252329
0.867995 9.681969677564 -0.0419716273825174
0.868495 9.687546881164 0.422321670915529
0.868995 9.693124084764 0.367621564993817
0.869495 9.698701288364 1.08263426925303
0.869995 9.704278491964 0.525239234772244
0.870495 9.709855695564 -0.0379463760319101
0.870995 9.715432899164 -0.0687989297850594
0.871495 9.721010102764 0.0331129854517331
0.871995 9.726587306364 -0.740768181445022
0.872495 9.732164509964 -1.0961388537257
0.872995 9.737741713564 -0.281346006063547
0.873495 9.743318917164 -0.422526416807797
0.873995 9.748896120764 0.312652016198573
0.874495 9.754473324364 0.465422913121065
0.874995 9.760050527964 1.12961083112087
0.875495 9.765627731564 0.682203891019683
0.875995 9.771204935164 0.681631351225721
0.876495 9.776782138764 0.136120228247047
0.876995 9.782359342364 -0.0959174103030401
0.877495 9.787936545964 -0.174016660532016
0.877995 9.793513749564 -0.441413192404271
0.878495 9.799090953164 -0.747144339785171
0.878995 9.804668156764 -0.336512133307446
0.879495 9.810245360364 0.513739085826456
0.879995 9.815822563964 0.0489566986799369
0.880495 9.821399767564 0.395663664527795
0.880995 9.826976971164 0.529694639827749
0.881495 9.832554174764 0.651793086671834
0.881995 9.838131378364 0.165360633163566
0.882495 9.843708581964 -0.145608438478953
0.882995 9.849285785564 0.373411358928348
0.883495 9.854862989164 -0.449272697994579
0.883995 9.860440192764 -0.485792352760484
0.884495 9.866017396364 -0.566127717563649
0.884995 9.871594599964 0.159613103568236
0.885495 9.877171803564 -0.565436156270992
0.885995 9.882749007164 -0.0547849392361495
0.886495 9.888326210764 0.625250808118282
0.886995 9.893903414364 0.550837601400281
0.887495 9.899480617964 0.419653931735578
0.887995 9.905057821564 0.364596046858848
0.888495 9.910635025164 0.632400236097706
0.888995 9.916212228764 -0.892452345216574
0.889495 9.921789432364 0.044103890770955
0.889995 9.927366635964 -0.526223458495124
0.890495 9.932943839564 -0.363961428857113
0.890995 9.938521043164 -0.324348990686969
0.891495 9.944098246764 0.260899917068682
0.891995 9.949675450364 0.275877443670681
0.892495 9.955252653964 -0.300163062666687
0.892995 9.960829857564 0.72581165595884
0.893495 9.966407061164 0.411076563815285
0.893995 9.971984264764 0.0285939665474529
0.894495 9.977561468364 -0.595124791214832
0.894995 9.983138671964 0.415909850012799
0.895495 9.988715875564 -0.69270519862098
0.895995 9.994293079164 -0.468639375316422
0.896495 9.999870282764 -0.245759759463262
0.896995 10.005447486364 0.0188218105581011
0.897495 10.011024689964 -0.288597475090583
0.897995 10.016601893564 -0.120352314377948
0.898495 10.022179097164 0.687275581544033
0.898995 10.027756300764 0.424497808123515
0.899495 10.033333504364 0.0824266998709004
0.899995 10.038910707964 -0.231502853881764
0.900495 10.044487911564 0.35885506157647
0.900995 10.050065115164 -0.394855456070742
0.901495 10.055642318764 -0.435971878290284
0.901995 10.061219522364 -0.060754352883421
0.902495 10.066796725964 0.107099998246403
0.902995 10.072373929564 0.476449477003305
0.903495 10.077951133164 0.128942001673006
0.903995 10.083528336764 0.365646386183769
0.904495 10.089105540364 -0.238956046879098
0.904995 10.094682743964 0.0601657693341006
0.905495 10.100259947564 -0.474985179471002
0.905995 10.105837151164 0.139081074423586
0.906495 10.111414354764 -0.337539835731839
0.906995 10.116991558364 0.0440332839502551
0.907495 10.122568761964 -0.0732805302669814
0.907995 10.128145965564 -0.259751590831427
0.908495 10.133723169164 0.286254262374759
0.908995 10.139300372764 0.259739188138808
0.909495 10.144877576364 0.430220704582408
0.909995 10.150454779964 -0.654646493591092
0.910495 10.156031983564 0.13494974373044
0.910995 10.161609187164 -0.135412596617793
0.911495 10.167186390764 0.128142064387676
0.911995 10.172763594364 -0.406500232098214
0.912495 10.178340797964 -0.234792803946538
0.912995 10.183918001564 -0.299897864627404
0.913495 10.189495205164 -0.447232527388309
0.913995 10.195072408764 0.431760993287953
0.914495 10.200649612364 0.189694351795149
0.914995 10.206226815964 0.366501209039728
0.915495 10.211804019564 -0.0226523731437823
0.915995 10.217381223164 0.115127262803092
0.916495 10.222958426764 0.136888985627236
0.916995 10.228535630364 0.195534832162011
0.917495 10.234112833964 -0.448002418743601
0.917995 10.239690037564 -0.0702012657933562
0.918495 10.245267241164 0.159498457223434
0.918995 10.250844444764 0.138353862977449
0.919495 10.256421648364 -0.298122735815039
0.919995 10.261998851964 0.326178439339306
0.920495 10.267576055564 0.133093784425764
0.920995 10.273153259164 -0.36052389374973
0.921495 10.278730462764 0.0397526675023806
0.921995 10.284307666364 -0.2572896869111
0.922495 10.289884869964 0.00583502018076615
0.922995 10.295462073564 -0.40703650021574
0.923495 10.301039277164 0.117221330118218
0.923995 10.306616480764 -0.158050930616614
0.924495 10.312193684364 0.036981843373681
0.924995 10.317770887964 0.186096490434584
0.925495 10.323348091564 0.657205535393377
0.925995 10.328925295164 0.448334529235919
0.926495 10.334502498764 -0.466481331953516
0.926995 10.340079702364 0.0744525649931588
0.927495 10.345656905964 -0.064627712646876
0.927995 10.351234109564 0.0342137387683039
0.928495 10.356811313164 -0.342593601011184
0.928995 10.362388516764 -0.256479294487497
0.929495 10.367965720364 -0.136144190399952
0.929995 10.373542923964 -0.243048804054796
0.930495 10.379120127564 0.0133123980604675
0.930995 10.384697331164 -0.032164667799001
0.931495 10.390274534764 0.391483909060182
0.931995 10.395851738364 0.289665588517014
0.932495 10.401428941964 0.0634504611672405
0.932995 10.407006145564 -0.138602842530789
0.933495 10.412583349164 0.188990526802581
0.933995 10.418160552764 0.157781533745038
0.934495 10.423737756364 -0.709149266498653
0.934995 10.429314959964 -0.401476026034435
0.935495 10.434892163564 -0.426110714885695
0.935995 10.440469367164 0.0539351333297941
0.936495 10.446046570764 0.148584359284579
0.936995 10.451623774364 0.786794301160657
0.937495 10.457200977964 0.185574669024115
0.937995 10.462778181564 0.099807893953538
0.938495 10.468355385164 0.108595506900582
0.938995 10.473932588764 -0.317358059008174
0.939495 10.479509792364 -0.0201122784512129
0.939995 10.485086995964 -0.159975732163437
0.940495 10.490664199564 0.111602526336607
0.940995 10.496241403164 -0.407532733853224
0.941495 10.501818606764 -0.133976274143847
0.941995 10.507395810364 0.329525405699955
0.942495 10.512973013964 0.183797678175927
0.942995 10.518550217564 0.128658823912061
0.943495 10.524127421164 0.355923146297656
0.943995 10.529704624764 -0.618102529384057
0.944495 10.535281828364 -0.243132881940611
0.944995 10.540859031964 0.000901422848196857
0.945495 10.546436235564 0.0303736576752795
0.945995 10.552013439164 0.10779110041801
0.946495 10.557590642764 -0.0321107159731087
0.946995 10.563167846364 0.398033475467725
0.947495 10.568745049964 -0.334870046988671
0.947995 10.574322253564 0.320694420402052
0.948495 10.579899457164 0.142520565379141
0.948995 10.585476660764 0.314727824608768
0.949495 10.591053864364 -0.333951040447253
0.949995 10.596631067964 -0.416461513575012
0.950495 10.602208271564 0.0915195401295201
0.950995 10.607785475164 0.141686136955083
0.951495 10.613362678764 0.493997151272349
0.951995 10.618939882364 -0.825872630377758
0.952495 10.624517085964 0.0857177443254495
0.952995 10.630094289564 -0.0778235978997831
0.953495 10.635671493164 -0.0646392710813178
0.953995 10.641248696764 -0.120864550638639
0.954495 10.646825900364 0.314080681417429
0.954995 10.652403103964 0.370906330599039
0.955495 10.657980307564 0.234717099321593
0.955995 10.663557511164 -0.231126269423821
0.956495 10.669134714764 -0.19892369615705
0.956995 10.674711918364 0.0744957241556029
0.957495 10.680289121964 -0.533545762817918
0.957995 10.685866325564 -0.00263409159883014
0.958495 10.691443529164 0.0687487533606711
0.958995 10.697020732764 0.280299261350638
0.959495 10.702597936364 0.638452156147625
0.959995 10.708175139964 0.0221040005949372
0.960495 10.713752343564 0.424200119336521
0.960995 10.719329547164 -0.30493858298293
0.961495 10.724906750764 -0.258714954605755
0.961995 10.730483954364 0.0811859883515069
0.962495 10.736061157964 -0.423896957258619
0.962995 10.741638361564 0.409816944663258
0.963495 10.747215565164 0.141349518065002
0.963995 10.752792768764 0.567706446463499
0.964495 10.758369972364 -0.328388249755409
0.964995 10.763947175964 -0.315702696965494
0.965495 10.769524379564 0.644183045525034
0.965995 10.775101583164 -0.352341629611387
0.966495 10.780678786764 -0.0251093769487034
0.966995 10.786255990364 0.109082928706302
0.967495 10.791833193964 0.388197778464313
0.967995 10.797410397564 -0.2275624800433
0.968495 10.802987601164 0.0255456934033594
0.968995 10.808564804764 0.401458030196295
0.969495 10.814142008364 -0.115444377710478
0.969995 10.819719211964 -0.659858393958892
0.970495 10.825296415564 0.0409541119595076
0.970995 10.830873619164 -0.208382866783839
0.971495 10.836450822764 0.426737483065603
0.971995 10.842028026364 0.0669276994946493
0.972495 10.847605229964 0.421087444620485
0.972995 10.853182433564 0.0592463423999219
0.973495 10.858759637164 0.0417082833122793
0.973995 10.864336840764 -0.0637042845309189
0.974495 10.869914044364 -0.209100908154652
0.974995 10.875491247964 0.119118301867072
0.975495 10.881068451564 -0.292421092700141
0.975995 10.886645655164 0.0640771955056575
0.976495 10.892222858764 -0.131095845529234
0.976995 10.897800062364 0.154644689101877
0.977495 10.903377265964 -0.305011847516445
0.977995 10.908954469564 0.108560798202957
0.978495 10.914531673164 0.0909237352566729
0.978995 10.920108876764 -0.307809819961517
0.979495 10.925686080364 0.340757529770887
0.979995 10.931263283964 -0.131793692028234
0.980495 10.936840487564 -0.0197915538187695
0.980995 10.942417691164 -0.57674822594132
0.981495 10.947994894764 0.685192856412679
0.981995 10.953572098364 -0.204943039302341
0.982495 10.959149301964 0.0363707041080933
0.982995 10.964726505564 -0.0215007366858438
0.983495 10.970303709164 0.214263452214462
0.983995 10.975880912764 -0.178812522105666
0.984495 10.981458116364 -0.397207549507285
0.984995 10.987035319964 0.448310669118684
0.985495 10.992612523564 0.202594020309506
0.985995 10.998189727164 -0.463523986148514
0.986495 11.003766930764 -0.473325897484649
0.986995 11.009344134364 0.735408146389436
0.987495 11.014921337964 -0.206521293541265
0.987995 11.020498541564 -0.0336560186953404
0.988495 11.026075745164 0.0492201793353639
0.988995 11.031652948764 0.685148602143533
0.989495 11.037230152364 0.0125398710010097
0.989995 11.042807355964 -0.663941683692042
0.990495 11.048384559564 0.116198800355339
0.990995 11.053961763164 -0.283476591777516
0.991495 11.059538966764 -0.0398081729596604
0.991995 11.065116170364 -0.156201409956802
0.992495 11.070693373964 0.219882768001635
0.992995 11.076270577564 -0.491873764245465
0.993495 11.081847781164 0.177789288564298
0.993995 11.087424984764 0.392993538424982
0.994495 11.093002188364 -0.181079900406397
0.994995 11.098579391964 -0.0438296378284367
0.995495 11.104156595564 -0.0710015026043992
0.995995 11.109733799164 0.329530640647338
0.996495 11.115311002764 -0.641534482139989
0.996995 11.120888206364 0.395536820287571
0.997495 11.126465409964 -0.0692906085786596
0.997995 11.132042613564 0.254177182462083
0.998495 11.137619817164 -0.441162606012672
0.998995 11.143197020764 0.022047403409522
0.999495 11.148774224364 0.0148406173148227
0.999995 11.154351427964 -0.0765143915964244
