279

3 -5.429950 -6.555930 31.4567
3 -3.097050 -7.758700 31.5635
3 -1.748360 -8.210330 31.5336
3  0.981110 -7.846100 31.4463
3  2.184970 -7.179790 31.4065
3  3.894800 -5.917420 32.6918
3 -6.312970 -5.462330 31.4839
3  4.435520 -5.610320 31.3508
3  5.569410 -4.715410 31.3220
3  5.928400 -4.224770 32.6758
3 -7.575550 -3.093910 31.4835
3  7.004780 -2.454150 31.4296
3  6.649470 -2.997490 32.7304
3 -7.864440 -1.729800 31.4543
3  7.348690 -1.091730 31.4221
3 -4.934920 -6.918150 32.8960
3 -5.463090 -6.613010 34.1909
3 -3.727960 -7.597950 32.9005
3 -3.024930 -7.813160 34.1991
3 -1.049570 -8.239860 32.8243
3 -1.664210 -8.190160 34.1720
3  0.363733 -8.103740 32.7714
3  1.013990 -7.829660 34.0645
3  2.766460 -6.786450 32.7160
3  2.292920 -7.191510 34.0118
3 -6.619750 -4.929690 32.8120
3 -6.349210 -5.491630 34.1590
3  4.617760 -5.713300 34.0469
3  5.676760 -4.729290 34.0753
3 -7.269170 -3.679700 32.7889
3 -7.528470 -3.030380 34.1316
2 -4.222830 -2.164420 34.6996
2 -3.194370 -2.862190 34.0875
2 -2.194080 -2.130000 33.2864
2 -0.899829 -2.839390 33.5502
3  7.053560 -2.447040 34.0707
3 -7.986080 -1.048320 32.7965
3 -7.906160 -1.689820 34.0999
2 -4.177050 -0.691217 34.5685
2 -3.253760  0.026445 33.7578
2 -2.226690 -0.760788 33.1038
2 -0.956172  0.010274 33.2730
2  0.231645 -0.713540 33.5090
2  0.283094 -2.129650 33.6275
3  7.505780 -0.444755 32.7562
3  7.432500 -1.076240 34.0662
3 -4.944910 -7.045420 35.5151
3 -3.628750 -7.578300 35.5109
3 -3.007880 -7.783740 36.7910
3 -0.949720 -8.169460 35.4513
3 -1.626530 -8.084150 36.7816
3  0.445231 -8.020460 35.4096
3  1.025380 -7.879090 36.7324
3  2.941340 -7.004310 35.3338
3  4.116910 -6.227290 35.3203
3  2.380870 -7.365250 36.7165
3 -6.771330 -4.929090 35.4795
2 -2.842030 -4.201000 36.1771
2 -2.537820 -3.937990 34.8256
3  4.646690 -5.772110 36.6775
3  5.601710 -4.737940 36.7143
3  6.020050 -4.206020 35.4396
3 -7.415920 -3.649680 35.4381
3 -7.644970 -3.029410 36.7387
2 -4.489750 -2.426400 36.1141
2 -3.831570 -3.423680 36.8396
2 -1.159720 -3.912410 34.4911
2 -0.126483 -4.374470 35.3234
2  1.170340 -3.669270 35.4114
3  6.775160 -3.020840 35.4075
3  7.045350 -2.421880 36.7731
3 -7.973530 -1.013880 35.4110
3 -7.912610 -1.639990 36.7504
2 -4.723850 -1.191570 36.7761
2 -4.449600 -0.113616 35.8512
2  1.294360 -2.528390 34.5204
2  1.915870 -1.229180 34.9689
3  7.600050 -0.419919 35.4170
3  7.383460 -1.030680 36.7461
3 -5.450500 -6.512850 36.7931
3 -4.798940 -6.742060 38.1256
3 -3.572130 -7.462760 38.1204
3 -0.961094 -8.131480 38.1142
3  0.446049 -7.902830 38.0887
3  3.068120 -7.138610 38.0341
3 -6.532950 -5.593000 36.7516
3 -6.820300 -4.967470 38.0634
2 -1.864890 -4.694480 37.1328
2 -0.496189 -4.663090 36.7067
3  4.191930 -6.285300 38.0130
3  5.931310 -4.227890 38.0667
3 -7.467310 -3.668920 38.0277
2 -3.432480 -3.413970 38.2188
2 -3.689470 -2.177520 38.9105
2 -2.230510 -4.135440 38.4217
2  1.626350 -3.500980 36.7846
2  0.572354 -4.145430 37.5805
3  6.679260 -2.932510 38.1082
3 -7.823420 -0.957074 38.0366
2 -4.369050 -1.100300 38.1894
2  2.133370 -2.285580 37.2162
2  2.342050 -1.196970 36.2536
3  7.574260 -0.418815 38.0737
3 -4.896920 -6.719510 40.7989
3 -5.453380 -6.462810 39.4586
3 -2.980420 -7.625340 39.4564
3 -3.585860 -7.293070 40.7782
3 -1.614660 -7.934090 39.4662
3 -0.995358 -7.863650 40.7779
3  0.429691 -7.835560 40.7337
3  1.076240 -7.828620 39.3677
3  2.439030 -7.361760 39.3732
3  3.016920 -7.092920 40.7384
3 -6.433210 -5.419830 39.4495
3 -6.774820 -4.890950 40.8025
3  4.230960 -6.388150 40.7568
3  4.712670 -5.911210 39.3888
3  5.602570 -4.783530 39.3833
3  5.963510 -4.269610 40.7878
3 -7.628920 -3.034950 39.4010
3 -7.366680 -3.590490 40.7942
2 -1.259950 -3.524400 39.2649
2  0.127232 -3.544500 38.7971
3  6.657790 -3.032960 40.7671
3  6.985860 -2.409430 39.4173
3 -7.789330 -1.641030 39.3592
3 -7.604580 -0.984399 40.6968
2 -2.720290 -1.630690 39.8004
2 -1.488910 -2.276700 39.9633
2 -0.273229 -1.533450 39.9709
2  0.744480 -2.377800 39.3151
2  1.608830 -1.709000 38.4264
3  7.455160 -1.055750 39.4059
3  7.640490 -0.459270 40.7961
3 -5.529470 -6.464290 42.1209
3 -3.055920 -7.604390 42.1204
3 -1.683420 -7.883990 42.1396
3  1.047200 -7.669910 42.1202
3  2.404390 -7.249590 42.1270
3 -6.428900 -5.361790 42.1436
3  4.782740 -5.972230 42.1120
3  5.734330 -4.826810 42.1465
3 -7.683580 -2.966210 42.1066
3  6.955630 -2.445860 42.0763
3 -7.754150 -1.593800 42.1070
3  7.482140 -1.105200 42.1057
3 -7.400400  0.956758 31.4855
3  7.802570  1.561070 31.4591
3 -6.829370  2.224620 31.5027
3  7.600790  2.975260 31.4423
3 -5.259290  4.345530 31.4373
3 -4.249710  5.358280 31.4196
3  6.614570  5.499100 31.3799
3 -2.078250  6.911020 31.4031
3 -0.769287  7.456880 31.4195
3  1.793020  8.044530 31.4359
3  3.234350  7.772070 31.4847
3  3.857950  7.511330 32.7497
3  5.640440  6.498800 31.3414
3  5.095320  6.851970 32.7374
3 -7.652410  0.362974 32.7955
3 -7.419340  0.950677 34.0931
2 -2.633410  1.242350 34.2267
2 -0.266261  1.697480 34.8201
2 -1.223200  1.267510 33.8411
2  1.205580 -0.152755 34.3253
3  7.673020  0.960589 32.7955
3  7.771580  1.640460 34.1082
3 -6.528020  2.824230 32.7736
3 -6.812370  2.263100 34.1005
3  7.523980  3.674880 32.7299
3  7.732460  3.078890 34.0785
3 -5.740930  3.989900 32.7802
3 -5.336990  4.464130 34.1419
3 -4.308260  5.411780 34.1184
3 -3.753380  5.721460 32.7475
3  6.992900  5.010670 32.6856
3  6.585590  5.518480 34.0417
3 -2.682240  6.653790 32.7784
3 -2.167650  7.058500 34.1135
3 -0.209110  7.669960 32.7816
3 -0.856917  7.567710 34.1000
3  3.245690  7.691860 34.0806
3  5.637240  6.532490 34.0690
3  1.153700  7.976930 32.8077
3  1.829950  7.914850 34.1034
3 -7.698360  0.373662 35.3854
3 -7.486520  1.045940 36.7216
2 -2.972280  1.790640 35.5134
2 -3.956740  1.107760 36.3571
2  1.433670  1.145720 36.3602
2  1.036480  1.099800 34.8837
3  7.779920  1.632950 36.8011
3  7.704470  0.998360 35.4204
3 -6.571700  2.842280 35.4079
2 -1.987520  2.309190 36.4158
2 -0.631216  2.262850 36.0889
3  7.525160  3.695940 35.4333
3  7.776810  3.079770 36.7918
3 -5.682450  3.988090 35.4489
3 -5.324780  4.527320 36.7550
3 -3.746710  5.823970 35.4021
3  7.001780  5.029660 35.4226
3  6.665770  5.570940 36.7623
3 -2.721870  6.808840 35.4204
3 -2.215310  7.197260 36.7536
3 -0.866910  7.707830 36.7635
3 -0.205563  7.841640 35.4165
3  3.891240  7.672820 35.4144
3  3.222960  7.871270 36.7180
3  5.134930  6.920140 35.4049
3  5.694570  6.643400 36.7245
3  1.219510  8.012400 35.3987
3  1.817050  7.937830 36.7092
3 -7.632080  0.432329 38.0452
2 -3.779960  0.105031 38.6164
2 -3.523750  1.175050 37.7461
2  2.158350  0.094084 36.9403
2  1.729010 -0.282364 38.3146
3  7.710950  0.979353 38.1282
3 -6.898490  2.332630 36.7020
3 -6.479200  2.836080 38.0743
2 -2.354430  2.001250 37.7720
2 -1.381620  1.691830 38.7917
2  0.005926  1.597560 38.3108
2  0.363731  1.896950 37.0155
3  7.570390  3.706700 38.1670
3 -4.307050  5.517150 36.7519
3 -5.670810  3.979010 38.0895
3 -3.877200  5.993540 38.0785
3  7.042430  5.078490 38.1488
3 -2.797320  6.918490 38.0654
3 -0.221442  7.879190 38.0386
3  3.863260  7.689180 38.0132
3  5.157870  7.058920 38.0277
3  1.204750  8.058980 38.0213
3 -7.403690  1.040610 39.3608
3 -7.476020  0.444400 40.7022
2 -2.790650 -0.203191 39.6498
2 -1.577630  0.518839 39.6848
2 -0.293467 -0.152813 39.8272
2  0.672131  0.483871 38.9539
3  7.743540  0.935317 40.8041
3  7.803350  1.618020 39.5222
3 -6.815170  2.385290 39.3644
3 -6.543800  2.893080 40.7107
3 -5.727680  4.063640 40.7669
3  7.605030  3.042490 39.4703
3  7.312470  3.634790 40.8455
3 -5.326440  4.488850 39.3914
3 -4.344760  5.545790 39.4236
3 -3.829660  5.952090 40.7512
3  6.564920  5.551310 39.4578
3  6.882950  5.010060 40.8167
3 -2.673880  6.839870 40.7292
3 -2.120200  7.160590 39.3793
3 -0.813857  7.766510 39.3476
3 -0.166517  7.905300 40.6926
3  3.238080  7.878940 39.3682
3  3.817240  7.696950 40.7682
3  5.581080  6.592730 39.4764
3  5.095360  7.051910 40.7977
3  1.871760  8.119000 39.3362
3  1.216690  8.136330 40.7062
3 -7.319730  1.055030 42.0309
1  2.354610  1.106980 42.9834
3  7.706700  1.585040 42.1146
3 -6.870930  2.385290 42.0280
3  7.402380  3.003150 42.1239
3 -5.278680  4.585140 42.0749
3 -4.247160  5.534270 42.0579
3  6.471400  5.518380 42.1528
3 -2.143950  7.260830 42.0546
3 -0.857743  7.871690 42.0533
3  3.233560  7.896950 42.0964
3  5.502260  6.573850 42.1220
3  1.802300  8.115730 42.0747
1  0.010915  1.898650 42.9756
1  0.920393  0.936593 42.6954