323

3 -5.622460 -6.498910 41.8386
3 -3.145430 -7.448830 41.7786
3 -1.748000 -7.838310 41.8065
3  0.838077 -7.385980 41.7912
3  2.179230 -6.866120 41.8078
3 -6.659510 -5.478700 41.8558
3  4.415130 -5.350680 41.7463
3  5.521150 -4.433170 41.7512
3 -7.906090 -3.140870 41.8978
1  0.966401 -2.227450 42.5828
3  7.160770 -2.334170 41.8179
3 -8.026030 -1.731460 41.8793
1 -1.230870 -1.094730 42.3222
1  0.066977 -1.427220 41.8375
1  2.334330 -1.722240 42.3802
3  7.685630 -0.992169 41.8383
3 -5.096430 -6.872100 43.2592
3 -3.763820 -7.403150 43.2462
3 -1.096170 -7.878700 43.2972
3  0.312546 -7.632020 43.2957
3  2.631440 -6.424140 43.3121
3 -7.033240 -5.076620 43.3358
3 -6.688960 -5.629960 44.7593
3  3.901270 -5.723680 43.2864
3 -7.650940 -3.792330 43.3361
1  0.642456 -2.772100 43.8117
1 -0.640869 -2.474850 44.3848
1  2.947450 -2.234980 44.6974
3  5.951430 -4.026410 43.3306
3  6.790040 -2.854870 43.3343
3 -8.143800 -1.147140 43.3582
3 -8.171540 -1.795900 44.7969
1 -1.510220 -1.588960 43.6794
1 -2.274670 -0.644394 44.4210
1  3.324220 -1.771790 43.3428
1  4.230810 -0.703948 43.5767
3  7.940900 -0.450206 43.3097
3 -5.657020 -6.608780 44.7173
3 -5.157640 -6.943320 46.1741
3 -3.181060 -7.557960 44.6593
3 -3.760120 -7.365840 46.1771
3 -1.771820 -7.844130 44.6909
3 -1.204570 -7.810880 46.1523
3  0.895600 -7.379630 44.6722
3  0.223386 -7.541520 46.1464
3  2.100940 -6.671560 44.6981
3  2.678440 -6.401560 46.1997
3 -7.053370 -5.035290 46.2559
3  4.373300 -5.386830 44.6907
3  3.917930 -5.674820 46.2007
3  5.542070 -4.584900 44.7386
3 -8.017390 -3.242960 44.7951
3 -7.733350 -3.791190 46.2393
1  0.881462 -2.557060 46.1370
1 -0.545156 -2.326420 45.8861
1  1.622210 -2.754140 44.8958
3  5.872720 -3.954180 46.1491
3  6.835260 -2.896700 46.2063
3  7.118350 -2.299770 44.7955
3 -8.220840 -1.240080 46.2638
1 -2.087660 -0.389564 45.7935
1 -1.216030 -1.280260 46.5776
1  2.881560 -1.223440 46.8426
1  4.437670 -0.558393 45.0038
1  3.612070 -1.527950 45.6648
3  7.687930 -0.967667 44.8236
3  7.812910 -0.413522 46.2623
3 -5.683430 -6.671250 47.6977
3 -3.221950 -7.740010 47.5733
3 -1.783070 -7.858290 47.5404
3  0.790669 -7.253490 47.6824
3  2.059660 -6.638090 47.6257
3 -6.659580 -5.586610 47.7085
3  4.426280 -5.310670 47.6218
3  5.443930 -4.387170 47.6628
3 -8.007720 -3.254810 47.7318
3  7.124680 -2.398230 47.6959
3 -8.205970 -1.813480 47.7044
1 -0.552494 -0.511985 47.6307
1  1.563100 -1.769040 47.0926
1  0.824560 -0.734606 47.8162
3  7.673880 -1.024900 47.7159
3 -5.080150 -6.976870 49.1658
3 -5.564930 -6.623820 50.6552
3 -3.754480 -7.554390 49.1223
3 -3.260380 -7.754830 50.5843
3 -1.794920 -7.815550 50.5666
3 -1.224530 -7.766520 49.0149
3  0.133721 -7.361310 49.0377
3  0.660211 -7.185060 50.5572
3  2.025990 -6.594000 50.5414
3  2.596450 -6.337990 49.0690
3 -7.038740 -5.111960 49.2369
3 -6.621650 -5.613570 50.6603
3  3.851600 -5.612240 49.0898
3  4.351310 -5.273110 50.5842
3  5.425840 -4.319640 50.5784
3 -7.716240 -3.834640 49.2048
3 -7.990010 -3.248540 50.6344
3  5.873570 -3.993970 49.0969
3  6.773330 -2.872010 49.0993
3  7.086940 -2.337960 50.4956
3 -8.276720 -1.151710 49.1039
3 -8.265480 -1.799000 50.6127
3  7.922180 -0.414243 49.1410
3  7.776650 -1.044580 50.5366
3 -5.131850 -6.942130 52.0597
3 -3.851710 -7.610570 52.1218
3 -1.239170 -7.748270 52.0362
3  0.157034 -7.430180 52.0400
3  2.636750 -6.431950 51.9721
3 -6.967340 -5.071520 52.1037
3  3.790620 -5.564450 52.0035
3 -7.653600 -3.789750 52.1996
2  1.016550 -2.557940 52.6504
3  5.818000 -3.957070 51.9882
3  6.817400 -2.894990 51.9647
3 -8.301100 -1.202920 52.0791
2 -1.829950 -0.438776 52.8755
2  0.043131 -0.149527 51.3266
2 -0.789838 -1.009240 52.0351
2 -0.327059 -2.212790 52.7612
2  1.437780 -0.499271 51.2348
2  1.892520 -1.544920 52.0059
2  3.866920 -0.260676 52.7171
2  3.095310 -1.381200 52.7240
3  7.774120 -0.429635 51.9575
3 -5.625700 -6.587920 53.5495
3 -5.144310 -6.998630 55.0213
3 -3.852360 -7.557980 54.9786
3 -3.270650 -7.734270 53.5773
3 -1.827600 -7.880670 53.5594
3 -1.273020 -7.863930 54.9500
3  0.130992 -7.525990 54.9259
3  0.701076 -7.368820 53.4318
3  2.057090 -6.850580 53.4751
3 -6.993880 -5.032740 55.0511
3 -6.643020 -5.601160 53.6013
3  2.576070 -6.499160 54.9680
3  4.250050 -5.236250 53.4747
3  3.782150 -5.742270 54.9755
3  5.409780 -4.398190 53.5538
3 -7.899920 -3.272460 53.5493
3 -7.679870 -3.797690 55.0075
2 -0.998528 -2.301190 54.0147
2  1.744900 -2.961030 53.9593
3  6.840110 -2.930510 54.9029
3  5.848140 -3.933720 54.9341
3  7.158620 -2.397300 53.4507
3 -8.335990 -1.175270 54.9592
3 -8.200520 -1.890500 53.4738
2 -1.931030 -1.191400 54.0835
2  2.982340 -2.168820 53.9123
3  7.680650 -0.420111 54.8510
3  7.723320 -1.048680 53.4437
3 -7.907920  0.859431 41.8603
1 -1.715500  0.288583 42.3129
3  8.117920  1.641280 41.8616
3 -7.180780  2.109790 41.8232
3 -5.746950  4.401340 41.9030
1  0.476762  3.083510 41.9927
1 -0.909637  2.632020 42.2105
1  3.261940  2.621150 42.5739
3  7.831540  3.108590 41.8668
3 -4.677290  5.302190 41.8698
3  6.471070  5.376670 41.9050
3 -2.398800  6.661280 41.9269
3 -1.077020  7.245170 41.9597
3  1.581540  7.618090 41.9539
3  2.995520  7.597040 41.8946
3  5.446660  6.393710 41.8503
3 -8.059130  0.271199 43.3320
1 -2.338390  0.554831 43.5743
1 -2.237800  1.803870 44.1617
1  4.009810  0.431244 42.7963
1  4.083760  1.724410 43.3866
1  4.396750  1.952240 44.7095
3  8.158460  0.988169 43.2816
3 -6.867320  2.674670 43.3449
3 -6.053550  3.865520 43.3747
1 -1.570130  2.868720 43.4234
1 -0.946729  3.687850 44.4249
1  0.413893  4.046160 44.2159
1  2.521520  3.609750 43.2883
1  1.123970  3.804870 43.0064
3  7.562720  3.678970 43.3502
3 -4.191090  5.653270 43.3900
3 -2.923190  6.361680 43.3591
3  6.822840  4.957090 43.3283
3 -0.434500  7.366350 43.3664
3  1.007000  7.601360 43.3835
3  3.718590  7.487770 43.2932
3  4.992160  6.786420 43.2905
3 -7.797630  0.779248 44.8686
3 -8.027220  0.203343 46.2857
3 -7.193350  2.101180 44.8292
1 -2.067510  2.052980 45.5898
1 -1.968570  0.911783 46.3542
1  4.561260  0.776306 45.5699
1  3.712960  1.044410 46.7758
3  7.988300  1.632690 44.8173
3  7.928410  1.019880 46.3032
3 -6.881430  2.618510 46.2745
3 -5.758120  4.394940 44.8401
3 -6.120100  3.835070 46.2660
1 -1.259870  3.246570 45.7248
1  2.759400  3.876400 44.7393
1  1.341610  4.036840 45.2858
1  1.037800  3.614720 46.5936
1  3.213140  2.407580 46.7072
1  3.610820  2.958030 45.4457
3  7.714720  3.042770 44.8068
3  7.537410  3.628020 46.3307
3 -4.629150  5.284510 44.8447
3 -4.109790  5.611410 46.2872
3 -2.873810  6.428670 46.3038
3  6.474900  5.416820 44.8268
3  6.864560  4.939530 46.2796
3 -2.306690  6.565000 44.7557
3 -1.004430  7.140580 44.7528
3 -0.409854  7.206910 46.1917
3  1.623990  7.631470 44.7909
3  1.011090  7.534600 46.2466
3  3.082180  7.624690 44.7917
3  3.642420  7.524570 46.2637
3  5.406620  6.388180 44.8063
3  4.843210  6.763330 46.2711
3 -7.884320  0.834490 47.7373
1 -1.005800  0.862641 47.4123
1 -0.157598  1.967530 47.6580
1  1.704280  0.426574 47.9810
1  1.199900  1.696450 47.8730
1  2.942600  0.077767 47.3508
3  7.805790  1.641400 47.6866
3 -7.168490  2.056040 47.7118
3 -5.657950  4.275360 47.7651
1 -0.325406  3.165270 46.7860
1  1.951650  2.753690 47.2593
3  7.561600  3.033790 47.7291
3 -4.591870  5.210070 47.7511
3  6.391470  5.406850 47.7141
3 -2.360080  6.728470 47.6987
3 -1.015930  7.160860 47.6591
3  1.628110  7.627060 47.7848
3  3.042080  7.670030 47.7746
3  5.312710  6.399390 47.7390
3 -8.037610  0.854082 50.5733
3 -8.066680  0.273078 49.1241
3  7.916490  1.038100 49.1339
3  7.833310  1.610860 50.5712
3 -7.196240  2.049820 50.5765
3 -6.883100  2.581950 49.1240
3 -6.033180  3.760980 49.1631
3 -5.558060  4.233700 50.6348
3  7.330240  3.572710 49.1015
3  7.633560  3.034350 50.5900
3 -4.026340  5.562290 49.1307
3 -4.476670  5.145830 50.6112
3 -2.819200  6.371390 49.1667
3  6.781530  4.861390 49.1351
3  6.466080  5.415250 50.5573
3 -2.352790  6.640090 50.5785
3 -0.963418  7.136850 50.6123
3 -0.414597  7.302590 49.1433
3  1.019840  7.535550 49.1647
3  1.584660  7.665720 50.6722
3  3.010330  7.501140 50.6938
3  3.613920  7.524500 49.2363
3  5.368590  6.343430 50.5480
3  4.858590  6.733340 49.1795
3 -8.105780  0.233639 52.0068
2 -1.113650  1.947000 52.1139
2 -2.005050  1.005730 52.8498
2 -0.069090  1.315610 51.3682
2  2.179890  0.761505 51.2526
2  1.282280  1.869220 51.3725
2  3.371650  0.913062 51.9818
2  3.645330  2.074360 52.7069
3  7.889710  0.990645 52.0086
3 -6.851160  2.632640 51.9721
3 -6.036240  3.810940 52.0527
2  0.422334  3.680630 52.8656
2 -0.866170  3.107560 52.9085
2  1.500560  3.094950 52.0189
2  2.727550  3.152980 52.7853
3  7.532220  3.672860 51.9801
3 -4.077810  5.547030 52.0774
3 -2.949240  6.414580 52.0997
3  6.932980  4.956980 52.0714
3 -0.478978  7.418820 52.0973
3  0.948673  7.625350 52.1306
3  3.561680  7.375020 52.1050
3  4.801630  6.673800 52.0647
3 -7.862200  0.800750 53.4607
3 -8.151430  0.265821 54.9820
3 -7.176210  2.083960 53.4985
2 -2.337390  1.663820 54.0806
2  4.417500  0.186250 53.9947
2  4.357030  1.645830 53.9753
3  7.814760  1.587190 53.4191
3  7.778080  1.031440 54.8991
3 -6.979010  2.563480 54.9607
3 -6.116970  3.757920 54.9981
3 -5.676910  4.164550 53.5933
2 -1.594130  2.951820 54.1791
2  2.451600  3.746070 54.0724
2  1.056740  4.038820 54.1199
3  7.640400  3.031690 53.4447
3  7.518510  3.659770 54.9811
3 -4.624280  5.168000 53.5923
3 -4.124980  5.555100 54.9914
3  5.371540  6.315440 53.4577
3  6.534320  5.443310 53.4825
3  6.895590  4.965950 54.9344
3 -1.071990  7.247460 53.5273
3 -2.391660  6.736210 53.4966
3 -2.950570  6.442240 55.0317
3  0.882376  7.558850 54.9963
3 -0.529564  7.465330 54.9921
3  1.562900  7.571420 53.5746
3  4.852660  6.699060 54.9390
3  3.577210  7.359290 54.9030
3  2.988430  7.437400 53.5336