304

3 -3.472450 -6.595400  99.2380
3 -1.978680 -6.830080  99.2352
3  0.550912 -6.776580  99.2273
3  1.975370 -6.411200  99.2704
3 -7.156800 -5.040840  99.2608
3 -5.947050 -5.896810  99.2609
3  4.467860 -5.369780  99.1918
3  5.707820 -4.631160  99.2474
3 -8.394190 -2.681730  99.2998
1 -0.748418 -2.070560  98.9780
1  1.309290 -2.857280  99.5752
1  2.665730 -2.638070  99.3709
3  7.296990 -2.600230  99.2573
3 -8.743750 -1.250030  99.2910
3  8.107750 -1.361880  99.2177
3 -4.055980 -6.566620 100.8280
3 -1.398450 -6.924340 100.8370
3  0.071135 -6.995240 100.8430
3  2.608460 -6.202420 100.8720
3 -7.607640 -4.607980 100.7930
3 -5.453970 -6.097730 100.8590
3  3.972440 -5.660800 100.7930
3  6.065490 -4.242020 100.7950
3 -8.183990 -3.254610 100.8010
1  0.686860 -2.338300 100.7670
1  3.487370 -1.930300 100.2730
3  6.970340 -3.059450 100.8180
3 -8.879330 -0.667977 100.8840
1 -1.060430 -0.580050 100.8620
1 -0.548364 -1.757980 100.3360
1  2.891280 -1.357940 101.3770
1  4.474320 -1.221780  99.4647
1  4.808270  0.125369  99.8053
3  8.281860 -0.802745 100.7560
3 -3.508370 -6.703390 102.4450
3 -2.018880 -6.854210 102.4040
3  0.666087 -6.811050 102.3930
3  2.027100 -6.419450 102.4330
3 -7.230890 -5.055440 102.3940
3 -6.003800 -5.801070 102.4270
3  4.497650 -5.507270 102.4310
3  5.773790 -4.714800 102.4270
3 -8.395380 -2.626850 102.3450
3  7.197920 -2.536840 102.4270
3 -8.769270 -1.241600 102.3840
1 -0.335578  0.223937 101.7720
1  0.960549 -0.236330 102.1600
1  1.494920 -1.535450 101.6670
1  3.211350  0.009249 101.7730
3  7.802980 -1.204660 102.3320
3 -4.082980 -6.526990 103.9770
3 -3.434220 -6.675920 105.5580
3 -1.416410 -7.020150 103.9380
3 -2.011600 -6.995100 105.4970
3  0.034022 -6.936320 103.9410
3  0.583943 -6.763830 105.5500
3  2.055180 -6.490200 105.6060
3  2.594420 -6.325720 104.0030
3 -7.503450 -4.511910 103.9730
3 -7.095690 -4.961630 105.5760
3 -5.416660 -6.068090 104.0090
3 -5.919320 -5.777190 105.5680
3  3.966430 -5.851500 104.0240
3  5.725000 -4.726120 105.6140
3  6.182760 -4.342510 104.0390
3 -8.381000 -2.696980 105.5960
3 -8.061300 -3.138020 103.9650
3  6.936790 -3.108120 104.0320
3  7.353250 -2.598440 105.6140
3 -8.639840 -0.665511 103.9720
2  2.558050  0.493632 105.4570
3  7.900650 -1.259220 105.5430
3  8.176050 -0.742439 103.9530
3 -3.985350 -6.438290 107.1070
3 -1.438870 -7.023810 107.0670
3  0.033694 -6.930090 107.0980
3  2.610750 -6.241580 107.1400
3 -7.572960 -4.523920 107.1660
3 -5.414940 -6.084580 107.1190
3  4.570760 -5.594140 105.6150
3  3.958150 -5.755190 107.1420
3  6.119590 -4.194690 107.1440
3 -8.246930 -3.273660 107.2280
2 -0.320874 -1.482790 106.8070
2  0.862031 -1.228830 106.0220
2  1.940140 -2.055920 106.5410
2  3.294660 -1.570010 106.5130
3  6.977300 -3.055070 107.1970
3 -8.602050 -1.226610 105.5810
3 -8.764550 -0.644661 107.1510
2 -1.171850 -0.353883 107.0580
2  1.191890  0.007444 105.5070
2  3.579080 -0.298033 105.9900
2  4.604450  0.365006 106.7600
3  8.063950 -0.669945 107.1590
3 -3.433020 -6.624870 108.6670
3 -1.990280 -6.959500 108.6740
3  0.591609 -6.766710 108.6930
3  1.980350 -6.351490 108.6980
3 -7.107480 -4.990520 108.7750
3 -5.890750 -5.802280 108.7260
3  4.562340 -5.545770 108.7290
3  5.732830 -4.632350 108.7350
3 -8.301760 -2.651600 108.7630
2 -0.001375 -2.398700 107.8730
2  1.442450 -2.704940 107.7660
2  2.228570 -2.828480 108.9590
2  4.152270 -1.720990 107.7170
2  3.553890 -2.275270 108.9190
3  7.333910 -2.560530 108.7320
3 -8.680370 -1.264530 108.7320
2 -1.693000 -0.080318 108.3440
2  5.120580  0.084147 109.1010
2  4.922450 -0.487372 107.8640
3  7.941000 -1.237380 108.7130
3 -3.962500 -6.550690 110.2280
3 -1.489730 -7.053010 110.2800
3 -0.003389 -6.917970 110.2810
3  2.629770 -6.298960 110.2170
3 -7.465500 -4.538210 110.3450
3 -5.405330 -6.124120 110.3090
3  3.979090 -5.797350 110.2190
3  6.102720 -4.248240 110.2350
3 -8.054140 -3.240910 110.3260
2 -0.471243 -2.020600 109.1920
2  1.665580 -2.547040 110.2480
2  0.331791 -2.190840 110.3630
3  7.103230 -3.123700 110.2780
3 -8.724120 -0.629688 110.2940
2 -1.306970 -0.900279 109.4140
2 -1.047260 -0.401927 110.7320
2 -0.046817 -1.227530 111.4040
2  3.911790 -1.795740 110.2210
2  2.673410 -1.828140 111.0040
2  4.583700 -0.549599 110.2890
3  8.244660 -0.725334 110.3030
3 -3.442840 -6.775430 111.8480
3 -1.992820 -6.906580 111.8390
3  0.632984 -6.747000 111.8190
3  2.033930 -6.455210 111.7990
3 -7.013430 -5.003100 111.8980
3 -5.875030 -5.908430 111.8780
3  4.500250 -5.535040 111.8460
3  5.615560 -4.584070 111.8220
3 -8.185430 -2.633730 111.8520
3  7.305190 -2.578280 111.8670
3 -8.546000 -1.219050 111.8600
2  0.956870 -0.512159 112.1170
2  2.377530 -0.904804 111.9540
3  8.038040 -1.293820 111.8700
3 -8.242950  1.312240  99.2675
3  8.401530  1.220160  99.2198
3 -7.616740  2.684740  99.2477
1 -1.436160  2.693600  99.4112
3  8.012380  2.676780  99.2011
3 -5.782610  4.440720  99.2275
3 -4.507630  5.133500  99.2858
3  5.697660  5.924910  99.2297
3  6.733940  4.917380  99.2378
3 -2.189330  6.455800  99.1898
3 -0.785337  6.951900  99.2032
3  1.829120  7.236140  99.2111
3  3.314150  7.063380  99.1910
3 -8.668860  0.847203 100.8640
1 -1.859710  0.297642 100.0330
1 -1.491390  1.660080 100.4080
1 -0.562807  1.600620 101.5420
1  3.982050  2.118360 100.6730
1  4.182870  0.717355 101.0010
1  4.381750  2.350710  99.3444
3  8.461940  0.673630 100.7560
3 -7.346030  3.203320 100.8510
1 -0.278859  3.631970  99.4939
1  0.716938  3.545020 100.5570
1  2.077230  3.722430 100.2980
1  2.861570  2.811800 101.1270
3  7.932300  3.200310 100.8020
3 -6.269670  4.210510 100.8110
3 -3.997450  5.415830 100.8280
3  5.180700  6.259470 100.7920
3  7.118550  4.501470 100.7920
3 -2.732570  6.153210 100.7760
3 -0.211402  6.949880 100.8060
3  1.241940  7.124020 100.7780
3  3.857090  6.854670 100.7940
3 -8.364740  1.432420 102.4170
1  1.875510  2.041360 101.8360
1  2.041230  0.685078 102.2180
3  8.387830  1.239590 102.3170
3 -7.747540  2.775060 102.4240
1  0.562134  2.482350 101.5230
3  8.019100  2.650990 102.3480
3 -5.891080  4.543830 102.4010
3 -4.573400  5.241760 102.4280
3  5.704300  5.958560 102.3950
3  6.729730  4.923710 102.3950
3 -2.235190  6.391550 102.3430
3 -0.876348  6.940680 102.3460
3  1.842000  7.065350 102.3720
3  3.337850  7.126490 102.3800
3 -8.406950  0.799321 103.9460
2  2.497930  1.925760 105.6160
3  8.426100  0.675361 103.9320
3  8.383390  1.228190 105.5370
3 -7.497040  3.199780 104.0350
3  7.710210  3.138060 103.9500
3  8.103580  2.719170 105.5140
3 -6.392650  4.149940 103.9780
3 -5.856450  4.499940 105.5170
3 -4.533590  5.171760 105.5200
3 -3.991830  5.334060 103.9370
3  5.694120  5.979810 105.5340
3  7.113090  4.430900 103.9930
3  6.735970  5.012310 105.5620
3 -2.755980  6.099180 103.9010
3 -2.199740  6.351900 105.4920
3 -0.288489  7.021100 103.9270
3 -0.864262  6.780240 105.4980
3  1.191300  7.219300 103.9220
3  1.820950  7.160110 105.4670
3  3.879420  6.919280 103.9660
3  3.258950  6.867030 105.5170
3  5.161000  6.318280 103.9490
3 -8.436590  1.345970 105.5600
3 -8.576970  0.753449 107.1710
2  0.279963  1.114360 105.6270
2 -1.232100  2.011570 107.4030
2 -0.872037  0.947217 106.4350
2  1.089230  2.294330 105.7420
2  3.470000  2.555230 106.4070
2  4.583770  1.787120 106.9250
3  8.466870  0.723171 107.1680
3 -7.729050  2.628370 105.5850
3 -7.277050  3.084000 107.1460
2 -0.470805  3.185620 107.5090
2  0.683860  3.327030 106.6630
2  1.745670  3.909500 107.4650
2  3.076800  3.509550 107.3580
3  7.834710  3.235420 107.1140
3 -6.327400  4.164140 107.1390
3 -4.097130  5.516940 107.1100
3  7.094710  4.566580 107.1270
3 -2.753030  6.134700 107.0840
3 -0.245105  6.994420 107.0790
3  1.218610  7.161330 107.0680
3  3.828470  6.816850 107.1230
3  5.223170  6.344580 107.1470
3 -8.385760  1.353140 108.7240
2 -1.732160  1.316590 108.5580
2  4.869250  2.341110 108.2560
2  5.106040  1.494820 109.3510
3  8.465300  1.412140 108.7370
3 -7.655070  2.655510 108.7430
2 -0.159482  3.723180 108.8240
2  1.191570  4.206130 108.7920
2  2.016640  4.056910 109.9080
2  3.973650  3.419170 108.4920
2  3.416240  3.672190 109.7500
3  8.010110  2.773740 108.7430
3 -5.837330  4.549030 108.7030
3 -4.512050  5.257720 108.7060
3  5.737590  6.035230 108.7490
3  6.765280  4.973730 108.7490
3 -2.183630  6.467070 108.6520
3 -0.777937  6.910380 108.6210
3  1.786880  7.178750 108.6760
3  3.261040  7.031440 108.7110
3 -8.579780  0.832730 110.3080
2 -1.449840  1.811440 109.8480
2 -1.056180  0.979221 110.9500
2 -0.150181  1.634810 111.7810
2  4.283320  0.490812 111.2450
2  4.665480  1.762940 110.6700
3  8.601720  0.717249 110.3070
3 -7.217960  3.054650 110.3300
3 -6.262610  4.115060 110.3030
2 -0.666658  3.039090 109.9730
2  0.228378  2.912050 111.1260
2  1.551980  3.431990 111.1070
2  2.603130  2.675920 111.6940
2  3.806000  2.801040 110.8950
3  7.745680  3.247000 110.2790
3 -3.985280  5.614090 110.2580
3  7.066090  4.485480 110.2900
3 -2.741680  6.265690 110.2380
3 -0.214889  6.994360 110.2350
3  1.198630  7.244510 110.2330
3  3.810850  6.819790 110.2660
3  5.232150  6.287730 110.3150
3 -8.373540  1.340030 111.9040
2  0.955541  0.912249 112.3140
2  2.297010  1.422330 112.2820
2  3.175350  0.355831 112.0560
3  8.433880  1.368680 111.8550
3 -7.539050  2.567590 111.8600
3  8.042980  2.754190 111.8740
3 -5.810890  4.568490 111.8500
3 -4.603930  5.354430 111.8130
3  5.677050  5.924330 111.8360
3  6.761830  4.981650 111.8690
3 -2.181120  6.365020 111.8260
3 -0.849074  6.935480 111.8030
3  1.803400  7.089740 111.8160
3  3.232240  7.011600 111.8350