267

3 -4.436710 -5.912080 -21.37840
3 -3.199150 -6.566520 -21.34080
3 -2.668890 -6.960500 -22.55130
3 -1.294780 -7.287200 -22.58060
3 -0.578318 -7.448870 -21.37540
3  0.808859 -7.491000 -21.33920
3  1.480280 -7.314380 -22.55740
3  2.822680 -6.903750 -22.57630
3  3.499710 -6.690890 -21.37310
3 -5.915440 -4.360280 -22.55750
3 -5.004630 -5.416400 -22.55370
3  4.717870 -5.983550 -21.40800
3  5.301550 -5.592810 -22.62810
3  6.305940 -4.582750 -22.67330
3 -6.184530 -3.740410 -21.32700
3 -7.031030 -1.843960 -22.61570
3 -6.699720 -2.460330 -21.36560
3  6.676340 -3.975860 -21.44640
3  7.373070 -2.790630 -21.48940
3 -7.274480 -0.433779 -22.62860
3  7.784760 -2.203120 -22.69470
3  8.087370 -0.829020 -22.74480
3 -4.353630 -5.923310 -18.91580
3 -2.594830 -6.931280 -20.14630
3 -1.280210 -7.261580 -20.16790
3  1.500490 -7.318910 -20.12040
3  2.865270 -7.045260 -20.13800
3  3.487640 -6.694990 -18.94800
3 -5.680330 -4.263120 -20.11090
3 -4.890400 -5.418330 -20.13120
3  4.640280 -5.905880 -18.95540
3  5.244450 -5.587800 -20.16360
3  6.294200 -4.615580 -20.18360
3 -5.818500 -3.571600 -18.87840
3 -6.346010 -2.286430 -18.91670
3  6.677880 -3.945800 -19.00130
3  7.303600 -2.687280 -19.07510
3 -6.735590 -1.698700 -20.14380
3 -6.955760 -0.315235 -20.21120
3  7.494340 -2.056180 -20.32080
3  7.607470 -0.693057 -20.38350
3 -3.292740 -6.821340 -18.93390
3 -2.741670 -7.308180 -17.71770
3 -1.301650 -7.403450 -17.70270
3 -0.640016 -7.426220 -18.95370
3  0.760551 -7.314780 -18.94310
3  1.398020 -7.181820 -17.71530
3  2.702790 -6.675690 -17.77190
3 -5.259820 -4.102040 -17.64360
3 -4.728850 -5.403370 -17.64960
3  5.140400 -5.364070 -17.73560
3  6.134150 -4.337360 -17.77980
3 -6.277480 -1.524480 -17.73760
3 -6.583930 -0.179350 -17.78770
3  7.443860 -1.926220 -17.91670
3  7.300810 -0.525643 -18.05330
3 -4.407090 -6.095480 -16.47850
3 -3.402700 -7.097990 -16.47550
3 -2.778030 -7.605080 -15.33120
3 -1.366930 -7.712810 -15.27840
3 -0.684038 -7.524550 -16.45880
3  0.699322 -7.368150 -16.50240
3  1.339710 -6.993390 -15.29610
3  2.441880 -6.208860 -15.29710
3  3.213080 -6.170850 -16.51910
3 -4.764680 -4.067300 -15.17440
3 -4.644000 -5.496020 -15.20800
3  4.423590 -5.455000 -16.53050
3  4.702030 -4.722360 -15.36900
3 -5.334940 -3.458680 -16.40170
3 -5.975360 -2.218620 -16.49220
3  6.470320 -3.660620 -16.56330
3  5.756290 -3.770320 -15.35760
3  7.187200 -2.428870 -16.62440
3  7.148560 -0.162702 -15.69140
3  7.339000 -1.541830 -15.53000
3 -4.347240 -6.180980 -14.04000
3 -3.409210 -7.403930 -14.09180
3 -1.225580 -7.080560 -12.76390
3 -0.650690 -7.563960 -14.06000
3  0.664838 -6.985040 -14.10740
3  0.882726 -6.217410 -12.89080
3  1.800570 -5.164820 -13.12750
3  2.681880 -5.375280 -14.19470
3  3.666100 -4.457830 -14.41280
3 -4.161410 -3.466050 -14.05190
3 -3.472200 -3.603860 -12.84490
3  3.531050 -3.234390 -13.89210
3  4.609100 -2.307750 -13.78740
3  5.798660 -2.777850 -14.33250
3  6.987550 -2.002150 -14.24080
3  7.454750 -1.146620 -13.15190
3 -2.609660 -7.075590 -12.74310
3 -0.165644 -6.427190 -11.93570
3 -3.656810 -5.975540 -12.68770
3 -3.626460 -4.774210 -11.99780
3  1.449800 -3.812650 -11.11610
3  1.829710 -3.980170 -12.38860
3 -2.752130 -2.578010 -12.30140
3  2.412240 -2.879570 -13.08820
3  2.714900 -1.540120 -12.69420
3 -7.732540 -0.053193 -11.36920
3 -7.340810 -0.465818 -10.14780
3 -2.189120 -0.440191 -10.73770
3 -2.162150 -1.456610 -11.74630
3  2.048110 -0.819779 -11.70420
3  4.117560 -1.278580 -12.89600
3  4.812340 -0.756558 -11.84270
3 -3.023090 -6.890730  -9.25165
3 -1.724420 -7.050330  -9.43787
3 -0.352643 -6.902180  -9.51302
3  0.474490 -7.605700  -8.68230
3 -3.275370 -4.784060 -10.69100
3 -3.738160 -5.787740  -9.53382
3 -4.032130 -4.687560  -8.36867
3 -2.904840 -3.996060  -9.31520
3  0.074313 -6.065540 -10.55820
3  0.627688 -4.758050 -10.16250
3 -8.215900 -2.565390  -8.32728
3 -6.898570 -2.313020  -8.61563
3 -6.097340 -3.459120  -8.40022
3 -1.706370 -1.689240  -8.68529
3  1.066590 -3.500570  -9.17151
3  1.854630 -2.684200 -10.28980
3 -6.561400 -1.052310  -9.17778
3 -5.221170 -0.483260  -8.93360
3 -3.880280 -0.553707  -9.02272
3 -2.533120 -0.804142  -9.39613
3  2.258430 -1.351970 -10.37640
3  3.386310 -0.726891  -9.67039
3  4.465260 -0.208035 -10.44920
3 -5.213990 -4.196070  -7.78181
3 -2.060210 -3.009700  -8.89481
3  0.631420 -2.670020  -8.19748
3 -0.406596 -1.533510  -7.93560
3  1.074430 -1.240960  -7.47312
3  7.890630 -0.059784 -21.59750
3 -7.102900  1.679000 -21.53550
3 -7.131460  0.293011 -21.44990
3  7.624820  1.302950 -21.66880
3 -7.262390  2.301020 -22.83670
3 -7.033940  3.697270 -22.93760
3  7.863820  1.985060 -22.87510
3 -6.720920  4.455610 -21.78310
3 -6.031250  5.689890 -21.82750
3  6.592400  5.359230 -21.93690
3  6.972040  4.012430 -21.85000
3  5.717170  5.815890 -20.94900
3 -4.009280  7.606470 -21.96480
3  5.044140  7.643670 -22.19740
3  3.709260  7.878980 -22.45380
3  5.283710  7.163070 -20.92900
3 -2.694850  8.087130 -21.95620
3  0.004961  8.216850 -21.62670
3  2.161590  7.857460 -22.37210
3  1.311720  7.949590 -21.31790
3 -6.990690  1.846580 -19.10020
3 -6.859950  0.445517 -19.04830
3  6.643260  1.299940 -19.44580
3  7.233090  0.051478 -19.28720
3 -6.965440  2.463470 -20.38280
3 -6.842330  3.838540 -20.48390
3  6.549460  3.283060 -20.69690
3  5.569630  3.794330 -19.81920
3  6.918620  1.940110 -20.63050
3 -6.619810  4.571740 -19.32680
3 -6.089400  5.855010 -19.41140
3  2.648440  4.902250 -19.37490
3  3.504560  4.918620 -20.45560
3  4.879800  4.859430 -20.36720
3 -5.632940  6.328000 -20.66670
3 -4.721430  7.360870 -20.74880
3 -4.302160  7.930890 -19.56690
3  0.979241  7.857190 -19.00270
3  4.529900  7.629620 -19.84450
3 -3.032720  8.561200 -19.56570
3 -2.211500  8.447670 -20.72260
3 -0.839232  8.359600 -20.55850
3 -0.329057  8.365640 -19.27950
3  1.890320  7.894820 -20.03360
3  3.236430  8.006700 -19.78720
3  6.429550  1.564150 -17.12390
3  6.954990  0.309962 -16.99190
3 -6.903330  2.633140 -17.91130
3 -6.791890  4.011130 -18.05250
3  6.025170  1.982250 -18.38670
3  5.333140  3.195080 -18.58500
3 -6.139960  6.063990 -16.94750
3  2.684910  5.345610 -18.07150
3  3.677970  4.695610 -17.22920
3  4.815280  3.851880 -17.39080
3 -5.731560  6.538070 -18.23720
3 -4.924220  7.692560 -18.34750
3  1.252260  7.489430 -17.66360
3  2.030630  6.373210 -17.33150
3 -4.416360  8.201810 -17.14550
3 -3.265280  8.975220 -17.20210
3 -2.484540  8.964680 -18.34950
3 -1.098680  8.920470 -18.25720
3 -6.867940  2.030950 -16.64860
3 -6.466300  0.709760 -16.72540
3 -7.081830  2.831350 -15.55210
3 -6.569640  4.154620 -15.54590
3  6.320340  2.435470 -16.08180
3  5.572000  3.614790 -16.21180
3 -6.563980  4.751460 -16.85510
3  4.582210  5.482720 -15.07220
3  3.513450  5.331070 -15.93090
3  5.594910  4.547810 -15.16720
3 -5.752100  6.756130 -15.79130
3 -4.902460  7.850740 -15.92230
3  1.981360  7.155720 -14.96460
3  2.424200  6.244870 -15.95350
3  0.992896  8.099000 -15.31480
3 -2.627050  9.362380 -15.98860
3 -1.211710  9.676560 -16.01450
3 -0.485015  8.975940 -17.01780
3  0.636332  8.249640 -16.67880
3 -8.303260  0.014964 -13.92550
3 -8.133590  0.065908 -12.66270
3  7.190430  0.749295 -14.59500
3  6.841280  2.092680 -14.81390
3  7.183860  0.264139 -13.26020
3  6.748920  3.017120 -13.74330
3 -6.065810  4.864380 -14.42800
3 -5.525910  6.127990 -14.47190
3  6.352120  4.321700 -14.04010
3  6.322690  5.242430 -12.97380
3 -4.605170  7.019000 -13.79320
3 -4.221040  8.086070 -14.71220
3  0.193096  8.229920 -13.05310
3  2.276610  7.037770 -13.60300
3  3.493540  6.550750 -13.13360
3  4.502300  6.432070 -14.04650
3 -3.216500  9.053750 -14.71060
3 -2.827080  9.737420 -13.49140
3  0.266779  8.817430 -14.32350
3 -0.449804  9.900110 -14.85210
3 -3.083790 11.059500 -13.32610
3 -3.090980 12.368100 -13.27190
3  5.653240  0.542027 -11.41890
3  6.589760  1.163190 -12.21730
3  6.627940  2.554900 -12.40170
3  6.248490  3.561170 -11.35420
3  5.755170  4.812840 -11.75790
3  4.904800  5.738560 -11.10330
3 -3.148930  8.721630 -11.33820
3 -0.644174  8.186190 -10.82520
3 -0.936223  8.482640 -12.19350
3  1.695320  7.539600 -11.28020
3  1.369600  7.534960 -12.65610
3  3.827060  6.406160 -11.76790
3  3.038430  7.308790 -10.93450
3 -2.246170  8.995190 -12.41480
3  6.745850  3.645010 -10.05730
3  6.963410  4.330940  -8.94488
3 -0.793890  7.768920  -8.53863
3  0.605274  7.640010  -8.94103
3 -2.887780  8.623230 -10.01150
3 -1.594510  8.258060  -9.65490
3  0.680041  7.763320 -10.35650
3  3.703400  7.944960  -9.89311
3  4.870800  7.412370  -9.36899
3  5.250040  6.179680  -9.80544
3  6.824820  4.852310  -7.65976
3  1.753970  7.307430  -8.22451
3  2.865400  7.181530  -7.53170