292

2  0.399559 -1.877230 13.2794
3 -3.419380 -7.062280 14.1278
3 -1.982340 -7.311080 14.1465
3  0.637701 -7.158910 14.1082
3  2.015360 -6.564590 14.0585
3 -6.973530 -5.198720 14.1434
3 -5.763710 -6.093670 14.1176
3  4.281860 -5.080230 14.0676
3  5.370940 -4.158270 14.1068
3 -8.138960 -2.816250 14.1389
2 -1.879030 -2.992250 13.1671
2 -0.523056 -3.012850 12.8717
3  7.273630 -2.409180 14.1102
3 -8.213000 -1.361240 14.0980
2 -3.698870 -1.545260 13.0183
2 -2.474110 -1.746830 13.6525
2 -1.629520 -0.658051 13.8834
2 -0.205398 -0.679802 13.6543
3  8.109780 -1.179810 14.1069
3 -4.001350 -6.944700 15.6979
3 -1.410060 -7.275120 15.6580
3  0.041005 -7.183060 15.6334
3  2.597320 -6.271390 15.6283
3 -7.335880 -4.713430 15.7418
3 -5.343590 -6.448420 15.7773
3  3.870380 -5.561230 15.6058
3  5.786840 -3.768890 15.6772
3 -8.019050 -3.422650 15.7104
3  6.909300 -2.870880 15.6712
3 -8.216400 -0.749888 15.6604
3  8.376000 -0.662244 15.7068
3 -4.039210 -7.013810 18.8134
3 -3.368020 -7.094480 17.2300
3 -1.952510 -7.340130 17.2108
3 -1.392080 -7.390810 18.8085
3  0.032517 -7.217550 18.8359
3  0.579781 -6.953990 17.2221
3  1.996210 -6.480630 17.1650
3  2.507190 -6.376930 18.7584
3 -6.915640 -5.186700 17.3270
3 -7.318500 -4.732390 18.8803
3 -5.374110 -6.468800 18.8319
3 -5.883020 -6.206470 17.2650
3  3.681680 -5.453620 18.7708
3  4.299070 -5.149420 17.2046
3  5.443780 -4.237750 17.2011
3  5.872070 -3.891190 18.8287
3 -8.148870 -2.876060 17.2300
3 -7.976060 -3.429610 18.8041
1 -4.324710 -1.657430 17.9677
1 -3.236010 -2.508700 17.5240
1 -2.329680 -1.727670 16.7294
1 -0.550454 -3.155960 17.6197
1 -0.985687 -2.138030 16.7156
1  0.732738 -2.705700 18.1791
3  7.364840 -2.423910 17.2485
3  7.038400 -2.990290 18.8273
3 -8.242390 -1.401250 17.1880
3 -8.156830 -0.780609 18.7651
1 -4.066430 -0.324314 17.4670
1 -2.864480 -0.408392 16.7109
1 -0.053964 -1.051280 16.8400
1  0.988668 -1.356560 17.6828
1  1.688540 -0.419012 18.5072
3  8.384340 -0.655868 18.9132
3  8.129730 -1.206650 17.3046
3 -3.437420 -7.067280 20.4026
3 -1.986800 -7.263830 20.4024
3  0.575771 -7.145920 20.3450
3  2.030040 -6.708550 20.3410
3 -6.937430 -5.107530 20.4450
3 -5.881290 -6.089670 20.4543
1 -1.111080 -4.176170 19.7974
3  4.272850 -5.212610 20.3861
3  5.473630 -4.298990 20.3420
3 -8.065650 -2.811670 20.3830
1 -4.426800 -2.851520 20.1097
1 -4.900840 -1.812140 19.2282
1 -3.399690 -3.719840 19.6489
1 -2.890700 -3.634130 18.3229
1 -1.464040 -3.921470 18.3856
1  1.062110 -3.035900 19.5297
3  7.283280 -2.511300 20.4314
3 -8.280520 -1.383310 20.3512
1 -5.187840 -0.654306 20.0464
1  1.961950 -0.744015 19.8501
3  8.120130 -1.291950 20.4642
3 -5.410020 -6.452870 22.0587
3 -4.033200 -6.917170 22.0047
3 -1.433640 -7.243520 22.0151
3  0.021739 -7.086470 21.9518
3  2.541590 -6.402920 21.9474
3 -7.242590 -4.681310 22.0345
3  3.785610 -5.593080 21.9458
3  5.772780 -3.908160 21.9935
3 -7.945550 -3.399920 21.9826
1 -4.391590 -2.381290 21.5033
1 -2.324590 -4.053220 20.5589
1 -2.289270 -3.570520 21.8839
1  0.080556 -3.713340 20.3101
1  0.112598 -3.181900 21.6708
3  6.900580 -2.973040 22.0064
3 -8.258000 -0.768183 21.9209
1 -4.722940 -0.954047 21.4192
1  1.722380 -2.016030 20.3708
1  1.092140 -2.165170 21.7000
3  8.246850 -0.718075 22.0257
3 -3.459870 -7.009030 23.6495
3 -2.003660 -7.237660 23.6213
3  0.585209 -7.062110 23.5826
3  1.960840 -6.470630 23.5388
3 -6.899460 -5.040140 23.5384
3 -5.848750 -6.036650 23.5935
3  4.168460 -5.316240 23.5731
3  5.390250 -4.376590 23.6107
3 -8.121420 -2.789990 23.5083
1 -3.298140 -2.689880 22.3548
1 -1.041960 -3.100820 22.4295
3  7.187370 -2.459500 23.5925
3 -8.309750 -1.394200 23.5065
1 -2.696890 -1.684710 23.2533
1 -3.122770 -0.313805 23.2030
1 -1.264710 -1.957980 23.2803
1 -0.347990 -0.939800 23.2140
1  0.879420 -1.026280 22.4437
3  8.000130 -1.235180 23.6090
3 -4.022090 -6.808830 25.1755
3 -3.482890 -7.060110 26.7997
3 -2.033640 -7.195110 26.7745
3 -1.440520 -7.277910 25.2220
3  0.012111 -7.149090 25.1947
3  0.488394 -6.930290 26.7837
3  1.873330 -6.558000 26.7678
3  2.482780 -6.427800 25.1667
3 -7.247160 -4.567120 25.1491
3 -6.907780 -5.009320 26.6855
3 -5.348660 -6.228870 25.1409
3 -5.775510 -5.945310 26.6653
3  3.861740 -5.790000 25.1777
3  4.308940 -5.345000 26.7520
3  5.462170 -4.426270 26.7778
3  5.788050 -3.953690 25.1982
3 -8.249900 -2.746380 26.6732
3 -7.994220 -3.352950 25.1240
3  6.786080 -2.931300 25.1712
3  7.193810 -2.433060 26.7003
3 -8.270420 -0.763099 25.0251
3 -8.398330 -1.321950 26.6088
2 -1.614280 -0.104385 26.5986
2 -0.495337 -1.042180 26.7084
3  8.055560 -1.240040 26.7959
3  8.228820 -0.658909 25.2214
2 -0.882577 -2.371150 27.1412
2 -2.991700 -0.527184 26.9019
2 -3.329340  0.878714 12.9683
2 -0.968595  1.395350 13.0797
2  0.199369  0.626912 13.1868
3 -7.928860  1.277740 14.0501
2 -2.089050  0.651653 13.6008
3  8.639950  1.333890 14.1513
3 -7.364220  2.617340 14.0765
3  8.306800  2.666380 14.1189
3 -5.827060  4.644640 14.1054
3 -4.564280  5.335830 14.1281
3 -2.179360  6.310640 14.1193
3  5.797850  5.819810 14.1447
3  7.019110  5.066040 14.1172
3 -0.770950  6.600500 14.1210
3  1.865360  6.722100 14.1567
3  3.331020  6.810300 14.1546
3 -8.113390  0.688532 15.6549
3  8.701580  0.717996 15.7294
3 -7.100140  3.063400 15.7045
3  8.180990  3.344870 15.6784
3 -6.183490  4.229450 15.6828
3 -4.069900  5.582230 15.6833
3 -2.700650  6.045870 15.6977
3  7.437980  4.596410 15.6923
3 -0.236738  6.744700 15.6593
3  1.241680  6.866430 15.6793
3  3.900800  6.700040 15.6500
3  5.206190  6.074390 15.6779
3 -8.193820  0.680543 18.7800
3 -8.079360  1.271390 17.2570
1 -4.359370  0.853891 18.1851
1 -2.167730  1.845050 17.5279
1 -3.334610  1.918850 18.2454
1 -1.928980  0.643486 16.7535
1 -0.525612  0.299735 16.8099
1 -0.872582  2.266720 18.0907
1  0.113712  1.269100 17.6927
1  1.212280  0.967639 18.5216
3  8.715380  0.748327 18.8856
3  8.697220  1.324700 17.2671
3 -7.552880  2.612590 17.2919
3 -7.171270  3.053780 18.8760
3  8.249280  3.323070 18.8500
3  8.387180  2.776460 17.2625
3 -6.282970  4.226030 18.8499
3 -4.629630  5.384820 17.2880
3 -5.800970  4.611050 17.2938
3 -4.082210  5.736870 18.8387
3 -2.724720  6.210950 18.8147
3  5.718160  5.786750 17.2721
3  7.429190  4.577020 18.8917
3  6.994430  4.977310 17.3025
3 -2.159450  6.356900 17.2574
3 -0.210131  6.847900 18.8500
3 -0.723137  6.691560 17.2821
3  1.853650  6.858550 17.2639
3  1.251370  6.947630 18.7914
3  3.294320  6.760340 17.2378
3  3.810720  6.627650 18.8334
3  5.152660  6.007500 18.8610
3 -8.079960  1.245770 20.4093
1 -4.806590  0.627175 19.5194
1 -4.156020  1.581720 20.4199
1  1.290340  1.473410 19.8702
3  8.706200  1.338720 20.4810
3 -7.532270  2.575200 20.3997
1 -3.261230  2.392320 19.6220
1 -2.072490  2.850470 20.1814
1 -0.807670  2.814710 19.3899
1  0.233954  2.319220 20.2532
3  8.377870  2.787620 20.4691
3 -5.889650  4.778430 20.4181
3 -4.564830  5.413870 20.4108
3 -2.162240  6.367570 20.4194
3  5.688460  5.782580 20.4708
3  6.958240  5.022870 20.4581
3 -0.771558  6.701220 20.4201
3  1.806600  6.951300 20.4082
3  3.211860  6.729620 20.4260
3 -8.106400  0.646849 21.8988
1 -4.137460  0.047303 22.2161
1 -3.842590  1.371890 21.7332
1 -2.618750  1.780210 22.3338
1  1.753730  0.397042 20.6254
1  0.208453  1.215090 22.4423
1  1.233060  0.296070 21.9655
3  8.550730  0.741974 22.0568
3 -7.305910  3.219260 21.9422
1 -1.737760  2.518920 21.5359
1 -0.291173  2.184870 21.5621
3  8.031540  3.269800 22.0445
3 -6.346680  4.289270 21.9967
3 -4.072900  5.681750 21.9609
3 -2.662670  6.141680 21.9534
3  7.429550  4.573950 21.9981
3 -0.166709  6.815810 21.9572
3  1.291030  6.952310 21.9416
3  3.861060  6.599030 21.9934
3  5.181330  6.074340 21.9547
3 -8.056550  1.318180 23.4679
1 -2.083220  0.803910 23.2543
1 -0.735926  0.458874 23.2568
3  8.534680  1.320060 23.6656
3 -7.525780  2.653550 23.4487
3  8.265100  2.768280 23.6043
3 -5.874490  4.662930 23.4910
3 -4.603730  5.390010 23.5095
3 -2.052240  6.263480 23.5128
3  5.780990  5.943670 23.5510
3  7.036100  5.084940 23.5792
3 -0.711680  6.764890 23.4863
3  1.882560  6.882710 23.5444
3  3.287370  6.690750 23.5467
3 -8.204480  0.728472 25.0432
3 -8.131670  1.333810 26.6107
3  8.534250  0.801791 25.2238
3  8.614160  1.365940 26.8263
3 -7.210870  3.186330 25.0362
3 -7.539640  2.656730 26.6349
3  8.041790  3.378170 25.2185
3  8.254700  2.836070 26.8234
3 -6.281540  4.295550 25.1086
3 -5.835210  4.583440 26.7074
3 -4.543670  5.341490 26.6874
3 -4.024980  5.635160 25.0852
3 -2.659510  6.133250 25.0868
3  5.793580  6.014760 26.7302
3  5.197720  6.194310 25.1386
3  7.260420  4.562000 25.2205
3  6.744950  4.940880 26.7830
3 -2.126720  6.372990 26.6052
3 -0.172892  6.884860 25.0626
3 -0.709754  6.743110 26.6142
3  1.286560  7.016220 25.1365
3  1.827710  7.085830 26.7091
3  3.826540  6.673420 25.1496
3  3.273910  6.931730 26.7414
2 -1.439180  1.265820 27.0795