276

3 -5.497850 -6.513280  92.5691
3 -3.225910 -8.102890  92.6650
3 -1.772180 -8.365140  92.6485
3  0.826255 -8.102530  92.6949
3  2.119500 -7.558960  92.6910
3 -6.418750 -5.404520  92.6133
3  4.117020 -5.706160  92.6837
3  5.120200 -4.686890  92.6692
3 -7.501520 -2.894100  92.7271
3 -7.174080 -3.497380  94.0261
3  6.487570 -2.425910  92.7048
3 -7.847540 -1.513530  92.7525
3  7.151710 -1.132090  92.7208
3 -5.045720 -6.932930  93.9167
3 -5.484320 -6.525520  95.2804
3 -3.838280 -7.727960  93.9523
3 -3.271740 -8.069890  95.3342
3 -1.853750 -8.235300  95.3608
3 -1.228260 -8.371390  94.0154
3  0.202370 -8.234270  94.0223
3  0.747758 -8.026210  95.4005
3  2.045760 -7.470050  95.4126
3  2.612830 -7.149240  94.0222
3 -6.582060 -4.797620  93.9770
3 -6.338170 -5.382310  95.3124
3  3.648520 -6.199620  93.9699
3  4.072600 -5.715980  95.3165
3  5.176080 -4.765010  95.3306
3  5.527530 -4.169400  94.0484
3 -7.350060 -2.921570  95.4056
3  6.175360 -2.910100  94.0404
3  6.489380 -2.332910  95.3477
3 -7.733170 -0.927767  94.0849
3 -7.646950 -1.522310  95.4248
2 -0.060385 -1.245830  95.4665
2  0.502823 -0.113463  94.8067
2  2.802680 -0.666308  95.5043
3  7.437690 -0.540144  94.0265
3  7.283830 -1.159850  95.3805
3 -5.020210 -7.005440  96.6627
3 -3.887170 -7.814570  96.6856
3 -5.544540 -6.595730  97.9903
3 -1.291150 -8.353500  96.7813
3  0.125958 -8.246030  96.7568
3  0.762928 -8.052210  98.0844
3  2.544420 -7.028300  96.7314
3 -6.573070 -4.858340  96.7181
3 -6.302780 -5.415200  98.0262
3  3.653650 -6.136680  96.6660
3  5.182710 -4.762890  97.9642
3 -7.149270 -3.572530  96.7311
3 -7.386590 -2.931610  98.0407
2  0.141195 -2.372350  97.5673
3  5.544200 -4.220060  96.6819
3  6.163250 -2.956730  96.6405
3  6.584950 -2.432770  97.9778
3 -7.640040 -0.854235  96.7516
3 -7.567650 -1.547530  98.0678
2 -1.171200 -1.776110  97.5389
2 -1.282890 -1.027090  96.2925
2  0.866048 -2.028130  96.2826
2  2.233270 -1.768100  96.3368
3  7.659520 -0.583117  96.7290
3 -5.179050 -7.092150  99.3023
3 -3.980640 -7.815730  99.3464
3 -3.358010 -8.110560  98.0494
3 -1.961950 -8.372060  98.0816
3 -1.312620 -8.394540  99.4049
3  0.098833 -8.163730  99.4487
3  2.019230 -7.380660  98.0926
3  2.584860 -7.065200  99.3894
3 -6.796850 -4.900550  99.3039
3  3.785090 -6.210970  99.3781
3  4.108510 -5.713890  98.0295
3  5.637930 -4.276840  99.3327
3 -7.265200 -3.574670  99.3126
2  0.857352 -2.416340  98.7579
2  2.311420 -2.092130  98.7910
3  6.322060 -2.985950  99.3562
3 -7.538880 -0.892586  99.4247
2 -2.483270  0.048758  98.7223
2 -1.768010 -1.257310  98.7491
2 -0.953841 -1.292840  99.9616
2  3.001320 -1.758840  97.6141
2  3.990280 -0.754914  97.5826
3  7.354360 -1.221040  97.9948
3  7.557450 -0.586123  99.2985
3 -5.056150 -6.880000 102.0250
3 -5.613240 -6.598460 100.6450
3 -3.959730 -7.770700 102.0360
3 -3.358640 -8.047500 100.6930
3 -1.932310 -8.258420 100.7010
3 -1.288170 -8.286970 102.0380
3  0.115232 -8.094510 102.0870
3  0.718018 -7.927200 100.7680
3  2.025910 -7.337240 100.7530
3  2.525940 -7.011200 102.1130
3 -6.533880 -5.457390 100.6620
3 -6.790070 -4.895480 101.9820
3  3.698340 -6.191860 102.0710
3  4.286370 -5.884620 100.7030
3  5.268470 -4.808830 100.6980
3  5.503270 -4.173250 102.0810
3 -7.502450 -2.983200 100.6940
3 -7.369200 -3.623740 101.9920
3  6.576390 -2.420790 100.7260
3 -7.631310 -0.906816 102.0110
3 -7.587760 -1.567850 100.6820
2 -1.257940 -0.133059 100.7620
2  0.298095 -1.880180  99.9663
2  1.302920 -1.307440 100.7520
2  2.593460 -1.404950 100.0590
2  3.555550 -0.413293  99.9862
3  7.180500 -1.115190 100.6490
3  7.530620 -0.529808 101.9770
3 -5.556930 -6.496230 103.3340
3 -3.343950 -8.004020 103.3590
3 -1.928360 -8.318050 103.3450
3  0.675487 -7.852510 103.4380
3  1.970020 -7.254640 103.4280
3 -6.522370 -5.446680 103.3260
3  4.176570 -5.710430 103.3710
3  5.253360 -4.767560 103.3890
3 -7.586130 -2.994920 103.3000
3  6.270270 -2.988790 102.0630
3  6.697150 -2.438090 103.3480
3 -7.760860 -1.562810 103.3190
3  7.292180 -1.145670 103.3280
3 -7.582450  1.193890  92.7360
3  7.844520  1.523750  92.6766
3 -7.128870  2.526540  92.8008
3  7.821920  2.950810  92.7445
3 -5.430510  4.708490  92.8140
3 -4.369160  5.648350  92.7492
3  6.568020  5.321790  92.7200
3 -2.087030  7.026610  92.6650
3 -0.774682  7.494480  92.6285
3  1.833240  7.978740  92.6727
3  3.184700  7.593640  92.6674
3  5.533090  6.294590  92.7365
3 -7.790950  0.524476  94.0772
3 -7.510570  1.122770  95.4609
2 -1.366380  1.271820  95.5802
2 -1.965550  0.180523  96.3007
2 -0.169767  1.179530  94.8877
2  2.157840  1.556730  94.7980
2  1.909140  0.145291  94.8688
3  7.863200  0.826132  94.0321
3  7.895380  1.535240  95.2998
3 -6.759440  3.116080  94.1051
3 -6.979110  2.447500  95.4629
2 -1.598920  2.473500  96.3049
2 -0.639886  3.513750  96.2526
2  0.855366  2.180640  94.7930
2  0.606850  3.431820  95.4191
2  3.221180  2.097260  95.5513
3  7.754560  3.646980  94.0373
3  7.906390  2.994660  95.3462
3 -5.977140  4.282520  94.1394
3 -5.463820  4.756410  95.4242
3 -4.359950  5.670500  95.3742
3 -3.833620  5.944210  94.0642
3  6.940800  4.816410  94.0174
3  6.564030  5.313810  95.3540
3 -2.693120  6.818430  94.0437
3 -2.173890  7.168710  95.3562
3 -0.817639  7.655370  95.3572
3 -0.197142  7.763680  94.0069
3  1.233300  7.917880  94.0262
3  1.844840  7.876750  95.3774
3  3.836420  7.514910  94.0156
3  3.286860  7.748050  95.4046
3  4.981540  6.666310  94.0775
3  5.538700  6.299320  95.3475
3 -7.619570  0.522130  96.8123
3 -7.505730  1.197920  98.1230
2 -2.607040  0.780242  97.5094
2 -2.306150  2.181850  97.4574
2  4.110690  1.307130  96.2701
2  3.830840 -0.065648  96.3014
3  7.782680  0.874512  96.7015
3 -6.998830  2.536480  98.0992
3 -6.723100  3.094140  96.7834
2  1.677630  3.947210  96.2370
2  2.949910  3.374430  96.2542
2  3.681370  3.284030  97.4996
2  4.370590  1.957420  97.5503
3  7.722660  3.591140  96.7051
3 -5.821190  4.216520  96.7922
3 -3.886000  6.093850  96.7062
2 -0.320988  4.174400  97.4757
2  1.074340  4.425900  97.4784
3  6.972300  4.790090  96.7165
3 -2.718810  6.926240  96.7145
3 -0.306523  7.968690  96.6888
3  1.186840  8.055370  96.6676
3  3.889540  7.466170  96.7399
3  5.106610  6.749930  96.7301
3 -7.537000  0.553631  99.4631
2 -2.130540  0.779479  99.9256
2  4.243320 -0.047788  98.7614
2  4.536340  1.358980  98.7696
3  7.880610  1.538660  98.0343
3  7.776400  0.863544  99.2849
3 -6.721080  3.103050  99.4314
2 -2.048570  2.902400  98.6157
2 -1.013030  3.911050  98.6314
2 -1.869920  2.184230  99.8913
2 -0.253763  3.857740  99.8879
2  3.156480  3.824100  98.6901
3  7.856300  2.952330  98.0573
3  7.636720  3.594110  99.3453
3 -5.857800  4.287990  99.4515
3 -5.409470  4.675090  98.0992
3 -4.358180  5.675050  98.0836
3 -3.977930  6.164150  99.4512
2  1.125980  4.076520  99.8377
2  1.822480  4.362300  98.6438
3  6.500370  5.341720  98.0667
3  6.858990  4.781190  99.3629
3 -2.817250  6.972180  99.4231
3 -2.178970  7.283470  98.0849
3 -0.839217  7.732840  98.0688
3 -0.252611  7.973780  99.4336
3  1.817290  8.013600  98.0223
3  1.175000  8.046170  99.4035
3  3.216210  7.558980  98.0711
3  3.738130  7.318410  99.3930
3  5.537240  6.394010  98.0785
3  5.027600  6.637240  99.3814
3 -7.526030  0.549550 102.0810
3 -7.449420  1.198060 100.7250
2 -0.190655  0.573480 101.3850
2  2.110280  0.942806 101.4480
2  1.072890 -0.055060 101.4050
2  3.335300  0.758479 100.8000
3  7.877050  1.498800 100.6120
3  7.900370  0.857814 101.9850
3 -7.065870  2.575430 100.7590
3 -6.732790  3.140240 102.0680
3 -5.997270  4.379420 102.0820
2 -0.816049  2.775430 100.6440
2  0.025833  1.988380 101.4200
2  1.999120  3.252920 100.6290
2  1.454910  2.229800 101.4710
2  3.249010  3.122450  99.9128
2  3.948430  1.882030 100.0110
3  7.714100  2.888090 100.6790
3 -5.540930  4.875550 100.7400
3 -4.508550  5.822900 100.7020
3 -4.058460  6.229410 102.0170
3  6.520670  5.252840 100.6870
3 -2.821710  6.934390 102.0580
3 -2.215230  7.276910 100.7820
3 -0.883706  7.710310 100.7380
3 -0.233663  7.821090 102.0920
3  1.151540  7.973720 102.1080
3  1.816810  8.003060 100.7530
3  3.138200  7.485320 100.7360
3  3.711610  7.215740 102.0240
3  5.551310  6.240150 100.7110
3  5.033950  6.592820 102.0480
3 -7.374530  1.167310 103.3620
3  7.895730  1.499020 103.3440
3 -6.977070  2.525820 103.3810
3  7.716300  3.542210 102.0240
3  7.986930  2.960650 103.3700
3 -5.627010  4.922030 103.3770
3 -4.591240  5.862570 103.3780
3  7.049920  4.799290 102.0130
3  6.598610  5.265250 103.3280
3 -2.232600  7.214200 103.3910
3 -0.893228  7.696630 103.3820
3  1.796450  7.883510 103.4450
3  3.127770  7.439050 103.4070
3  5.563330  6.246760 103.3770