396

3  6.348320 -1.950040 53.4207
3  6.601880 -1.302480 54.6603
3 -0.251503 -6.587160 40.3227
3  2.003480 -7.200800 39.6091
3  3.164530 -6.469460 39.7803
3 -6.697810 -4.688810 39.8642
3 -4.553360 -5.813080 39.7243
3 -3.079760 -5.803650 39.8794
3  4.668600 -4.208780 39.9851
3 -7.349820 -3.407470 40.0491
1 -1.591760 -2.359160 40.0100
3  4.698490 -2.803230 40.0579
3 -8.822610 -1.139550 40.6848
1 -5.545050 -0.313734 40.4130
1 -3.856750 -1.872020 40.8023
1 -0.435515 -1.515610 40.1653
3  5.305180 -0.135634 40.1746
3 -5.379040 -6.228620 40.8783
3 -4.896390 -6.557750 42.0764
3 -3.384630 -6.343000 42.2932
3 -2.591010 -6.361140 41.1832
3 -1.208950 -6.631130 41.4444
3  1.044330 -7.104780 40.6512
3  1.591790 -7.054290 41.9460
3  2.783410 -6.369950 42.1820
3  3.500900 -5.977250 41.0038
3 -7.122730 -3.720200 42.5391
3 -6.494420 -5.396640 41.0486
3 -6.630580 -4.988460 42.3718
3  4.351780 -4.889360 41.1282
3  4.679510 -4.293230 42.2913
3 -7.577090 -3.017860 41.4465
1 -2.497170 -2.036240 41.1020
3  5.136060 -3.006150 42.3614
3  4.926500 -2.199300 41.2565
3 -8.426110 -1.947300 41.7648
3 -8.575300 -1.491530 43.0299
1 -4.634670 -0.798408 41.4091
1 -1.872900 -1.020860 41.9277
3 -7.644790 -4.041720 54.4787
1 -0.598567 -0.711979 41.3342
3  5.368960 -0.921411 41.3587
3  5.692580 -0.374200 42.5727
3 -0.297365 -8.225050 44.1876
3 -1.636720 -7.509550 44.0088
3 -0.897042 -7.006750 42.7347
3  0.704195 -7.366240 43.1427
3  1.606880 -7.039250 44.4542
3  2.683160 -6.198530 44.5333
3  3.267760 -5.830680 43.3667
3 -6.884180 -4.132370 44.9473
3 -5.643990 -5.820880 43.4271
3 -6.075330 -5.284760 44.8081
3 -3.976340 -6.053240 43.7412
3  4.351390 -4.946130 43.4644
3  4.935540 -4.515090 44.6756
3 -7.376810 -3.345940 43.8501
3 -8.283580 -2.312110 44.1407
3  5.529230 -3.294420 44.7803
3  5.737930 -2.558440 43.5482
3 -8.817180 -0.161278 43.3030
3  5.293480 -3.708570 54.5586
2 -0.144685 -1.079160 44.3446
2  1.281170 -1.016190 44.2650
3  5.920350 -1.189510 43.7035
3  6.303980 -0.724266 44.9710
3  0.109865 -8.382450 45.4951
3 -0.757270 -8.263900 46.5530
3 -5.750590 -5.991430 45.9445
3 -3.699880 -6.711430 44.9021
3 -4.532390 -6.712170 45.9685
3 -2.468110 -7.379760 45.0702
3 -2.062070 -7.813040 46.3296
3  1.286020 -7.736370 45.6111
3  1.881240 -7.493850 46.8581
3  3.317520 -5.935920 45.7707
3 -7.371080 -3.738020 46.2171
3  4.476440 -5.184280 45.8477
3 -8.258320 -2.633390 46.4239
2 -2.097020 -1.924990 45.5755
2 -0.876805 -2.161240 44.8463
2 -0.156380 -3.207800 45.5201
2  1.239220 -3.132590 45.5691
2  1.976240 -2.040170 44.9335
3  6.034850 -2.856030 46.0380
3 -8.641880 -1.823060 45.3708
3 -9.161970 -0.508722 45.5724
3 -8.299340 -1.182230 54.0084
2 -2.615110 -0.637698 45.6935
2  2.981890 -1.619190 45.8830
2  3.426840 -0.297493 46.0078
3  6.494240 -1.527020 46.1244
3 -2.414030 -7.802840 48.7211
3 -0.238719 -8.196680 47.8580
3 -1.057310 -8.002500 48.9498
3 -6.136320 -6.513960 48.2619
3 -5.068920 -7.366060 48.2482
3 -4.167630 -7.217400 47.2072
3 -2.831990 -7.595150 47.4169
3  1.143590 -7.778550 48.0172
3  2.934890 -6.585370 46.9691
3  3.463110 -6.255530 48.2053
3 -7.087130 -4.585170 47.2772
3 -7.626040 -4.286590 48.5333
3 -6.405740 -5.769960 47.1292
2 -0.302845 -3.937670 47.8850
2  1.130410 -3.844990 47.9687
3  4.516840 -5.346310 48.2885
3  5.034580 -4.864340 47.0929
3 -8.635900 -2.256870 47.6863
3 -8.283700 -3.089410 48.7481
2 -0.941770 -3.640000 46.6646
2 -2.156070 -2.847150 46.6856
2 -2.717910 -2.419990 47.8978
2  1.851040 -3.408590 46.8472
2  2.915970 -2.475070 47.0229
2  3.255030 -2.028920 48.2885
3  5.881510 -3.702070 47.1951
3  6.256490 -3.203640 48.5002
3 -9.130210 -0.940984 47.9491
3 -9.085700 -0.481752 49.2329
2 -3.215030 -0.189946 46.9211
2 -3.262380 -1.075760 48.0151
3  5.848800 -3.256520 53.3556
2  3.617710 -0.652968 48.4521
3  6.694820 -1.840920 48.5417
3  6.893500 -1.032420 47.3651
3 -3.323500 -8.195150 49.7415
3 -2.786750 -8.485170 51.0194
3 -6.767110 -6.351590 49.5016
3 -5.529620 -8.023300 50.6255
3 -6.600380 -7.106040 50.6967
3 -4.648670 -7.892580 49.5040
3 -0.490899 -7.948770 50.2378
3  0.810521 -7.558930 50.4991
3  1.545390 -7.272440 49.3078
3  2.718600 -6.583550 49.4213
3  3.156010 -6.196160 50.7188
3 -7.458760 -5.174800 49.6077
3 -7.756010 -4.691900 50.8783
3  4.262160 -5.305050 50.7791
3  4.939920 -4.931620 49.5826
3 -8.510270 -2.646220 50.0270
3 -8.319380 -3.491910 51.0493
2 -2.043230 -2.733750 49.1353
2 -0.851742 -3.465280 49.1344
2  0.236499 -3.162180 50.0367
2  1.481290 -3.394450 49.3114
2  2.549980 -2.477590 49.4653
3  5.892840 -3.927900 49.6889
3  6.154220 -3.348670 50.9498
3 -8.904270 -1.372590 50.2890
2 -2.922800 -0.569515 49.3373
2 -2.147980 -1.594360 50.0092
2  2.440920 -1.337260 50.3514
2  3.158860 -0.234865 49.7487
3  6.523380 -1.945040 50.9966
3  6.832370 -1.240330 49.8242
3 -9.060600 -8.757020 52.7303
3 -5.798330 -9.026060 52.8709
3 -1.447890 -8.084890 51.2807
3 -7.468520 -6.770820 51.8264
3 -8.184980 -7.794130 52.4144
3 -5.041180 -8.709350 51.7307
3 -3.667870 -8.600190 52.0677
3 -1.029010 -7.876710 52.6109
3  0.270116 -7.327950 52.8899
3  1.199480 -7.134580 51.7942
3  2.380830 -6.470800 51.8978
3 -7.747580 -5.432010 52.0860
3 -7.988350 -4.305860 53.1332
3  4.636530 -4.867430 52.0454
3 -8.372960 -3.104610 52.3915
2  0.139243 -2.027740 50.8588
3  5.625750 -3.889320 52.1376
3 -9.101570 -0.961329 51.6158
3 -8.671610 -1.772620 52.7499
3  4.337640 -4.746610 54.5453
2 -1.077450 -1.253960 50.8466
2  1.255620 -1.128100 51.0778
3  6.572880 -1.219750 52.1993
3 -5.593400 -8.419240 54.1250
3 -4.241020 -7.899150 54.2876
3 -3.298800 -8.139310 53.2979
3 -1.967700 -8.042380 53.6590
3 -1.603290 -7.887770 55.0021
3  2.772800 -6.060050 53.1848
3  2.042180 -6.499550 54.4617
3  0.694331 -7.036270 54.2294
3  3.911010 -5.202070 53.2391
3 -9.341710  1.023730 39.9050
3 -8.943850  0.214080 40.9580
1 -5.792730  1.060680 40.2967
1  0.698614  1.117710 40.2490
3  6.045510  1.095970 40.3219
3 -8.982880  2.316590 39.9207
1 -4.989100  3.268770 40.4186
1 -3.802670  4.002490 40.6046
1  0.470551  2.534870 40.1704
3 -7.738880  4.790320 40.3187
1 -1.659890  4.428620 39.7266
3  5.772890  5.110160 39.5552
3 -6.915370  5.921800 40.3971
3 -4.329860  7.664370 40.6951
3 -4.978860  7.710250 39.5424
3  3.964860  7.080740 39.7586
3 -3.181000  8.452340 40.8138
3 -2.589140  9.294810 39.8017
3 -1.166850  9.319440 39.7318
3 -0.526417  9.215090 41.0083
3  0.841950  9.142020 41.0655
3  1.595000  9.348020 39.9437
3 -8.761880  0.701407 42.2211
1 -5.256030  2.059370 41.1938
1 -4.055690  0.166139 42.2499
1 -4.367420  1.609250 42.1829
1 -2.088140  1.377550 42.3888
1 -0.832201  1.650360 41.8984
1 -0.104265  0.585845 41.3081
3  6.078080  1.791380 41.5426
3  5.944690  0.968135 42.7117
3 -8.580910  2.783240 41.2257
3 -8.804810  2.067410 42.4045
1 -3.121380  2.350870 42.2949
1 -2.845850  3.573370 41.6120
1 -1.510060  3.815480 41.0463
1 -0.483125  2.871780 41.2257
3  6.265730  3.216950 41.5916
3 -7.931400  3.982240 41.4410
3 -7.616590  4.519500 42.6652
3 -6.642650  5.544570 42.8107
3  5.914630  4.529210 40.8584
3  5.738830  5.596430 41.8622
3 -6.103350  6.125550 41.5899
3 -4.999980  7.084630 41.7918
3  2.684540  7.816860 42.1004
3  3.712340  7.185690 41.1622
3  4.688750  6.553470 42.0150
3 -2.653410  8.478870 42.0731
3 -1.294980  8.916760 42.1384
3  1.498830  8.540910 42.1809
3 -9.092600  1.760250 44.7480
3 -9.245440  0.356969 44.5304
2  0.462339  1.151020 44.5520
2  1.690410  0.392835 44.4012
3  6.398060  1.454600 43.9782
3 -8.846330  2.642370 43.6611
3 -8.270090  3.946730 43.8164
3  6.626000  3.684400 42.9103
3  6.649640  2.801820 44.0239
3 -7.939640  4.296270 45.1264
3 -6.333600  5.885720 44.1516
3  6.360370  5.094460 43.0653
3  5.992410  5.538720 44.3180
3 -4.656530  7.356220 43.0983
3 -3.463170  8.128160 43.2422
3 -5.264690  6.775540 44.2987
3  2.693000  8.035610 44.5995
3  3.232440  7.656250 43.4006
3  4.399690  6.961200 43.3115
3  4.951080  6.442900 44.4297
3 -2.899600  8.278200 44.5228
3 -0.659549  8.804350 43.3938
3 -1.487350  8.582550 44.5958
3  0.749443  8.749790 43.4528
3  1.394230  8.543100 44.6614
3 -9.249330  1.425660 47.0933
2 -1.997080  1.587390 45.9887
2 -1.861390  0.449181 45.1511
2  0.330366  2.301870 45.3387
2  2.606480  1.884500 46.1736
2  2.743970  0.747246 45.2759
3  6.549710  0.674515 45.1200
3  7.075600  1.165250 46.3302
3 -9.079380  2.292480 46.0142
3 -8.448060  3.516760 46.2214
2 -0.906831  2.466110 46.0957
2  1.431430  2.659630 46.2071
3  6.716580  3.365890 45.2781
3  6.957040  2.584420 46.4432
3 -6.999840  5.363880 45.2946
3 -6.575580  5.665720 46.5777
3  6.283040  4.705460 45.3898
3  5.895960  5.167220 46.6572
3 -4.734530  6.984200 45.6354
3 -5.458820  6.533750 46.7452
3 -3.487900  7.696120 45.7235
3 -2.959090  7.793890 47.0213
3 -1.614990  8.156380 47.0319
3  3.206950  7.505330 45.7232
3  2.575490  7.620200 46.9301
3  4.389260  6.759950 45.6394
3  4.888260  6.089740 46.7582
3 -0.798767  8.446150 45.8495
3  0.610398  8.433690 45.8233
3  1.293210  8.168770 47.0006
3 -8.888560  1.852790 48.4021
2 -2.825500  1.201500 47.0996
2 -2.473730  1.658250 48.3700
2  2.652440  1.924970 48.6803
2  3.201930  1.534540 47.4483
3  7.192800  0.949413 48.7062
3  7.156000  0.308674 47.4348
3 -8.453090  3.161750 48.7179
3 -8.157580  3.999330 47.5520
2 -1.326830  2.527360 48.5213
2 -0.569657  2.936900 47.4134
2  0.866585  3.059560 47.4924
3  7.158780  2.360340 48.8292
3  6.942540  3.158160 47.6804
3 -7.315450  5.137540 47.7236
3 -6.783710  5.447460 49.0628
3 -5.638590  6.359290 49.2629
3  6.418160  4.480440 47.7972
3 -5.016480  6.865120 48.0418
3 -3.733070  7.480180 48.1969
3  3.130610  7.061790 48.0526
3  4.289140  6.320450 47.9737
3 -0.927683  8.120950 48.2763
3  0.475823  8.185530 48.1934
3 -8.952300  0.906303 49.4743
3 -8.733230  1.258970 50.7899
2 -2.549370  0.781737 49.5217
2 -1.449740  1.135120 50.3967
2  2.631500  1.051850 49.8308
2  1.410240  1.291490 50.5641
3  7.120820  0.166408 49.8675
3 -8.115230  2.475530 51.0782
3 -7.887550  3.382780 49.9680
2 -0.703973  2.210900 49.7743
2  0.687715  2.337090 49.8655
2  1.485190  2.761420 48.7208
3  6.856550  2.988310 50.0460
3 -7.144610  4.560780 50.1722
3 -6.602630  4.758010 51.4798
3 -4.999540  6.449190 50.5243
3  5.897150  4.911780 48.9863
3  6.301950  4.222400 50.1205
3 -3.022120  7.394250 49.4290
3 -3.694300  6.927810 50.5882
3 -1.655090  7.756600 49.4196
3 -0.934662  7.504990 50.6455
3  0.478001  7.675670 50.5480
3  1.186660  7.832440 49.3762
3  2.575980  7.419520 49.2846
3  3.240600  7.002110 50.3883
3  4.425990  6.308500 50.3234
3  4.910140  5.867910 49.1179
3 -9.214580  0.487246 51.8104
3 -9.238930  0.884969 53.1182
2  0.716526  0.218233 51.1627
2 -0.723799  0.128602 51.0503
3  6.986450  0.086686 52.2668
3  7.121000  0.813173 51.0655
3 -7.636840  2.714210 52.3573
3 -6.826250  3.852820 52.5287
3  7.115140  2.245480 51.1759
3  6.625240  4.238290 52.4710
3  7.060530  2.904530 52.4157
3 -5.594800  5.783290 51.6307
3 -4.839830  5.750140 52.8043
3  6.026540  4.820980 51.3475
3  5.135770  5.897090 51.4463
3 -2.973590  6.861310 51.7916
3 -3.636140  6.417270 52.9726
3 -1.632240  7.193900 51.8402
3 -0.868769  6.991480 52.9508
3  0.521544  7.161850 52.8535
3  1.238050  7.403210 51.6617
3  2.624120  7.132620 51.6166
3  3.333450  6.722980 52.7481
3  4.629040  6.244440 52.6945
3 -8.202150  0.158373 53.9135
3 -8.000080  1.848110 53.7468
3  7.150300  2.124320 53.5689
3  7.106080  0.732830 53.4750
3 -6.309730  3.965660 53.7827
3 -7.162270  2.121180 55.0803
3 -6.297400  3.193310 54.9556
3  6.782790  4.127510 54.8663
3  7.265260  2.784790 54.8011
3 -5.168050  4.810910 53.7866
3 -4.467710  4.654500 54.9942
1 -2.639800  0.051935 42.4088
2  3.740080  0.199325 47.3396
3  6.371720  4.837420 53.7114
3  5.344180  5.805230 53.8132
3 -2.857420  6.208350 54.1309
3 -1.452580  6.397290 54.0707
3  2.676640  6.753100 53.9422
3  1.255510  6.788420 54.0080
3 -9.300650  0.017668 46.8313
2 -0.616715  0.225590 44.5977
3  7.022640  0.053509 54.7069
3  3.435320  6.467590 55.0623
3  4.798110  6.080450 55.0467