234

3 -5.608470 -6.607660 -10.412800
3 -3.233650 -7.856250 -10.424400
3 -1.781160 -7.981450 -10.374600
3 -1.111510 -8.024270 -11.854000
3  0.732731 -7.408100 -10.352200
3  0.239318 -7.619790 -11.877000
3  2.035970 -6.817070 -10.325000
3 -6.631720 -5.624270 -10.386800
3  4.279460 -5.302190 -10.387300
3 -7.803840 -3.233590 -10.333800
3  5.310420 -4.310960 -10.436300
3 -8.037890 -1.809470 -10.378100
3  6.744750 -2.156840 -10.433900
3  7.316290 -0.830039 -10.436700
3 -5.084430 -6.974890  -8.942170
3 -3.809030 -7.683440  -8.892060
3 -1.208950 -8.066360  -8.892050
3  0.194469 -7.750470  -8.898200
3 -6.986820 -5.091440  -8.939230
3  2.660720 -6.592460  -8.933930
3  3.812170 -5.738970  -8.992040
3  5.332510 -4.282180  -7.445710
3 -7.589750 -3.784030  -8.991060
3  5.734790 -3.844260  -8.861800
3  6.540550 -2.605630  -8.895100
3  6.873920 -2.120340  -7.430410
3 -7.876870 -1.156040  -8.920600
3  7.409570 -0.172561  -8.941630
3 -5.563120 -6.531140  -7.404750
3 -5.123140 -6.966800  -5.989340
3 -3.840120 -7.671160  -6.025450
3 -3.262330 -7.909040  -7.418140
3 -1.811260 -8.028840  -7.469780
3 -1.180640 -7.983680  -6.034150
3  0.836032 -7.481240  -7.486160
3  0.223104 -7.694540  -6.025640
3  2.135930 -6.897590  -7.527450
3  2.667370 -6.586780  -6.063790
3 -7.008560 -5.075030  -6.077560
3 -6.597690 -5.546770  -7.439570
3  4.320420 -5.337170  -7.483590
3  3.813070 -5.730600  -6.088040
3 -7.814380 -3.157520  -7.458130
3 -7.752210 -3.786470  -6.053430
3  5.798480 -3.854280  -6.016000
3  6.590920 -2.682440  -5.991240
3 -8.002970 -1.747850  -7.489620
3 -7.992440 -1.076260  -6.024810
3  7.444630 -0.780000  -7.425550
3  7.630940 -0.193336  -5.920490
3 -5.650620 -6.596050  -4.577460
3 -3.247790 -7.844590  -4.572640
3 -1.829070 -7.992600  -4.559220
3  0.865780 -7.534410  -4.565750
3  2.118070 -6.900500  -4.534140
3 -6.612460 -5.472450  -4.521380
3  4.257380 -5.273640  -4.589330
3  5.250650 -4.201560  -4.541490
3 -7.865630 -3.151040  -4.620770
3 -8.087130 -1.740590  -4.629190
3  6.837940 -2.115280  -4.584320
3  7.368630 -0.759886  -4.526610
3 -5.618710 -6.516800  -1.648710
3 -5.180550 -6.944010  -3.089330
3 -3.876060 -7.679160  -3.071930
3 -3.265350 -7.911800  -1.564740
3 -1.824260 -7.959460  -1.596270
3 -1.223670 -7.921500  -3.078930
3  0.167115 -7.630260  -3.094690
3  0.850918 -7.508840  -1.687320
3  2.203080 -6.950300  -1.682930
3  2.657200 -6.587340  -3.143710
3 -6.961730 -4.962520  -3.124010
3 -6.561120 -5.451990  -1.657070
3  3.739870 -5.650580  -3.119990
3  4.199500 -5.222460  -1.625300
3  5.248690 -4.275900  -1.635270
3 -7.700190 -3.698490  -3.166880
3 -7.903110 -3.115780  -1.747460
3  6.597240 -2.679220  -3.115100
3  5.628290 -3.711680  -3.068250
3  6.940660 -2.175290  -1.677800
3 -8.085780 -1.063580  -3.223210
3 -8.152710 -1.722090  -1.772270
3  7.547700 -0.256314  -3.103250
3  7.568300 -0.852304  -1.668470
3 -5.095040 -6.951530  -0.099715
3 -3.795490 -7.565370  -0.129893
3 -1.158990 -7.914510  -0.168515
3  0.238764 -7.688960  -0.176026
3  2.702530 -6.596360  -0.139859
3 -6.880530 -4.940040  -0.237505
3  3.768330 -5.635860  -0.173192
3 -7.596170 -3.700590  -0.268490
1 -3.841480 -2.299680   0.968712
1 -2.611790 -2.783570   0.245602
1 -1.906180 -3.800790   0.853974
1 -0.420274 -3.726230   0.826804
1  0.272935 -2.700510   0.197869
3  5.671850 -3.826740  -0.238506
3  6.649070 -2.747770  -0.191551
3 -8.103630 -1.049390  -0.326557
1 -3.914930 -0.855116   0.823581
1 -1.936090 -1.619100  -0.201468
1 -2.682860 -0.497412   0.143434
1 -0.544472 -1.613820  -0.271161
1  0.111251 -0.368946   0.037307
1  1.443220 -2.101130   0.876277
1  1.320490 -0.671072   0.750744
3  7.699290 -0.277035  -0.208368
3 -5.426740 -6.397290   1.273240
3 -3.075650 -7.624710   1.285310
3 -1.704520 -7.991520   1.267430
3  0.885975 -7.500850   1.245600
3  2.198640 -6.984520   1.195480
3 -6.431130 -5.380580   1.253970
3  4.190280 -5.211450   1.253560
3  5.184930 -4.182010   1.258490
3 -7.738540 -3.073950   1.211430
3 -8.142010 -1.646100   1.170100
3  6.972110 -2.176010   1.223100
3  7.674120 -0.846393   1.204600
3 -7.531740  0.766016 -10.431200
3 -6.952150  2.129280 -10.402300
3  7.712260  1.836800 -10.396700
3  7.482030  3.270330 -10.372200
3 -5.539530  4.442480 -10.471200
3 -4.393320  5.377700 -10.503400
3  6.543210  5.796980 -10.389300
3 -2.112320  6.715090 -10.557300
3 -0.775550  7.269980 -10.511600
3  1.750680  7.917700 -10.474000
3  3.217810  8.015690 -10.458700
3  5.563020  6.851570 -10.392000
3 -7.621600  0.240112  -9.003350
3  7.618630  1.231900  -8.895090
3  7.679540  1.824910  -7.438900
3 -6.582630  2.605920  -8.997300
3 -5.960760  3.937640  -9.005410
3  7.341310  3.879560  -8.966630
3 -3.860630  5.633390  -9.061530
3  6.862230  5.198730  -8.941860
3  6.467850  5.628680  -7.534330
3 -2.603300  6.370160  -9.072410
3 -0.272628  7.524980  -8.996290
3  1.129960  7.831440  -8.970930
3  3.856430  7.855780  -8.901810
3  5.141790  7.236770  -8.933260
3 -7.523630  0.784810  -7.506900
3 -7.666490  0.268801  -6.050450
3 -6.896030  2.057020  -7.521150
3  7.718050  1.250740  -5.973110
3 -6.709330  2.702230  -6.088150
3 -5.928130  3.914420  -6.154680
3 -5.483080  4.376050  -7.648510
3  7.434520  3.199580  -7.454500
3  7.458520  3.877290  -6.045690
3 -4.449970  5.384330  -7.643430
3 -3.989380  5.737850  -6.143570
3  6.748760  5.172260  -6.052580
3 -2.077750  6.594170  -7.610400
3 -2.696310  6.421550  -6.128230
3 -0.898190  7.391330  -7.616770
3 -0.265102  7.613980  -6.113320
3  1.116700  7.937770  -6.082100
3  1.740740  7.989120  -7.518750
3  3.182570  7.887880  -7.534980
3  3.754790  7.785240  -6.053600
3  4.969810  7.047980  -6.012720
3  5.533650  6.721190  -7.485210
3 -7.518640  0.862648  -4.606140
3  7.845920  1.852590  -4.553850
3 -6.916480  2.150950  -4.643460
3 -5.535950  4.413810  -4.746770
3  7.526490  3.257680  -4.571880
3 -4.515010  5.337370  -4.675440
3  6.403640  5.619420  -4.610400
3 -2.202070  6.766400  -4.744800
3 -0.816814  7.315530  -4.769280
3  1.675660  8.064710  -4.680650
3  3.138600  7.960300  -4.641160
3  5.439690  6.642660  -4.553600
3 -7.613160  0.870572  -1.767660
3 -7.826820  0.333871  -3.184560
3  7.705450  1.198750  -3.064800
3  7.729850  1.785860  -1.588510
3 -7.007480  2.203920  -1.868000
3 -6.802890  2.781470  -3.242480
3 -5.968880  3.936040  -3.227350
3  7.325900  3.846040  -3.099550
3  7.433810  3.185360  -1.581400
3 -5.508890  4.375320  -1.826120
3 -3.959140  5.699910  -3.258630
3 -4.435580  5.375800  -1.860830
3 -2.729470  6.423660  -3.268600
3  6.327510  5.574130  -1.586940
3  6.697630  5.114100  -3.096750
3 -2.188260  6.682520  -1.808070
3 -0.862551  7.305020  -1.793610
3 -0.300796  7.540910  -3.260960
3  1.077280  8.017150  -3.229640
3  1.729180  8.016900  -1.672340
3  3.169070  8.027170  -1.617200
3  3.733000  7.871720  -3.123380
3  4.904190  7.010390  -3.142330
3  5.466580  6.724670  -1.603790
3 -7.809280  0.372676  -0.290943
1 -2.016310  0.749385   0.345846
1 -0.577522  0.820502   0.413930
3  7.729130  1.212010  -0.179374
3 -6.812190  2.826210  -0.390201
3 -5.916140  3.930460  -0.399911
3  7.371720  3.789710  -0.135694
3 -3.883110  5.675250  -0.380310
3  6.612520  5.028360  -0.160165
3 -2.718650  6.486970  -0.339946
3 -0.334464  7.565980  -0.285720
3  1.042450  7.897810  -0.193716
3  3.772290  7.847680  -0.170936
3  5.047230  7.197170  -0.196836
3 -7.723420  0.990775   1.095970
1 -2.579420  1.636000   1.408070
1 -0.185978  1.687630   1.459730
3  7.878120  1.815730   1.242500
3 -7.171300  2.328860   1.046770
3  7.652730  3.239330   1.285620
3 -5.442780  4.316610   1.023190
3 -4.374670  5.307950   1.066030
3  6.399770  5.608310   1.196090
3 -2.141090  6.716910   1.229700
3 -0.884468  7.389760   1.220750
3  1.660890  7.880890   1.260170
3  3.149300  7.898780   1.247920
3  5.562270  6.769340   1.235330