295

3 -3.404720 -6.747770 70.9124
3 -1.992580 -6.968670 70.8978
3  0.644288 -6.840250 70.8351
3  2.090820 -6.530230 70.8533
3 -7.025470 -4.817260 70.8656
3 -5.836960 -5.621460 70.8415
3  4.468270 -5.499740 70.8297
3  5.657380 -4.682040 70.7744
3 -8.398410 -2.644890 70.8198
2 -1.827800 -2.953750 70.7903
2 -0.428982 -3.217390 70.6330
2  1.730040 -1.878720 70.5294
3  7.429460 -2.798150 70.8408
3 -8.647880 -1.175650 70.8181
2 -3.438930 -1.119930 71.1624
3  8.119530 -1.485860 70.8454
3 -3.991450 -6.574950 72.4782
3 -1.384940 -6.930690 72.4768
3  0.103975 -6.854260 72.4391
3 -7.415030 -4.405920 72.4836
3 -5.322620 -6.005600 72.4286
3  2.655350 -6.492680 72.4281
3  3.915280 -5.738830 72.3900
3  6.186060 -4.374750 72.3771
3 -8.184530 -3.147320 72.4285
2 -2.269760 -1.916520 71.6205
2  0.589419 -2.405530 71.2747
3  7.129660 -3.256990 72.4173
3 -8.550010 -0.644094 72.4318
2 -3.120490  0.257385 71.5014
2 -1.838560  0.296548 72.1517
2 -1.316090 -1.041770 72.1799
2  0.070643 -1.250770 72.0876
2  0.919589 -0.122487 71.8247
2  1.965910 -0.518864 70.9335
3  8.343350 -0.943405 72.4300
3 -3.475520 -6.613390 74.0272
3 -2.018280 -6.764550 74.0119
3  0.634323 -6.697320 74.0374
3  2.067430 -6.574000 74.0385
3 -6.962680 -4.790830 73.9821
3 -5.881630 -5.734960 74.0018
3  4.457800 -5.478490 73.9941
3  5.743400 -4.766060 73.9724
3 -8.393020 -2.606440 73.9908
3  7.463970 -2.797120 74.0100
3 -8.628870 -1.183470 74.0418
3  8.114550 -1.430800 74.0326
3 -3.998530 -6.485470 75.5838
3 -3.456680 -6.498730 77.2208
3 -1.963820 -6.699390 77.1441
3 -1.368130 -6.858190 75.5751
3  0.061619 -6.827650 75.6029
3  0.669333 -6.679910 77.1996
3  2.110020 -6.593330 77.1793
3 -7.462950 -4.367000 75.5248
3 -7.076490 -4.772220 77.1210
3 -5.412600 -6.054740 75.5912
3 -5.955610 -5.676120 77.1410
3  2.654170 -6.419330 75.5927
3  3.942060 -5.765090 75.5685
3  5.763010 -4.762080 77.1198
3  4.521740 -5.528650 77.1432
3  6.154470 -4.347540 75.5379
3 -8.339650 -2.589320 77.1285
3 -8.169450 -3.144650 75.5025
1  0.980365 -2.441820 76.3883
3  7.043880 -3.221690 75.5861
3  7.448150 -2.816480 77.0812
3 -8.654730 -0.671146 75.5945
3 -8.653270 -1.255830 77.1452
1 -0.899489 -0.915706 76.2455
1  1.736790 -1.667260 75.4705
1  1.140290 -0.486411 74.8950
1  3.115070 -1.422860 75.7516
1  3.363670 -0.026275 75.4750
1  3.811820 -1.942700 76.8589
3  8.135140 -1.534220 77.1293
3  8.267620 -0.919501 75.5653
3 -4.046190 -6.486900 78.7551
3 -1.463590 -6.669070 78.7195
3  0.080321 -6.603700 78.7990
3  2.665570 -6.317380 78.7828
3 -7.519130 -4.485350 78.7462
3 -5.425360 -6.060610 78.7095
3  4.090290 -5.885020 78.7522
3  6.171870 -4.376860 78.7273
3 -8.191270 -3.192790 78.7369
1 -0.508363 -2.445060 78.1405
1  1.651770 -3.047130 77.5433
1  0.714988 -3.073530 78.6384
1  3.030560 -2.784690 77.7773
3  7.145090 -3.299500 78.7038
3 -8.733750 -0.696067 78.7467
1 -1.887230 -0.372716 78.4764
1 -0.365018 -2.064130 76.7639
1  4.738690 -1.231900 77.6738
1  5.057880  0.093833 77.2609
3  8.345100 -0.940355 78.6435
3 -3.454940 -6.611770 80.3162
3 -2.004040 -6.729660 80.3057
3  0.653843 -6.662100 80.3681
3  2.094580 -6.544800 80.3427
3 -7.123930 -4.933680 80.3416
3 -5.915390 -5.743380 80.3068
3  4.477090 -5.538210 80.3498
3  5.748320 -4.790740 80.3213
3 -8.400720 -2.629220 80.3446
1  1.209960 -2.719970 79.8953
1  3.497470 -2.543810 79.1484
1  2.576910 -2.498200 80.1946
3  7.502490 -2.786960 80.2425
3 -8.592470 -1.221730 80.3417
1 -1.221560 -1.552050 78.9761
1 -0.714449 -1.286160 80.2881
1  4.540450 -1.543680 79.0604
1  4.647680 -0.591339 80.0257
3  8.126570 -1.463690 80.2305
3 -3.979900 -6.449450 81.9121
3 -1.399800 -6.754220 81.9206
3  0.041307 -6.684280 81.9321
3  2.651110 -6.385160 81.9611
3 -7.482580 -4.474190 81.9020
3 -5.385420 -6.062010 81.9164
3  3.972140 -5.849730 81.9758
3 -8.212510 -3.243230 81.9033
3  6.100970 -4.265710 81.8692
3  7.235130 -3.336010 81.8468
3 -8.671750 -0.643793 81.9105
1  0.405983 -1.898110 80.7562
1  1.305490 -1.149890 81.6322
1  2.686620 -1.538290 81.2691
1  3.681980 -0.555742 81.1447
3  8.273660 -0.910383 81.8039
3 -3.389300 -6.609010 83.5117
3 -1.948720 -6.684480 83.5142
3  0.668186 -6.641600 83.5221
3  2.116920 -6.457190 83.5271
3 -7.191600 -4.947660 83.4956
3 -5.951270 -5.778190 83.4965
3  4.543810 -5.475050 83.5203
3  5.747230 -4.685230 83.4890
3 -8.443200 -2.670520 83.4339
3  7.535050 -2.739450 83.4236
3 -8.685810 -1.250210 83.4583
3  8.161540 -1.433690 83.4237
3 -8.325850  1.356460 70.8715
2 -3.464490  1.278790 70.6338
3  8.534880  1.194890 70.8661
3 -7.584070  2.610110 70.8373
2 -2.595660  2.381860 70.3762
3  8.199420  2.593120 70.8668
3 -5.826830  4.592510 70.8889
3 -4.592760  5.286110 70.8752
3  5.640780  5.742500 70.8012
3  6.697920  4.743120 70.8443
3 -2.110980  6.407590 70.8477
3 -0.774172  6.895270 70.8846
3  1.829180  7.245810 70.8715
3  3.305450  7.080120 70.8299
3 -8.500300  0.836689 72.4644
2 -1.019430  1.371920 71.8869
2  0.421773  1.164580 71.8056
2  0.917757  2.106490 70.7453
3  8.622410  0.482049 72.4289
3 -7.267440  3.147080 72.4074
3 -6.287260  4.191270 72.4327
2 -1.357230  2.505010 71.0449
2 -0.177565  2.936130 70.3589
3  7.883790  3.129790 72.4319
3 -4.087630  5.686150 72.4454
3 -2.727910  6.173470 72.4186
3  7.036470  4.311360 72.4478
3 -0.141708  7.081440 72.4307
3  1.312220  7.102190 72.4369
3  3.862930  6.853690 72.4203
3  5.232060  6.220880 72.3915
3 -8.287640  1.358290 74.0094
3  8.580970  1.116350 74.0149
3 -7.669290  2.683310 74.0064
3  8.138070  2.563810 73.9954
3 -5.840720  4.624580 74.0176
3 -4.576740  5.374250 74.0166
3  5.682920  5.899490 73.9935
3  6.679820  4.824050 74.0243
3 -2.140550  6.402990 74.0092
3 -0.733308  6.946030 73.9908
3  1.855970  7.321250 73.9734
3  3.259670  6.986750 73.9951
3 -8.550070  0.807020 75.5762
3 -8.405030  1.336610 77.1694
1 -0.364083  1.333320 75.6578
1 -0.179347 -0.088857 75.2785
1  1.964070  2.012830 75.1012
1  2.173580  0.525237 74.8936
1  4.060790  2.070990 76.4358
1  4.310720  0.663237 76.1712
3  8.351630  1.163700 77.1681
3  8.436100  0.516274 75.6048
3 -7.300170  3.128500 75.5700
3 -7.507950  2.568560 77.1532
3 -6.255860  4.175510 75.5691
1  0.642194  2.302380 75.6021
1  0.789503  3.298860 76.6087
1  2.199670  3.573360 76.8784
1  2.947730  2.730750 75.9275
3  7.906020  3.157580 75.5375
3  7.995640  2.588420 77.1345
3 -5.777270  4.483140 77.1316
3 -4.519510  5.187610 77.1272
3 -4.027090  5.600420 75.6155
3 -2.639640  6.140920 75.5899
3  5.664110  5.906820 77.1818
3  7.125000  4.413760 75.5794
3  6.653060  4.821000 77.1439
3 -2.148450  6.474630 77.1987
3 -0.183954  6.984630 75.5836
3 -0.746445  6.919530 77.1655
3  1.264700  7.181960 75.5638
3  1.861730  7.169950 77.1448
3  3.849450  6.724410 75.5826
3  3.307350  6.937150 77.1761
3  5.226800  6.245600 75.5920
3 -8.572880  0.816897 78.7186
1 -1.694960 -0.039731 77.0932
1 -1.336880  1.348450 76.7368
1  5.084320  1.131720 78.2945
3  8.614990  0.571485 78.6875
3 -7.275610  3.097910 78.6994
3 -6.249010  4.121090 78.7394
1 -1.211060  2.353160 77.6978
1 -0.176710  3.405820 77.6276
1  2.641110  3.811800 78.1561
1  3.820990  3.171580 78.6383
1  4.589670  2.381520 77.7761
3  7.711030  3.048560 78.7054
3 -4.032560  5.619580 78.7158
3 -2.731690  6.222620 78.6996
3  7.055760  4.370050 78.7351
3 -0.173654  6.916030 78.7306
3  1.246920  7.131610 78.7571
3  3.884450  6.741260 78.7606
3  5.183790  6.167440 78.7203
3 -8.411580  1.331700 80.3148
1 -1.704020  0.648641 79.4449
1  4.175060  1.627150 80.5449
1  4.950120  0.799529 79.6687
3  8.399630  1.106030 80.2727
3 -7.583480  2.538450 80.2966
1 -1.341100  1.959390 79.0804
1 -0.491467  2.815180 79.8637
1  0.284213  3.689150 78.9824
1  1.658060  3.804560 79.1996
1  3.597550  2.770840 79.9898
1  2.305880  3.250860 80.4046
3  7.948830  2.473590 80.2693
3 -5.764830  4.456340 80.3016
3 -4.596080  5.338300 80.2860
3  5.774860  5.879120 80.3136
3  6.768290  4.848670 80.2966
3 -2.193560  6.366700 80.2282
3 -0.839106  6.848610 80.2594
3  1.890070  7.173270 80.3184
3  3.253070  6.852670 80.3549
3 -8.624740  0.795898 81.9142
1 -1.070730  0.076603 80.6230
1 -0.205268  0.885057 81.4102
1  1.016400  0.246108 81.8894
1  2.085690  1.232210 81.8019
1  3.403490  0.785060 81.4531
3  8.390020  0.536507 81.8317
3 -7.223540  3.001480 81.9047
3 -6.194260  4.015550 81.8961
1  0.170559  2.248270 80.9816
1  1.555170  2.445090 81.2835
3  7.754180  3.031710 81.8717
3 -4.026370  5.601810 81.8391
3 -2.691080  6.212940 81.8344
3  7.164710  4.332740 81.8454
3 -0.249905  7.071690 81.8546
3  1.209880  7.131130 81.9005
3  3.837220  6.629760 81.8539
3  5.168080  6.157370 81.8625
3 -8.352730  1.340480 83.5197
3  8.323420  1.105390 83.4364
3 -7.540470  2.584510 83.4629
3  7.890140  2.515640 83.4495
3 -5.644250  4.385680 83.4461
3 -4.470500  5.261370 83.4205
3  5.588930  5.719950 83.4234
3  6.690370  4.803460 83.4314
3 -2.141150  6.355650 83.4535
3 -0.801955  6.866940 83.4510
3  1.869390  7.223530 83.4700
3  3.271290  6.793630 83.4323