306

3 -3.963600 -6.999900 -0.066359
3 -1.409670 -7.365200 -0.027072
3  0.042726 -7.171380  0.000912
3  2.462180 -6.275930 -0.067924
3 -7.277950 -4.570790 -0.031880
3 -5.310680 -6.382120 -0.117067
1 -1.630510 -3.809560 -1.031370
1 -0.502274 -3.789510 -0.153803
3  3.793070 -5.595060 -0.105915
3  5.930000 -4.007530 -0.056051
3 -8.007540 -3.315850 -0.039114
1 -4.711870 -2.170360  0.274780
1 -3.977880 -3.042690 -0.669338
1 -2.813430 -3.782450 -0.228970
1  0.748931 -3.171060 -0.548243
3  6.971970 -3.035830 -0.041736
3 -8.304610 -0.710651  0.013621
1 -4.968420 -0.945909 -0.401201
3  8.389920 -0.760611 -0.114052
3 -3.456590 -7.146080  1.487250
3 -1.966260 -7.284340  1.503660
3  0.593816 -7.060580  1.522550
3  1.873340 -6.407420  1.520580
3 -6.838090 -5.019720  1.524840
3 -5.770340 -6.037650  1.465990
3  4.261120 -5.160130  1.462350
3  5.397630 -4.307710  1.504570
3 -8.247150 -2.774140  1.563100
1 -4.305050 -2.096070  1.605460
1 -2.408860 -3.698880  1.126920
1 -3.174800 -3.025520  2.122500
1 -0.919701 -3.743570  1.201040
1 -0.219715 -3.050570  2.222120
1  1.472750 -2.408190  0.432745
1  0.872782 -2.310340  1.719960
3  7.355240 -2.565700  1.534060
3 -8.421580 -1.265520  1.545760
1 -4.236840 -0.853530  2.351030
1  1.902670 -1.186850 -0.207636
1  1.943540  0.049462  0.452550
1  1.419710  0.128185  1.815580
3  8.106300 -1.345800  1.467210
3 -5.396840 -6.285080  3.086140
3 -4.074340 -7.032360  3.084440
3 -3.475250 -7.112090  4.662010
3 -2.061890 -7.422920  4.672030
3 -1.408860 -7.336620  3.116080
3  0.026270 -7.132730  3.117410
3  0.600032 -7.003800  4.692870
3  2.015260 -6.418830  4.731190
3  2.444640 -6.140580  3.121300
3 -7.211350 -4.495820  3.100230
3 -6.927260 -4.919780  4.631000
3 -5.854740 -5.937220  4.618080
3  3.802140 -5.530380  3.057210
3  4.237640 -5.137230  4.674150
3  5.399880 -4.255700  4.670100
3  5.851710 -3.917940  3.081980
3 -8.300650 -2.807390  4.677870
3 -8.103760 -3.381370  3.105800
1 -2.412980 -2.150870  3.066380
1 -0.982862 -2.219330  3.124770
3  7.009680 -3.053440  3.078430
3  7.357810 -2.534740  4.666470
3 -8.218730 -0.751796  3.118310
3 -8.325390 -1.342000  4.678530
1 -3.060130 -0.890217  3.219820
1 -0.228420 -0.983054  3.289300
1 -0.859207  0.260590  3.472580
1  0.920633 -1.053670  2.399620
3  8.097190 -1.283820  4.642110
3  8.355590 -0.748682  3.050750
3 -5.334520 -6.256480  6.159580
3 -4.050740 -6.937820  6.220200
3 -1.449670 -7.483830  6.221750
3  0.012648 -7.261140  6.257360
3  2.416010 -6.024710  6.283860
3 -7.386580 -4.612800  6.247740
3  3.749210 -5.386500  6.280150
3  5.882010 -3.872880  6.246500
3 -8.040020 -3.316680  6.284430
3  6.911820 -2.862750  6.277410
3 -8.304990 -0.745884  6.282100
2 -1.278690 -0.869396  6.774690
2 -0.467851  0.263865  7.064320
3  8.355030 -0.764661  6.242910
3 -3.434150 -7.034770  7.783660
3 -1.999540 -7.489570  7.817670
3  0.584230 -7.095760  7.799480
3  1.874030 -6.422730  7.817380
3 -6.921460 -5.042380  7.841980
3 -5.807920 -6.008930  7.767270
3  4.251830 -5.105040  7.799050
3  5.443190 -4.265040  7.791880
3 -8.230410 -2.765640  7.860000
2 -3.162930 -2.104100  7.580700
2 -1.973690 -2.903100  7.699510
2 -0.846334 -2.212060  7.176370
2  0.411555 -2.405990  7.783250
2  0.540948 -3.357780  8.949950
3  7.378450 -2.485210  7.833610
3 -8.295360 -1.332170  7.780720
2 -2.703670 -0.749493  7.028580
2  1.230130 -1.246340  8.107060
2  1.905080 -1.461550  9.407880
2  0.827271  0.038029  7.816710
3  8.070340 -1.224120  7.816130
3 -5.268570 -6.323360  9.379180
3 -3.971080 -6.895800  9.371610
3 -1.411730 -7.371020  9.416550
3  0.017197 -7.208240  9.414420
3  2.491160 -6.193760  9.382950
3 -7.244980 -4.609370  9.395030
3  3.782100 -5.550290  9.339910
3  5.870470 -3.861630  9.369210
3 -7.989070 -3.340160  9.417840
2 -4.022710 -3.035110  9.648020
2 -1.902070 -3.814140  8.767860
2 -2.933800 -3.868160  9.817220
2 -0.609566 -4.010620  9.387970
2  1.424470 -2.764220  9.933790
3  7.008360 -2.947880  9.372710
3 -8.331880 -0.812448  9.399540
2 -4.161010 -2.150370  8.531600
2 -4.735020 -0.907153  9.032010
2  2.046390 -0.371029 10.319000
2  1.832420 -0.512760 11.758400
3  8.320830 -0.687110  9.373610
3 -5.315360 -6.324680 12.523000
3 -3.952370 -6.918730 12.546300
3 -3.441930 -7.100040 10.951800
3 -2.015160 -7.420530 10.943600
3 -1.409050 -7.273300 12.549300
3  0.072458 -7.267850 12.527200
3  0.628146 -7.061670 10.970600
3  1.988060 -6.461690 10.937400
3  2.457460 -6.054170 12.497700
3 -6.836490 -5.027040 10.964100
3 -7.341620 -4.679160 12.565200
3 -5.787380 -6.043660 10.980300
3  3.794140 -5.421020 12.467400
3  4.303910 -5.098900 10.894500
3  5.448110 -4.155390 10.939700
3  5.893330 -3.816440 12.520900
3 -8.176980 -2.836400 10.991700
3 -7.911010 -3.347860 12.596200
2 -2.239450 -4.051600 11.040900
2 -2.801340 -3.540770 12.220000
2 -3.898040 -2.638340 12.124700
2 -0.842825 -4.244740 10.782600
2  1.184690 -2.901770 11.309300
2  0.022803 -3.640750 11.714900
3  7.391270 -2.470880 10.945900
3  6.982620 -2.865390 12.522500
3 -8.367670 -1.377580 11.002100
3 -8.315570 -0.798046 12.534900
2 -4.956610 -1.074150 10.439800
2 -4.535010 -2.417510 10.887600
2  1.402070 -1.805660 12.201800
3  8.117150 -1.221410 10.977100
3  8.480930 -0.700181 12.527400
3 -8.017620  0.701553  0.033625
1 -4.434610  1.441110 -0.336460
1 -4.799630  0.248761  0.311222
1 -3.788900  2.291850  0.648822
1  1.633580  1.267880 -0.174266
3  8.478310  0.701424 -0.083978
3 -7.033290  3.126890  0.011860
1 -2.586490  2.970900  0.262770
1 -2.106650  2.941990 -1.111570
1 -0.658133  2.742790 -1.071820
3  7.936480  3.277120 -0.137882
3 -6.309670  4.396720  0.011783
3 -4.089480  5.812350 -0.040336
3 -2.705890  6.325880 -0.063001
3  7.249440  4.549040 -0.129648
3 -0.117246  6.813890 -0.060379
3  1.324250  6.916180 -0.110457
3  4.016000  6.765540 -0.115274
3  5.302860  6.132840 -0.103259
3 -7.869290  1.291490  1.616860
1 -4.511610  0.335704  1.711360
1 -3.797920  1.606570  1.908230
1 -1.471620  2.247330  2.447980
1  0.865767  2.092080  0.750569
1  0.806291  1.404940  2.021760
3  8.440410  1.307780  1.499590
3 -7.271500  2.638900  1.605690
1 -0.282219  2.737760  0.333070
1 -1.446790  2.928070  1.160280
3  8.102950  2.714000  1.461930
3 -5.881890  4.761840  1.557920
3 -4.600550  5.461580  1.519670
3  5.799150  5.848190  1.517810
3  6.973740  5.015120  1.482120
3 -2.121740  6.430000  1.516860
3 -0.689533  6.725070  1.543290
3  1.939300  6.889430  1.463640
3  3.413580  6.943410  1.455410
3 -7.979490  0.683079  3.152950
3 -7.898810  1.176530  4.683340
1 -2.708290  1.591700  2.833220
1 -2.292320  0.294398  3.401360
1 -0.345534  1.427970  2.788950
3  8.467190  0.678059  3.075960
3  8.425930  1.270620  4.652990
3 -7.061480  3.095110  3.139210
3 -7.269500  2.517960  4.740560
3  8.068740  3.312400  3.050640
3  8.146600  2.681580  4.624040
3 -6.207240  4.260550  3.113140
3 -4.069960  5.755690  3.141990
3 -5.868360  4.682310  4.650980
3 -4.561980  5.388580  4.696640
3 -2.677510  6.209870  3.112710
3  5.771810  5.840420  4.658020
3  7.433660  4.640880  3.076920
3  6.933370  4.982640  4.674470
3 -2.098090  6.431240  4.652790
3 -0.100719  6.765320  3.094750
3 -0.689958  6.688830  4.664950
3  1.358660  6.964920  3.050720
3  1.924800  6.945780  4.621130
3  4.041180  6.859510  3.027350
3  3.414580  6.908820  4.602790
3  5.309270  6.133050  3.030900
3 -8.099710  0.670414  6.263540
3  8.522050  0.716719  6.230780
3 -7.091520  3.042460  6.220090
3  7.971200  3.197760  6.201930
3 -6.277940  4.242630  6.246860
3 -4.047670  5.656220  6.236220
3 -2.728410  6.213350  6.242310
3  7.361780  4.554390  6.209280
3 -0.117355  6.700270  6.252820
3  1.344660  6.950110  6.222120
3  3.951570  6.728240  6.217380
3  5.250050  6.056360  6.263190
3 -7.936040  1.224310  7.874670
2 -3.271210  0.434988  7.554600
2 -2.460460  1.637320  7.786780
2 -1.077550  1.532070  7.616850
2 -0.174050  2.081160  8.626680
2  0.937883  1.150150  8.772400
2  1.642790  0.950391  9.960370
3  8.582680  1.218870  7.855640
3 -7.310200  2.565980  7.800680
2 -3.028630  2.303220  8.996920
3  8.266460  2.639420  7.823460
3 -5.823710  4.670260  7.798490
3 -4.629350  5.419840  7.773550
3 -2.187550  6.367810  7.794570
3  5.740090  5.761210  7.821540
3  6.987930  5.020240  7.807280
3 -0.717483  6.581710  7.796620
3  1.906920  7.154750  7.829450
3  3.354290  6.892000  7.808510
3 -8.098920  0.678371  9.443570
2 -4.324910  0.363115  8.546940
2 -4.104290  1.449090  9.478720
2  1.133870  1.642380 11.171100
3  8.574890  0.736208  9.413030
3 -6.998000  3.064190  9.354140
2 -2.106580  2.696160 10.031600
2 -0.675744  2.714790  9.760910
2 -0.009698  2.492140 11.055300
3  7.993480  3.218470  9.355650
3 -6.256560  4.319050  9.396370
3 -4.150640  5.803510  9.341290
3 -2.785470  6.312440  9.333390
3  7.379810  4.506790  9.373080
3 -0.126469  6.635800  9.394790
3  1.308310  6.970390  9.379840
3  3.972940  6.748300  9.396270
3  5.239660  6.063940  9.368750
3 -8.180360  0.649847 12.514600
3 -7.916670  1.225170 10.956200
2 -4.764300 -0.018783 11.325500
2 -4.292180  1.201790 10.842500
2 -4.152180 -0.283433 12.653300
2  1.284090  0.719420 12.289600
3  8.746950  0.747319 12.548000
3  8.636470  1.363190 10.991900
3 -7.436210  2.581110 10.951200
3 -7.075040  3.061760 12.520000
2 -3.478100  1.773050 11.883200
2 -2.360080  2.518190 11.440500
2 -1.077880  2.306250 12.054000
3  8.258080  2.756870 10.972200
3  8.054170  3.251150 12.573900
3 -6.229110  4.247010 12.501600
3 -5.830260  4.709380 10.922800
3 -4.601690  5.506290 10.907600
3 -4.089810  5.587500 12.501300
3 -2.214960  6.401160 10.919700
3 -2.709110  6.083120 12.512200
3  5.751230  5.823580 10.952100
3  6.988800  4.976810 10.971000
3  7.399170  4.569630 12.552400
3 -0.762962  6.600030 10.920100
3 -0.175647  6.793170 12.511800
3  1.916410  6.902130 10.983200
3  1.296280  6.866470 12.598400
3  3.392080  6.900640 10.969300
3  3.933610  6.710070 12.572600
3  5.263120  6.094710 12.560500