293

3 -4.969300 -6.856150 43.4985
3 -5.495320 -6.527130 44.8083
3 -3.065290 -7.617700 44.8370
3 -3.681380 -7.508940 43.4897
3 -1.664170 -7.791410 44.8155
3 -0.992566 -7.875450 43.4964
3  0.429206 -7.728060 43.4633
3  1.059400 -7.655950 44.7493
3  2.429790 -7.222190 44.7661
3  2.981630 -6.964390 43.4507
3  4.216020 -6.279330 43.3882
3 -6.724530 -4.805110 43.4809
3 -6.438330 -5.411630 44.8088
3  4.705930 -5.799650 44.7573
3  5.694490 -4.771710 44.7692
3  6.011090 -4.268910 43.4724
3 -7.418220 -3.535810 43.4712
3 -7.614390 -2.931720 44.7520
3  6.770430 -3.026110 43.4534
3  6.992850 -2.432300 44.7775
3 -7.680530 -0.893083 43.4162
3 -7.738160 -1.480980 44.7399
1  0.616327 -0.415846 43.0364
1 -0.570347 -0.639338 43.7575
1  1.821260 -1.095470 43.5603
1  2.877850 -0.119901 43.5400
1  3.921310 -0.058948 44.4400
3  7.619050 -0.502760 43.4756
3  7.413650 -1.095160 44.7996
3 -4.982680 -6.883850 46.1584
3 -3.695170 -7.386320 46.1523
3 -1.002130 -7.765880 46.0598
3  0.422866 -7.758380 46.0626
3  2.983470 -6.919800 46.0733
3  4.193310 -6.182350 46.0920
3 -6.789230 -4.789500 46.1184
3  6.005910 -4.214910 46.0872
3 -7.490000 -3.558960 46.0911
3  6.653210 -2.944650 46.1078
3 -7.669450 -0.870234 46.0980
1 -0.551767 -1.605590 44.8654
1 -1.562080 -1.142070 45.7938
1  1.802410 -2.039720 44.6298
1  0.574542 -2.324070 45.2884
1  3.917990 -1.031080 45.5457
1  2.845010 -1.925800 45.6708
3  7.612200 -0.486880 46.1686
3 -1.642810 -7.808620 47.3970
3 -0.977691 -7.858870 48.7657
3 -4.963090 -6.699860 48.8100
3 -5.476930 -6.357100 47.4061
3 -3.009070 -7.492750 47.4318
3 -3.704200 -7.405370 48.7986
3  0.448048 -7.810480 48.7521
3  1.071310 -7.653360 47.4245
3  2.429570 -7.221590 47.4199
3  3.027320 -7.002810 48.7755
3  4.267770 -6.256630 48.7555
3 -6.477510 -5.403600 47.3744
3 -6.815820 -4.820240 48.7857
3  4.683390 -5.804500 47.4421
3  5.663480 -4.747040 47.4464
3  5.922620 -4.195960 48.7344
3 -7.582380 -2.917360 47.4716
3 -7.477090 -3.545240 48.7808
3  6.725450 -3.021170 48.7568
3  6.989370 -2.433610 47.4680
3 -7.687960 -1.502530 47.4751
3 -7.744430 -0.869747 48.7692
1 -1.315440 -1.340550 47.1530
1  0.811289 -2.455850 46.6955
1 -0.145730 -2.069060 47.6463
1  2.207130 -2.293050 46.9742
1  2.610440 -1.503780 48.0777
3  7.470290 -1.124910 47.4932
3  7.533660 -0.502804 48.8437
3 -1.761920 -7.829890 50.1184
3 -5.412360 -6.237840 50.1024
3 -3.141840 -7.648610 50.1077
3  1.050200 -7.811670 50.0673
3  2.433470 -7.317780 50.1441
3 -6.456930 -5.341470 50.1389
3  4.608310 -5.769410 50.1098
3  5.570070 -4.708250 50.1184
3 -7.562420 -2.907180 50.1523
3  6.973960 -2.403800 50.1414
3 -7.706920 -1.509690 50.0977
1  0.264158 -1.343340 48.8940
1  1.676330 -1.059530 49.0308
3  7.446340 -1.091090 50.1801
3 -1.108350 -7.889870 51.3904
3 -1.715720 -7.759680 52.8204
3 -4.952590 -6.749100 51.4292
3 -5.483530 -6.386330 52.7141
3 -3.152010 -7.652250 52.8260
3 -3.739230 -7.455650 51.4143
3  0.383037 -7.890140 51.4036
3  0.997257 -7.693910 52.7317
3  2.345730 -7.168070 52.7613
3  2.985350 -7.020920 51.4849
3  4.134050 -6.195360 51.4513
3 -6.864070 -4.809770 51.4313
3 -6.593100 -5.375250 52.7641
3  4.506890 -5.648660 52.7786
3  5.474200 -4.630440 52.7811
3  5.920760 -4.183290 51.4610
3 -7.460330 -2.821370 52.8282
3 -7.368400 -3.500640 51.4785
3  6.592850 -2.931940 51.4778
3  6.860760 -2.334390 52.8240
3 -7.810710 -0.833761 51.4007
3 -7.846220 -1.460050 52.7870
3  7.432260 -1.058080 52.8249
3  7.560700 -0.456617 51.5145
3 -1.097450 -8.012390 54.1015
3  0.297565 -7.733690 54.1337
3 -5.001280 -6.795480 54.0574
3 -3.730970 -7.402670 54.1277
3  2.818760 -6.915810 54.1089
3  3.994200 -6.093320 54.1190
3 -6.801350 -4.774980 54.1074
3  5.753170 -4.046240 54.1484
3 -7.348430 -3.493770 54.1103
3  6.567280 -2.889910 54.1183
3 -7.846200 -0.838904 54.0673
2 -1.843440 -0.340250 54.3894
2 -0.625267 -0.616522 53.6205
2  1.732900 -1.245250 53.9137
2  0.367460 -1.498490 54.1181
2  2.164340 -0.033765 53.3260
3  7.551820 -0.428602 54.1655
2  2.472190 -1.783060 55.1204
3 -7.552210  0.507026 43.3634
3 -7.532150  1.162120 44.7541
1 -1.307810  1.647380 43.5504
1  4.342860  1.266190 44.9508
3  7.584460  1.562210 44.8248
3  7.695640  0.917322 43.4520
3 -6.594130  2.998110 43.3481
3 -6.939640  2.464770 44.6907
3 -5.739610  4.104560 43.3693
1  0.438482  3.200960 43.4285
1 -0.541903  3.747730 44.3509
1  2.757150  2.335270 43.4831
1  1.814070  3.461880 43.6630
1  3.859620  2.464270 44.4140
1  3.562790  3.606370 45.2801
3  7.156840  3.535710 43.4688
3  7.440460  2.934500 44.8175
3 -5.310010  4.697070 44.6838
3 -4.342560  5.719220 44.7006
3 -3.868640  6.154010 43.3494
1  2.256580  4.201000 44.8363
3  6.765100  4.925410 43.4743
3  6.274700  5.365210 44.8029
3 -2.733770  7.014040 43.3351
3 -2.190550  7.385410 44.6887
3 -0.798491  7.788340 44.7705
3 -0.285692  8.002540 43.3848
3  3.198760  7.881710 44.7660
3  3.838230  7.750330 43.4413
3  5.492510  6.556750 44.8054
3  5.081180  7.049570 43.4546
3  1.829490  8.017430 44.7460
3  1.155170  8.240180 43.4358
3 -7.532260  0.546405 46.0728
1 -1.641280  0.289965 43.9121
1 -2.156920  0.058332 45.2476
1  4.504120  1.139190 46.3950
1  4.274670 -0.283471 46.7645
3  7.693440  0.929493 46.1373
3 -6.568770  2.971390 46.0382
3 -5.729580  4.142420 45.9776
1 -1.624750  2.777090 44.4369
1 -2.204880  2.488580 45.6749
1  3.734530  3.460230 46.7092
1  4.291000  2.193060 47.2819
3  7.230110  3.544790 46.1416
3 -3.849590  6.132520 45.9903
1 -0.064895  4.426500 45.4936
1 -0.686334  4.093200 46.7792
1  1.352890  4.734650 45.7901
1  1.603160  4.540830 47.2335
1  2.798670  3.990830 47.7047
3  6.673100  4.854050 46.1466
3 -2.723240  7.047000 46.0259
3 -0.228945  7.881450 46.1019
3  3.781270  7.652930 46.1079
3  4.953370  6.855100 46.1156
3  1.193490  8.050460 46.1207
3 -7.620970  0.525429 48.8072
3 -7.455460  1.135170 47.3997
1 -2.466920  1.093310 46.0873
1 -2.218950  0.970558 47.4985
1 -1.631310 -0.259592 48.0667
1  3.706830 -0.532638 48.0166
1  3.503840  0.575101 48.9279
3  7.738390  0.939634 48.7949
3  7.661660  1.592350 47.4637
3 -6.902660  2.424630 47.3504
3 -6.505200  2.989340 48.6730
3 -5.721240  4.176840 48.6773
1 -1.716280  3.167960 46.8432
1 -1.704880  2.235370 47.9763
1  0.308321  3.257550 48.8716
1  3.729780  1.941930 48.5887
1  2.775050  3.021680 48.8764
3  7.293220  3.561170 48.7715
3  7.523360  3.009320 47.4638
3 -5.351060  4.711560 47.3619
3 -4.374440  5.738640 47.3232
3 -3.888510  6.197580 48.6694
1  0.369153  4.168510 47.8399
3  6.353020  5.380100 47.4492
3  6.673760  4.831070 48.8081
3 -2.734530  7.023790 48.7316
3 -2.174210  7.311340 47.3583
3 -0.876331  7.850320 47.3921
3 -0.265059  7.992370 48.8035
3  1.806310  8.171580 47.5023
3  1.166330  8.095790 48.8723
3  3.185750  7.883620 47.4907
3  3.725760  7.543600 48.9021
3  5.384380  6.426030 47.4832
3  4.940950  6.773940 48.8658
3 -7.410980  1.152270 50.0773
1 -0.620086 -0.218899 49.0649
1 -0.149008  1.039970 49.4824
1  2.179850  0.236630 49.5462
3  7.566720  1.579580 50.1163
3 -6.810350  2.445400 50.0225
1 -0.731168  2.300850 49.0300
1  1.274520  1.264180 49.6881
1  1.519070  2.681820 49.4016
3  7.424450  2.992480 50.1188
3 -5.421720  4.813700 50.0019
3 -4.544330  5.925550 49.9712
3  6.361750  5.325150 50.1578
3 -2.206560  7.226850 50.1341
3 -0.916720  7.838540 50.1632
3  1.758950  8.026220 50.2168
3  3.143780  7.724670 50.2136
3  5.467410  6.424720 50.1386
3 -7.547530  0.544964 51.3686
3 -7.545730  1.223810 52.6796
3  7.687600  1.589940 52.8523
3  7.658830  0.944278 51.4655
3 -6.895410  2.520230 52.7471
3 -6.662500  3.087190 51.4058
3 -5.816870  4.261870 51.4006
3  7.323960  3.584710 51.4909
3  7.573010  3.012750 52.8167
3 -5.347230  4.712480 52.7655
3 -4.429430  5.763460 52.8250
3 -4.002490  6.227590 51.4189
3  6.714890  4.838120 51.5000
3  6.404810  5.356560 52.8289
3 -2.882060  7.081900 51.4528
3 -2.209560  7.318950 52.8175
3 -0.864887  7.926880 52.8495
3 -0.304958  8.048760 51.5227
3  1.742940  8.128040 52.9039
3  1.099350  8.175720 51.5248
3  3.126050  7.747830 52.8908
3  3.674110  7.363680 51.5482
3  5.464140  6.424340 52.8522
3  4.946420  6.799920 51.5094
3 -7.752880  0.594203 54.0603
2 -2.150070  1.085920 54.2769
2 -1.147490  1.693020 53.4060
2 -0.242001  0.645394 52.9771
2  1.146140  0.946490 52.9190
2  2.983630  2.183480 53.7641
2  3.316810  0.758059 53.8641
3  7.676060  0.975513 54.2071
3 -6.673750  3.097210 54.1034
3 -5.749400  4.242660 54.1336
2 -0.586008  2.946880 53.7502
2 -1.136910  3.781100 54.8089
2  1.673870  2.270700 53.1308
2  0.823619  3.307750 53.6072
2  1.198920  4.285350 54.5368
2  3.296750  3.075160 54.7805
2  2.382570  4.182170 55.2031
3  7.397810  3.605070 54.2080
3 -3.875290  6.078610 54.2025
3  6.799230  4.900750 54.1676
3 -2.708880  6.930530 54.2243
3 -0.297470  8.107770 54.2880
3  1.114910  8.245270 54.2075
3  3.709120  7.387830 54.2080
3  4.926300  6.743570 54.2077
2  3.886870  0.313077 55.0364