298

3 -5.539460 -6.693520 108.928
3 -3.274100 -7.837180 108.975
3 -1.837500 -8.007570 109.028
3  0.740068 -7.490530 108.944
3  2.005180 -6.801030 108.947
3 -6.504510 -5.645100 108.933
3  4.265580 -5.311120 108.934
3 -7.751590 -3.325660 108.964
3  5.292750 -4.301780 108.949
3 -8.056080 -1.916680 108.980
3  6.927800 -2.193440 108.953
3  7.571270 -0.880138 108.948
3 -5.031020 -7.004090 110.378
3 -3.837530 -7.763370 110.395
3 -1.171420 -8.042950 110.428
3  0.211149 -7.675470 110.414
3  2.580660 -6.418340 110.391
3 -6.877510 -5.169920 110.381
3  3.724870 -5.607470 110.421
3 -7.608340 -3.882930 110.373
3  5.581400 -3.711410 110.380
3  6.506700 -2.641870 110.385
3 -8.008950 -1.253580 110.440
3  7.784130 -0.307441 110.392
3 -5.567710 -6.683790 111.872
3 -5.065150 -7.089370 113.225
3 -3.830020 -7.816940 113.279
3 -3.247640 -8.069810 111.928
3 -1.770720 -8.042590 111.900
3 -1.184980 -7.952210 113.344
3  0.802852 -7.451900 111.791
3  0.230654 -7.662260 113.318
3  2.038110 -6.807050 111.811
3  2.568130 -6.531360 113.209
3 -6.904470 -5.203170 113.292
3 -6.584470 -5.710060 111.894
3  4.178130 -5.193490 111.872
3  3.687290 -5.640550 113.201
3  5.136820 -4.156780 111.870
3 -7.616140 -3.232250 111.920
3 -7.506580 -3.894190 113.280
3  5.507250 -3.705680 113.333
3  6.547660 -2.665270 113.368
3 -7.945210 -1.822260 111.916
3 -7.873960 -1.215290 113.326
2  0.840915 -1.840530 113.338
2 -0.370746 -1.214550 113.072
2 -0.401469 -0.095923 112.106
2  2.104000 -0.300080 111.820
2  2.047420 -1.381560 112.725
3  6.890680 -2.201670 111.890
3  7.589700 -0.914943 111.944
3  7.675650 -0.258767 113.317
3 -5.536560 -6.716220 114.764
3 -3.238680 -8.044220 114.745
3 -1.815110 -8.058770 114.775
3  0.711649 -7.342780 114.684
3  1.969770 -6.718970 114.707
3 -6.629510 -5.698910 114.703
3  4.064160 -5.229390 114.703
3 -7.564640 -3.260310 114.802
2  1.107230 -2.169940 114.775
3  5.095370 -4.156010 114.699
3 -7.866670 -1.872890 114.806
2 -1.436170 -0.883611 114.055
2 -1.151720 -1.234510 115.426
2  0.097096 -1.885040 115.752
2  2.516510 -1.856970 115.032
2  4.092950 -0.461363 113.917
2  3.013440 -1.333810 113.833
3  6.889060 -2.153930 114.854
3  7.536250 -0.860592 114.806
3 -5.693590 -6.812590 117.699
3 -5.154550 -7.129780 116.198
3 -3.864700 -7.726990 116.182
3 -3.242960 -8.072950 117.652
3 -1.823280 -8.049130 117.644
3 -1.195090 -8.044290 116.185
3  0.166273 -7.601680 116.162
3  0.754308 -7.286730 117.616
3  2.081270 -6.714950 117.588
3 -6.937990 -5.172980 116.182
3 -6.564550 -5.659000 117.708
3  2.526420 -6.422410 116.168
3  3.715470 -5.634330 116.163
3  4.221990 -5.272450 117.545
3 -7.454910 -3.842210 116.185
3 -7.541260 -3.240770 117.636
3  5.289420 -4.289890 117.574
3  5.593620 -3.758800 116.139
3  6.481780 -2.666900 116.176
3 -7.946180 -1.227880 116.218
3 -7.943570 -1.834230 117.648
2 -1.525460 -0.315515 116.478
2 -0.462387 -0.417744 117.452
2  0.561773 -1.326630 117.013
2  2.888870 -1.367430 116.303
2  1.945790 -1.153760 117.329
2  3.933640 -0.412651 116.435
3  6.821490 -2.105860 117.649
3  7.648140 -0.212875 116.250
3  7.398470 -0.800624 117.697
3 -5.161240 -7.218830 119.101
3 -3.868840 -7.842700 119.096
3 -1.181310 -8.025200 119.188
3  0.206882 -7.513380 119.144
3 -6.926080 -5.122050 119.097
3  2.603890 -6.414440 118.990
3  3.769040 -5.631480 118.971
3 -7.428130 -3.797430 119.119
3  5.704070 -3.807950 119.036
3  6.525930 -2.641490 119.041
3 -7.950670 -1.238580 119.057
3  7.611620 -0.209122 119.121
3 -5.148680 -7.099440 122.055
3 -5.689640 -6.739180 120.590
3 -3.786750 -7.647290 122.031
3 -3.258550 -7.958570 120.621
3 -1.804880 -8.017400 120.644
3  0.811405 -7.441180 120.540
3  2.033630 -6.707040 120.533
3 -6.995510 -5.118470 122.008
3 -6.688600 -5.653070 120.533
3  2.568800 -6.487280 121.971
3  3.790570 -5.771790 121.939
3  4.248690 -5.330590 120.499
3 -7.656390 -3.840420 122.016
3 -7.657610 -3.227090 120.560
3  5.639380 -3.904770 122.033
3  6.479430 -2.731640 122.024
3  5.279190 -4.281190 120.562
3 -7.993240 -1.213070 122.006
3 -7.923480 -1.811880 120.495
3  6.891950 -2.199210 120.581
3  7.493100 -0.855509 120.614
3  7.522240 -0.238245 121.991
3 -7.470640  0.704188 108.860
3 -6.887380  2.059520 108.940
3  7.895940  1.831450 108.956
3 -5.273030  4.185590 108.793
3  7.711410  3.270270 108.895
3 -4.324900  5.279670 108.751
3  6.585330  5.640030 108.923
3 -2.144780  6.752200 108.934
3 -0.818152  7.354340 108.938
3  1.743050  7.850730 108.924
3  3.168920  7.745500 108.942
3  5.475590  6.559720 108.945
3 -7.675950  0.156846 110.371
2  1.107330  1.745730 111.459
2  0.855105  0.339729 111.596
2  2.487660  1.977310 111.721
3  7.874460  1.114800 110.425
3 -6.468510  2.569490 110.425
3 -5.683740  3.791870 110.310
3  7.620360  3.851020 110.345
3 -3.851420  5.609490 110.356
3  6.999250  5.138640 110.342
3 -2.715880  6.484260 110.373
3 -0.249522  7.598270 110.428
3  1.126520  7.872860 110.460
3  3.824280  7.601820 110.353
3  5.097150  7.017100 110.388
3 -7.438990  0.768695 111.806
3 -7.792270  0.224085 113.328
3 -6.760350  2.020270 111.797
2 -1.236880  0.928868 112.635
2  3.160460  0.708929 111.923
2  4.567570  1.799440 113.663
2  4.138360  0.622115 112.938
3  7.986500  1.784680 111.842
3  7.944130  1.174380 113.344
3 -6.432600  2.508390 113.277
3 -5.698050  3.773270 113.233
3 -5.326380  4.235210 111.808
2 -1.052760  2.305650 112.439
2 -1.432400  3.219960 113.449
2  0.202815  2.705880 111.894
2  0.613929  3.903740 112.514
2 -0.379848  4.270120 113.535
2  2.917450  3.154980 112.272
2  1.943270  4.059500 112.780
2  3.964110  2.990110 113.325
3  7.678490  3.193230 111.848
3  7.522650  3.821510 113.263
3 -4.381830  5.347220 111.783
3 -3.893740  5.660030 113.234
3  6.608430  5.646290 111.820
3  6.954100  5.123900 113.255
3 -2.807590  6.576080 113.252
3 -2.199890  6.808200 111.765
3 -0.859033  7.343930 111.771
3 -0.272753  7.545060 113.297
3  1.164720  7.840510 113.309
3  1.777080  7.935500 111.782
3  3.199870  7.825620 111.794
3  3.788260  7.685420 113.258
3  5.056390  6.984880 113.256
3  5.652250  6.667660 111.868
3 -7.532700  0.756363 114.789
3 -6.784540  1.969620 114.742
2 -2.346630  1.347500 114.774
2 -1.929270  0.467376 113.780
2  4.761800  1.499370 115.037
2  4.580120  0.051848 115.246
3  8.036040  1.781390 114.764
3 -5.358150  4.231870 114.695
2 -1.999820  2.705800 114.625
2  3.619920  3.940560 114.370
2  3.794280  3.586690 115.774
3  7.731680  3.193490 114.759
3 -4.336880  5.240190 114.743
2  0.071333  4.645970 114.750
2  2.368130  4.593130 114.014
2  1.460960  4.852090 114.998
3  6.596410  5.729340 114.720
3 -2.279830  6.868540 114.747
3 -0.937498  7.424690 114.771
3  1.741900  7.844070 114.806
3  3.154850  7.831840 114.770
3  5.587060  6.733010 114.712
3 -7.741210  0.146160 116.183
3 -7.492910  0.742823 117.587
3 -6.786030  1.988500 117.609
2 -2.093100  0.995821 116.157
2 -1.587930  2.150520 116.856
2 -0.659044  2.049220 117.913
2  3.610750  0.483913 117.508
2  3.836050  1.866120 117.329
3  7.954850  1.220150 116.213
3  7.816890  1.901470 117.640
3 -6.495990  2.556950 116.176
3 -5.706960  3.711210 116.155
3 -5.369310  4.239680 117.627
2 -1.551550  3.221280 115.917
2 -0.571763  4.241200 115.987
2  0.395697  4.133140 117.015
2  0.335876  3.080810 117.951
2  2.796680  3.916770 116.816
2  2.805790  2.800080 117.729
2  4.374450  2.323100 116.101
3  7.483430  3.857070 116.202
3  7.625790  3.315500 117.612
3 -3.871300  5.621290 116.184
3 -4.289800  5.205600 117.636
2  1.698710  4.575960 116.381
3  6.823940  5.148310 116.212
3  6.494870  5.633960 117.673
3 -2.790830  6.594120 116.135
3 -2.109270  6.824830 117.637
3 -0.885050  7.440930 117.636
3 -0.318349  7.597150 116.258
3  1.103990  7.861290 116.244
3  1.752000  7.937400 117.686
3  3.176070  7.859140 117.685
3  3.826970  7.747360 116.141
3  5.160280  7.179290 116.162
3  5.619090  6.817930 117.701
3 -7.611690  0.139202 119.016
2 -0.021963  0.735732 118.191
2  2.283070  0.059031 118.047
2  1.370070  1.015940 118.373
3  7.791600  1.254190 119.129
3 -6.568280  2.581110 119.106
3 -5.682820  3.735180 119.084
2  1.614150  2.398710 118.278
3  7.517050  3.890300 119.071
3 -3.799400  5.624680 119.047
3  6.978990  5.251810 119.054
3 -2.666100  6.507530 119.072
3 -0.273131  7.622470 119.098
3  1.110760  7.920600 119.132
3  3.799160  7.802790 119.058
3  5.115810  7.216920 119.083
3 -7.445790  0.747395 120.477
3 -7.697030  0.208509 121.984
3  7.901650  1.870290 120.579
3  7.816220  1.232830 122.007
3 -6.815250  2.022310 120.533
3 -6.575590  2.594950 121.967
3 -5.915910  3.898040 121.958
3 -5.409890  4.295820 120.491
3  7.578410  3.287000 120.570
3  7.371110  3.884480 121.958
3 -3.897180  5.720550 121.909
3 -4.283280  5.187770 120.462
3  6.583750  5.809850 120.599
3  6.797200  5.210540 121.962
3 -2.687700  6.492650 121.908
3 -2.102770  6.760480 120.526
3 -0.804255  7.430400 120.549
3 -0.266800  7.538320 121.931
3  1.118730  7.905010 121.998
3  1.740760  8.016920 120.589
3  3.212630  8.015760 120.587
3  5.105750  7.305410 122.026
3  3.823680  7.932220 121.970
3  5.565220  6.848950 120.617