99

2 -0.529041 -2.471420  9.76144
2  0.618492 -2.536010  8.88328
2  1.889030 -2.182980  9.36334
2 -2.589420 -1.115570  9.55529
2 -1.658920 -2.001100  8.98720
2  2.773940 -1.377790  8.54036
2  3.441630 -0.438829  9.41137
2 -2.435900 -0.704283 10.93470
2 -1.354480 -1.171310 11.70140
2  0.922304 -1.685060 11.58890
2 -0.383903 -2.060860 11.10200
2  2.026000 -1.732300 10.73000
2  2.989210 -0.664667 10.75990
2 -0.645996 -0.254305 12.58620
2  0.768143 -0.574210 12.50610
1  0.188950 -0.420388 16.08770
1  1.502520 -0.904486 16.03700
1 -0.429612 -2.217180 17.68600
1  0.928473 -2.717390 17.63610
1  1.876790 -2.058310 16.82790
1 -1.643840 -0.081866 17.50330
1 -0.786269 -1.092360 16.92660
1  3.206410 -1.831530 17.34140
1  3.661470 -0.540814 16.86470
1 -0.922555 -2.358950 19.03640
1  0.120521 -2.954650 19.83400
1  1.266350 -3.172530 18.97180
1  2.554930 -2.933450 19.46800
1  3.515160 -2.250110 18.64240
1 -2.138930 -0.217502 18.80660
1 -1.765720 -1.381150 19.59210
1  4.310670 -1.403790 19.49580
1  4.744410 -0.155019 19.04000
1  0.304976 -2.539540 21.16850
1  2.749700 -2.502350 20.83280
1  1.646120 -2.321310 21.67950
1 -1.576410 -0.942182 20.95960
1 -0.555493 -1.521150 21.73120
1  3.844710 -1.559610 20.85340
1  3.812620 -0.444369 21.70280
1  0.253624 -0.669960 22.57190
1  1.616820 -1.158610 22.54220
1  2.684170 -0.238287 22.57800
1  2.602000  0.038528 16.07240
2 -0.054797  2.166720 12.68510
2  1.308420  1.857270 12.60710
2 -3.083090  0.013800  8.80298
2 -3.236990  1.124610  9.71488
2  3.756800  0.860527  8.99196
2  3.613700  1.989050  9.88503
2 -2.951750  2.420990  9.26847
2  2.170130  3.971470  9.70665
2  3.110420  3.109930  9.11879
2 -1.377850  4.142690  9.31670
2  1.036350  4.421020  8.93063
2 -0.106781  4.470170  9.80706
2 -2.836030  0.681672 11.03110
2 -2.148610  1.566860 11.86420
2  2.861880  0.414319 11.63950
2  3.153910  1.757040 11.18770
2 -2.252800  3.339830 10.13670
2 -1.860620  2.906860 11.41220
2 -0.561866  3.283000 11.91920
2  0.305159  4.046060 11.12440
2  2.210420  2.655750 11.80090
2  1.723130  3.756550 11.07100
2 -1.028500  1.100360 12.64440
2  1.715050  0.469726 12.51440
1 -1.186280  1.206440 17.04490
1  4.177410  1.721220 17.77640
1  4.403840  0.293999 17.71510
1 -1.244400  2.321170 17.89000
1 -0.139247  3.253620 17.90120
1  0.964511  3.069190 17.05050
1  2.299870  3.303280 17.55530
1  3.161570  2.284260 16.99460
1 -2.187500  0.932572 19.68610
1  4.753400  0.985249 19.92360
1 -1.748960  2.195140 19.23890
1 -0.958025  3.056600 20.08990
1  0.036124  3.709540 19.26150
1  1.333120  3.918350 19.75040
1  2.474880  3.711830 18.89120
1  4.381960  2.152970 19.14270
1  3.532320  3.131340 19.68820
1 -1.077320  1.307920 21.84260
1 -1.847970  0.477760 21.01570
1  3.417280  1.859620 21.79850
1  4.272060  0.842138 21.23360
1 -0.626959  2.605800 21.37760
1  0.720201  2.810160 21.85920
1  1.679890  3.466470 21.07470
1  3.047260  2.990580 21.04680
1  0.018433  0.708563 22.55590
1  1.108560  1.628490 22.57190
1  2.430510  1.188750 22.61820
1  2.365790  1.424650 16.14310
1 -0.054624  1.003560 16.17210
1  1.007400  1.922950 16.17290