294

3 -3.445530 -6.859980 42.4084
3 -1.965760 -7.057370 42.3783
3  0.623834 -6.963700 42.4006
3  1.998580 -6.509570 42.3934
3 -7.061150 -5.002200 42.4670
3 -5.936180 -5.912580 42.4560
3  4.442600 -5.466380 42.4663
3  5.577660 -4.602440 42.4547
3 -8.519670 -2.753850 42.4662
1  1.572040 -2.484570 42.2568
3  7.194010 -2.550480 42.4177
3 -8.794990 -1.320140 42.4224
1 -0.757408 -2.193670 41.9129
1 -0.335993 -1.363110 42.9591
1  1.077400 -1.475160 43.1766
1  2.836220 -2.352600 41.6640
1  1.896190 -0.413980 43.4766
1  3.700050 -1.178500 41.9738
3  7.926100 -1.341990 42.4229
3 -5.345430 -6.212410 44.0033
3 -3.989560 -6.694530 43.9869
3 -1.424730 -6.983460 43.9942
3  0.052187 -7.046000 43.9900
3  2.492200 -6.257820 43.9967
3 -7.449480 -4.539130 44.0375
3  3.895750 -5.782270 44.0476
3  6.121290 -4.230780 44.0153
3 -8.152720 -3.240750 44.0031
3  6.989010 -3.126100 44.0026
3 -8.747530 -0.736728 44.0236
3  8.223880 -0.746686 43.9856
3 -3.497210 -6.907480 45.6057
3 -1.992140 -6.927350 45.5963
3  0.591914 -6.874450 45.5729
3  1.943330 -6.387970 45.5905
3 -6.992960 -5.043300 45.5972
3 -5.783760 -5.876720 45.6036
3  4.346560 -5.388550 45.5582
3  5.568370 -4.653280 45.5486
3 -8.349260 -2.712620 45.6308
3  7.275230 -2.595920 45.5880
3 -8.834480 -1.346870 45.6227
2 -0.345465 -1.878170 47.7285
2  0.419915 -0.969034 46.8680
2  1.824430 -1.065170 46.6713
2  2.571020 -1.964840 47.5566
3  7.982180 -1.294020 45.5881
3 -4.069890 -6.858220 47.2076
3 -3.436780 -7.006110 48.7652
3 -1.399960 -7.018860 47.1934
3 -2.019650 -7.023980 48.7843
3  0.021366 -7.008640 47.1950
3  0.603644 -6.903020 48.7974
3  1.981730 -6.418970 48.7273
3 -7.471850 -4.647630 47.2044
3 -7.125830 -5.110280 48.8094
3 -5.412200 -6.194540 47.1871
3 -5.968540 -6.098850 48.7663
3  2.449160 -6.154840 47.1973
3  3.844260 -5.671300 47.1784
3  4.376210 -5.424290 48.7359
3  5.540830 -4.617510 48.7122
3  6.016970 -4.195240 47.1253
3 -8.301090 -2.794170 48.8211
3 -8.176750 -3.320840 47.2082
2  0.431865 -2.666820 48.6210
2  1.837500 -2.748070 48.5053
2  2.366100 -2.964370 49.8679
3  6.905370 -3.082220 47.1422
3  7.346690 -2.689170 48.7418
3 -8.674600 -0.752933 47.1935
3 -8.674530 -1.372060 48.7940
2 -1.779030 -1.300440 49.7284
2 -1.423170 -1.137130 48.3776
2  3.778860 -1.245330 48.0345
2  4.181220 -1.456580 49.3452
3  8.168180 -0.780568 47.1801
3  7.983690 -1.367620 48.7735
3 -4.063280 -6.898680 50.3393
3 -1.436440 -6.870770 50.3414
3 -0.005591 -6.969880 50.2938
3 -7.491670 -4.581390 50.3842
3 -5.440360 -6.319510 50.3491
3  2.493590 -6.364830 50.3024
3  3.915140 -5.834370 50.3162
3  5.939070 -4.182540 50.3113
3 -8.160180 -3.301810 50.3808
2 -0.971501 -2.140360 50.5310
2  0.058542 -2.889310 49.9862
2  1.265210 -3.078150 50.7811
2  3.443990 -2.209310 50.2576
3  6.865470 -3.086880 50.2427
3 -8.649030 -0.749969 50.3848
2 -2.144570 -0.126434 50.4969
2  3.674530 -1.767550 51.5986
2  4.484400 -0.566676 51.5299
2  4.777650 -0.383143 50.0996
3  8.155790 -0.751853 50.3055
3 -3.538310 -6.990620 51.9037
3 -2.086860 -7.019890 51.8679
3  0.601828 -6.819880 51.9029
3  2.015330 -6.469420 51.8836
3 -7.063080 -5.003880 51.9591
3 -5.865900 -5.938150 51.9793
3  4.455280 -5.600270 51.8858
3  5.494880 -4.620720 51.8733
3 -8.323930 -2.759050 51.8507
2  1.349560 -2.480150 52.0649
2  0.210827 -1.763030 52.6162
3  7.191660 -2.530180 51.8164
3 -8.538710 -1.317080 51.8615
2 -0.969868 -1.643160 51.8993
2 -1.620020 -0.329263 51.8483
2  0.710260 -0.628917 53.3519
2  2.184400 -0.694201 53.2858
2  2.572310 -1.812420 52.5008
3  8.020750 -1.324640 51.8480
3 -4.067270 -6.675020 53.4544
3 -3.505640 -6.946810 55.0064
3 -1.991610 -6.887320 55.0426
3 -1.394200 -7.017690 53.4408
3  0.044119 -6.788350 53.4778
3  0.572337 -6.695310 55.1081
3  2.023600 -6.398530 55.0561
3 -7.494970 -4.575610 53.4227
3 -7.121300 -5.020780 55.0226
3 -5.450900 -6.192030 53.4664
3 -6.018530 -5.980910 55.0255
3  2.570830 -6.361330 53.4430
3  3.895150 -5.868440 53.4578
3  4.391150 -5.519800 54.9940
3  5.556930 -4.567910 55.0220
3  5.994250 -4.204310 53.4054
3 -8.323480 -2.718300 55.0031
3 -8.177070 -3.266380 53.4377
3  7.233260 -2.598390 54.9987
3  6.930700 -3.066520 53.4054
3 -8.717330 -0.695654 53.4317
3 -8.699200 -1.291890 54.9660
3  7.923190 -1.311360 54.9951
3  8.187180 -0.813551 53.4313
3 -8.190820  1.221200 42.4316
1 -1.958220  0.339894 42.1049
1 -1.751640  1.737510 41.8332
1 -0.915344 -0.071833 43.0201
1 -0.098379  1.047700 43.4172
1  1.272640  0.877264 43.5536
1  3.382860  1.202770 42.6208
1  3.181050 -0.203666 42.8121
3  8.324970  1.267460 42.4228
3 -7.495370  2.470190 42.4110
1 -0.616709  2.178400 42.6401
1  0.249593  3.116790 42.0884
1  1.679300  2.993960 42.2837
1  2.134170  1.880660 42.9978
3  8.024270  2.724460 42.3608
3 -5.728420  4.361420 42.3970
3 -4.529050  5.222400 42.4803
3  5.625820  5.850130 42.3925
3  6.752880  4.923020 42.4288
3 -2.166810  6.433050 42.4043
3 -0.843918  6.992280 42.3913
3  1.759340  7.120260 42.3995
3  3.168270  6.833470 42.4115
3 -8.401680  0.701237 44.0411
3  8.436220  0.647853 43.9792
3 -7.258370  2.962180 43.9560
3 -6.189920  3.974100 43.9843
3  7.769000  3.192380 43.9812
3 -3.955760  5.478250 44.0366
3 -2.677480  6.202270 43.9904
3  7.190330  4.573940 44.0489
3 -0.270566  7.136330 43.9767
3  1.172220  7.259130 43.9874
3  3.752270  6.650530 43.9829
3  5.181290  6.141300 43.9880
3 -8.205410  1.190320 45.5743
2 -0.232987  0.304587 46.9614
2  0.462063  1.447600 46.7571
2  1.942990  1.394600 46.7235
2  2.631420  0.180133 46.5325
2  3.816440  0.041543 47.4198
3  8.369640  1.227320 45.5820
3 -7.571550  2.493330 45.5821
3  7.995210  2.660980 45.5885
3 -5.767830  4.357830 45.5455
3 -4.546690  5.178500 45.5637
3  5.660210  5.880950 45.6064
3  6.726430  4.962580 45.6467
3 -2.184250  6.416330 45.5316
3 -0.831085  6.991310 45.5775
3  1.778530  7.107490 45.5696
3  3.185910  6.735640 45.5731
3 -8.351330  0.618751 47.1723
3 -8.207360  1.267070 48.7368
2 -1.758110  1.307340 48.5597
2 -1.373810  0.185480 47.7683
2  4.280620  1.118030 48.2013
3  8.417720  0.646283 47.2015
3  8.348920  1.235590 48.7823
3 -7.318220  3.036800 47.1543
3 -7.616620  2.580090 48.7357
3 -6.272900  4.055060 47.1279
2 -0.927854  2.456840 48.4474
2  0.103647  2.595470 47.5564
2  1.318310  3.258560 48.0021
2  2.446620  2.544920 47.5041
2  1.412000  3.900340 49.2444
2  3.641840  2.384920 48.2000
3  7.866420  3.204030 47.2022
3  7.911540  2.634280 48.7743
3 -5.780070  4.493830 48.7229
3 -4.575010  5.328020 48.7120
3 -2.702570  6.103580 47.1302
3 -3.998810  5.524370 47.1261
3  5.590310  5.804300 48.8209
3  5.106160  6.095590 47.1923
3  7.154050  4.516680 47.1505
3  6.828810  4.970770 48.7653
3 -2.177920  6.331840 48.7455
3 -0.816613  6.931750 48.7758
3 -0.256108  7.113070 47.1804
3  1.181750  7.225960 47.1203
3  1.696390  7.149410 48.7114
3  3.163490  6.780720 48.7703
3  3.708260  6.550700 47.1673
3 -8.415420  0.693910 50.3230
2 -2.136080  1.160210 49.9113
2 -1.624020  2.310110 50.6457
2  4.755550  0.902063 49.5474
3  8.282400  0.655439 50.3613
3 -7.221830  3.036330 50.3163
3 -6.196150  4.039980 50.3144
2 -0.877000  3.136730 49.6966
2  0.266782  3.822400 50.1373
2  3.743250  3.010280 49.4615
2  2.638410  3.654020 50.0173
2  4.444550  2.057870 50.3358
3  7.797190  3.222320 50.3252
3 -4.060560  5.449190 50.2891
3 -2.672260  6.042110 50.2911
3  5.088120  6.238850 50.3611
3  7.069620  4.465920 50.3354
3 -0.305923  7.185720 50.3291
3  1.137130  7.161380 50.2951
3  3.714830  6.653280 50.3837
3 -8.412560  1.347390 51.8862
2 -1.167020  2.129360 51.9843
2 -1.152470  0.773936 52.5860
2  0.065954  0.585311 53.3065
2  0.836588  1.741730 53.2255
2  2.262440  1.756000 53.1028
2  4.055800  1.904320 51.6639
2  2.960910  0.493661 53.2260
2  4.057580  0.578298 52.3086
3  8.116120  1.206450 51.8430
3 -7.663960  2.613630 51.9110
2  0.116240  2.742020 52.3679
2  0.810556  3.614990 51.5007
2  2.226290  3.570150 51.4302
2  2.962830  2.646500 52.1704
3  7.867190  2.650320 51.8921
3 -5.735750  4.358420 51.9232
3 -4.529330  5.196310 51.8743
3  5.627970  5.882580 51.9510
3  6.716390  4.910840 51.9227
3 -2.224250  6.417680 51.8787
3 -0.861573  6.940660 51.8921
3  1.704770  7.060510 51.8844
3  3.135290  6.863980 51.9158
3 -8.585910  0.783408 53.4067
3 -8.310140  1.319170 54.9791
3  8.296790  0.625139 53.4472
3  8.358930  1.228380 55.0327
3 -7.257780  3.019790 53.4545
3 -7.633990  2.617190 54.9989
3 -6.231380  4.085150 53.4250
3  7.622660  3.088210 53.5040
3  7.880250  2.583220 55.0635
3 -5.867950  4.516240 55.0075
3 -4.674550  5.370840 55.0307
3 -4.082230  5.559760 53.4453
3  5.060870  6.163060 53.5143
3  5.665980  5.899460 55.1088
3  6.911530  4.338710 53.4902
3  6.736100  4.903000 55.0895
3 -2.730710  6.125580 53.4579
3 -2.232050  6.392040 55.0581
3 -0.930729  7.074700 55.0748
3 -0.338966  7.042650 53.5060
3  1.682250  7.118240 55.0368
3  1.093160  7.001990 53.4452
3  3.126280  6.744800 55.0509
3  3.705560  6.765600 53.4813