295

2  2.005870 -2.174510 80.1052
2  2.526980 -0.884892 79.8917
3 -4.953750 -6.818700 80.7591
3 -3.851240 -7.734510 80.6911
3 -1.217900 -8.305360 80.6625
3  0.169332 -8.086120 80.7107
3  2.625840 -6.981000 80.7640
3 -6.634750 -4.658520 80.7565
3  3.804020 -6.227240 80.7505
3 -7.297310 -3.393110 80.7477
2 -3.379510 -2.453180 79.8395
2 -1.354950 -3.126660 80.7990
2 -1.877200 -1.973920 81.5043
2  0.033662 -3.309880 80.5699
2  0.938182 -2.334140 81.0515
3  5.539390 -4.172260 80.7862
3  6.330970 -2.949150 80.7732
3 -7.807550 -0.757160 80.7300
2 -3.134820 -1.545250 80.9161
2 -3.434830 -0.197737 80.8553
2  0.432518 -1.199530 81.7236
2  1.030980  0.058213 81.5438
2  2.084760  0.277366 80.5928
3  7.393090 -0.455458 80.7369
3 -5.007870 -6.923460 83.3867
3 -5.446770 -6.415480 82.0484
3 -3.868120 -7.818940 83.3614
3 -3.261490 -8.059120 82.0253
3 -1.891520 -8.267460 82.0116
3 -1.271100 -8.394170 83.3536
3  0.103429 -8.036900 83.3941
3  0.682805 -7.838630 82.0507
3  1.999700 -7.290270 82.0784
3  2.606800 -6.943570 83.4242
3  3.731220 -6.117970 83.4136
3 -6.335820 -5.295030 82.0618
3 -6.642940 -4.765860 83.4240
3  4.263430 -5.767070 82.1198
3  5.075410 -4.627400 82.1161
3 -7.460600 -2.788860 82.0738
3 -7.180200 -3.434430 83.4344
3  5.519520 -4.149830 83.4301
3  6.623250 -2.399010 82.1662
3  6.269280 -2.932850 83.4436
3 -7.901430 -0.802912 83.3731
3 -7.764290 -1.424610 82.0901
2 -0.935277 -1.035590 82.0103
2 -1.302590  0.376546 81.9833
3  7.143400 -1.046160 82.1295
3  7.369050 -0.428798 83.4317
3 -5.490570 -6.506320 84.7448
3 -3.353920 -8.180550 84.7257
3 -1.938180 -8.415640 84.7294
3  0.733651 -7.893990 84.7188
3  2.069640 -7.383310 84.7439
3 -6.323230 -5.342510 84.7038
3  5.156470 -4.635480 84.7162
3  4.253780 -5.716420 84.7319
3 -7.497210 -2.879340 84.7751
3  6.478980 -2.322640 84.7627
3 -7.884440 -1.455030 84.7477
1  2.047800  0.626314 84.8215
1  0.699923  0.225233 84.7524
1  3.027020 -0.103818 85.6159
3  7.095060 -1.023470 84.7796
3 -5.024360 -6.941320 86.0224
3 -5.496140 -6.514200 87.3626
3 -3.849400 -7.835800 86.0376
3 -3.287650 -8.085600 87.3970
3 -1.881440 -8.345780 87.3607
3 -1.248040 -8.464480 86.0461
3  0.142865 -8.139020 86.0164
3  0.819996 -7.963010 87.3417
3  2.122390 -7.384580 87.3406
3  2.632680 -7.022380 86.0483
3  3.781090 -6.200390 86.0359
3 -6.326680 -5.333960 87.3694
3 -6.635030 -4.747230 86.0645
3  4.251550 -5.757910 87.3416
3  5.093330 -4.631460 87.3554
3  5.386810 -4.024600 86.0302
3 -7.448830 -2.844630 87.4075
3 -7.135070 -3.402510 86.0938
1  1.340870 -1.882680 85.9746
3  6.475020 -2.305550 87.4012
3  6.249080 -2.882870 86.0410
3 -7.938060 -1.490580 87.4513
3 -8.008890 -0.843392 86.1403
1  0.372262 -1.119370 85.2691
1 -1.486540  0.303255 85.5513
1 -0.990735 -0.952908 85.8592
1  2.639630 -1.349570 86.1278
3  7.116720 -1.042970 87.4330
3  7.368020 -0.430015 86.1009
3 -4.927750 -6.829750 88.6657
3 -3.797450 -7.719720 88.6691
3 -1.218280 -8.363720 88.6807
3  0.199342 -8.079810 88.6656
3  2.610390 -7.093360 88.6766
3 -6.680720 -4.757300 88.7294
3  3.732230 -6.240360 88.6508
3  5.392910 -4.141810 88.7008
3 -7.255730 -3.437770 88.6922
1 -0.370926 -2.338060 87.7977
1  0.950572 -2.491720 87.2488
1  2.086990 -2.349900 88.1808
3  6.124640 -2.896360 88.7228
3 -7.936930 -0.861203 88.7764
1 -2.298220 -0.946272 87.9936
1 -1.389500 -1.634140 87.0494
1  3.159310 -1.689240 87.4343
1  3.824750 -0.690855 88.2164
1  3.656740 -0.528058 89.6484
3  7.395330 -0.465838 88.7444
3 -5.341840 -6.344690 89.9971
3 -4.959590 -6.888630 91.2893
3 -3.212530 -7.954760 90.0097
3 -3.816530 -7.766170 91.3525
3 -1.848150 -8.341660 90.0501
3 -1.236200 -8.373190 91.3504
3  0.172284 -8.178790 91.3250
3  0.784039 -7.924590 90.0150
3  2.117360 -7.452300 90.0234
3  2.608360 -7.179370 91.3265
3 -6.333660 -5.307000 89.9879
3 -6.697150 -4.790770 91.3694
3  3.621530 -6.198070 91.3539
3  5.012710 -4.665120 90.0145
3  4.119690 -5.726720 89.9553
3  5.363450 -4.136230 91.3590
3 -7.540840 -2.855890 90.0457
3 -7.345750 -3.511670 91.3658
3  6.476350 -2.422610 90.0431
3  6.170840 -2.954130 91.3559
3 -7.968300 -1.463560 90.0802
3 -7.904640 -0.874203 91.4001
1 -1.757520 -1.287880 89.3178
1 -0.629429 -2.129930 89.1814
1  0.475541 -1.122500 91.2222
1  0.469772 -2.069630 90.1218
1  1.812020 -2.097680 89.5081
1  2.623890 -1.201650 90.2619
3  7.098370 -1.073310 90.0441
3  7.300440 -0.503965 91.3632
3 -7.770390  0.649908 80.7326
2 -2.364370  1.848590 80.3591
2 -2.459600  0.745529 81.2838
2 -0.011778  2.169050 80.7268
3  7.779760  0.908426 80.7696
3 -6.824780  3.133740 80.7171
2 -1.241680  2.602910 80.0660
3  7.713610  3.580350 80.7131
3 -6.108840  4.402870 80.6923
3  7.130910  4.937880 80.7142
3 -3.917560  5.860700 80.7373
3 -2.692610  6.552930 80.7634
3 -0.159549  7.391490 80.7821
3  1.219950  7.585460 80.7905
3  3.970300  7.570290 80.7588
3  5.211250  6.838810 80.7739
3 -7.787590  0.636184 83.3619
3 -7.659470  1.283750 82.0556
2 -0.019168  1.088770 81.6432
3  7.796590  1.516080 82.0905
3  7.699990  0.927281 83.4407
3 -7.179720  2.608560 82.0597
3 -6.881770  3.103910 83.3649
3  7.746730  3.654770 83.4535
3  7.812500  2.990950 82.0599
3 -6.174740  4.333170 83.4091
3 -5.657760  4.787440 82.0580
3 -4.461270  5.491310 82.0495
3  6.741800  5.396030 82.0317
3  7.171660  4.974110 83.3985
3 -3.971340  5.842720 83.4430
3 -2.703890  6.486910 83.4581
3 -2.160090  6.789150 82.1364
3 -0.812670  7.294770 82.1235
3 -0.140464  7.336760 83.4253
3  1.229650  7.585610 83.3958
3  1.887210  7.661520 82.0443
3  3.291210  7.595070 82.0823
3  3.977150  7.550510 83.4309
3  5.772130  6.474630 82.0859
3  5.234630  6.896290 83.4282
3 -7.735200  1.226270 84.7792
1 -0.131651  2.406810 85.1178
1 -0.412759  1.035980 84.8942
1  1.198920  2.925440 85.2249
1  2.307410  2.042090 85.0460
1  3.408830  2.181960 85.9538
3  7.854080  1.571990 84.7679
3 -7.189740  2.549110 84.7778
1  1.206610  3.933170 86.2836
3  7.817060  2.998610 84.7911
3 -5.714410  4.705300 84.7481
3 -4.483860  5.462090 84.7054
3  6.825210  5.544010 84.7722
3 -2.114880  6.846360 84.7925
3 -0.786251  7.321040 84.8002
3  1.894900  7.538430 84.7138
3  3.343840  7.617600 84.7194
3  5.805240  6.536170 84.7977
3 -7.815290  1.242390 87.4830
3 -7.850310  0.561545 86.1135
1 -1.964640  2.385440 86.6942
1 -2.297440  0.992032 86.4485
1  3.860090  0.849876 86.3159
1  4.175040  0.550267 87.6514
3  7.780830  1.575600 87.3977
3  7.789120  0.910126 86.0972
3 -7.215560  2.504190 87.4432
3 -6.929960  3.095170 86.1078
1 -0.982050  3.119390 85.9926
1 -0.350060  4.242020 88.1253
1 -0.163932  4.057120 86.7374
1  2.342920  4.038770 87.1663
1  3.861600  2.821460 88.3612
1  3.382460  3.111790 87.0249
3  7.634580  3.616300 86.1206
3  7.702320  2.979430 87.4200
3 -6.158460  4.265820 86.1300
3 -5.618590  4.652560 87.4476
3 -4.465340  5.514490 87.4323
1  2.103350  4.289890 88.5921
3  6.609190  5.410740 87.4278
3  7.065150  4.915390 86.1095
3 -3.927620  5.756100 86.0830
3 -2.681220  6.508250 86.0972
3 -2.107070  6.818960 87.3830
3 -0.778757  7.269100 87.3878
3 -0.108160  7.397370 86.1039
3  1.277280  7.542750 86.0561
3  1.888920  7.694860 87.3710
3  3.369090  7.654980 87.3923
3  3.959210  7.531480 86.0451
3  5.739750  6.463550 87.4675
3  5.279690  6.944290 86.1428
3 -7.887510  0.545450 88.7503
1 -2.679970  0.399146 87.7339
1 -2.608910  1.445780 88.7430
1  3.997350  0.844349 89.9277
1  4.334500  1.542540 88.6169
3  7.693060  0.950535 88.7280
3 -6.920240  3.116070 88.7949
1 -2.154510  2.613340 88.0966
1 -1.407560  3.569550 88.7686
1 -1.014510  3.280100 90.1785
1  0.380933  3.770140 90.3188
1  3.013140  3.452590 89.2867
1  2.659390  2.825210 90.4982
3  7.574160  3.587790 88.7076
3 -6.076080  4.259210 88.7811
1  0.752755  4.418720 89.1011
3  6.946930  4.830360 88.7374
3 -3.915720  5.887660 88.7742
3 -2.635640  6.608230 88.7482
3 -0.177772  7.599020 88.6581
3  1.243410  7.727130 88.6795
3  3.943260  7.451850 88.7306
3  5.183670  6.785270 88.7877
3 -7.757670  1.224040 90.0991
3 -7.760310  0.572543 91.4316
1 -2.171440  1.080510 90.0183
1 -1.762950 -0.289491 90.3431
1 -0.583634 -0.194285 91.2445
1 -0.294173  1.222780 91.3646
1  1.837630 -0.571949 91.2887
1  2.095630  0.811780 91.5534
3  7.795960  1.565950 90.0157
3  7.693040  0.905155 91.3476
3 -7.228720  2.535330 90.1184
3 -6.841260  3.122610 91.4667
1 -1.274340  2.017620 90.7540
1  1.296080  2.959810 90.9937
1  0.982575  1.689080 91.5847
1  3.189580  1.483790 90.8145
3  7.590280  3.590810 91.3844
3  7.775260  2.994090 90.0347
3 -5.927890  4.211570 91.4831
3 -5.482900  4.637770 90.1194
3 -4.437130  5.612920 90.0821
3  6.576270  5.329260 90.0957
3  6.932360  4.850160 91.4082
3 -3.820670  5.947400 91.3542
3 -2.611160  6.650620 91.3261
3 -2.046600  6.888510 90.0549
3 -0.755416  7.385150 90.0123
3 -0.136215  7.647700 91.3323
3  1.238580  7.945890 91.3289
3  1.873690  7.775740 90.0282
3  3.277180  7.584900 90.0353
3  3.844030  7.389450 91.4273
3  5.062610  6.702380 91.4473
3  5.597830  6.379460 90.1258