294

3 -5.017130 -7.034630  95.7633
3 -3.685030 -7.650030  95.7699
3 -1.070990 -7.746670  95.8888
3  0.328106 -7.555480  95.9050
3  2.758500 -6.500500  95.9429
3 -7.087630 -5.313180  95.8120
3  3.966140 -5.746850  95.9890
3 -7.641040 -3.973230  95.8339
2 -0.024350 -2.173450  95.3439
2  2.279350 -2.057300  95.4482
3  5.934540 -3.916040  95.8862
3  6.749400 -2.750010  95.8524
3 -7.774310 -1.347480  95.7607
2  0.320445 -1.433140  96.6101
2  1.759680 -1.347850  96.5915
3  7.913860 -0.360954  95.8311
3 -5.082160 -7.191450  98.7432
3 -5.600660 -6.795910  97.2459
3 -3.791660 -7.825400  98.7200
3 -3.164770 -7.865260  97.2863
3 -1.735550 -7.871700  97.3452
3 -1.143930 -7.652410  98.7997
3  0.290013 -7.527140  98.7689
3  0.899802 -7.420230  97.3337
3  2.224470 -6.855480  97.3492
3  2.756480 -6.600080  98.8421
3 -7.105480 -5.286050  98.7799
3 -6.744630 -5.832780  97.1780
3  4.460850 -5.357510  97.3850
3  3.918150 -5.746320  98.9023
3  5.518040 -4.379570  97.3941
3 -7.788310 -3.363280  97.2817
3 -7.644030 -3.957340  98.7323
3  5.888720 -3.916710  98.8343
3  6.728080 -2.742790  98.7992
3  7.047200 -2.186080  97.3541
3 -7.877240 -1.937620  97.2493
3 -7.855600 -1.368720  98.7238
2 -0.412322 -0.256778  96.9834
2  2.442440 -0.226035  97.0340
3  7.682230 -0.910169  97.3257
3  7.806230 -0.360086  98.7858
3 -5.553460 -6.784570 100.1750
3 -3.179610 -7.981180 100.1520
3 -1.768780 -7.928720 100.1870
3  0.877014 -7.484010 100.2400
3  2.191060 -6.929630 100.2280
3 -6.570470 -5.762020 100.1830
3  4.507810 -5.467340 100.3090
3  5.494110 -4.423920 100.3250
3 -7.839410 -3.385820 100.2110
3  7.123090 -2.292920 100.3110
3 -7.987760 -1.977040 100.1830
1  0.380374 -0.501878 101.1160
3  7.624680 -0.950114 100.2600
3 -5.512910 -6.686900 103.0350
3 -4.969240 -7.047460 101.5760
3 -3.750390 -7.752380 101.5810
3 -3.170790 -7.829910 103.1060
3 -1.782230 -7.926380 103.1340
3 -1.131820 -7.906380 101.6270
3  0.307755 -7.750170 101.7410
3  0.836363 -7.574760 103.1270
3  2.149380 -6.964630 103.1120
3  2.732100 -6.604680 101.7100
3 -6.955320 -5.283840 101.5980
3 -6.519490 -5.667590 103.0360
3  3.920040 -5.811110 101.7060
3  4.318990 -5.369270 103.1130
3  5.423920 -4.399820 103.2160
3 -7.655880 -4.003560 101.6150
3 -7.731630 -3.392110 103.1510
3  6.700280 -2.761060 101.7830
3  5.941870 -4.014670 101.7210
3  6.962440 -2.266880 103.1730
3 -7.984290 -1.346290 101.5830
3 -8.043790 -1.915260 103.0510
1 -1.472390 -0.292701 102.5670
1  0.206000 -2.002090 103.1710
1 -0.387531 -1.194980 102.1600
1  1.783310 -0.602634 101.2380
1  1.614500 -2.051890 103.1810
1  2.410350 -1.485740 102.1620
1  3.680690 -0.750512 102.5790
3  7.834350 -0.397599 101.7360
3  7.602550 -0.946699 103.1610
3 -5.011560 -7.046250 104.5430
3 -3.776960 -7.778690 104.5720
3 -1.204170 -8.020520 104.5560
3  0.221547 -7.831060 104.5470
3  2.606220 -6.553040 104.6320
3 -6.943350 -5.189130 104.5730
3  3.851600 -5.821050 104.5780
3 -7.588990 -3.899010 104.5900
1  2.009690 -2.017200 104.5560
3  5.695610 -3.875120 104.6060
3  6.583120 -2.716760 104.6440
3 -8.022700 -1.340480 104.4550
1 -1.331860 -1.034690 104.9320
1 -1.954060 -0.230063 103.8590
1  0.853769 -1.905740 105.4020
1 -0.304773 -1.859890 104.5390
1  3.169450 -1.349820 104.9170
1  4.071870 -0.716914 103.9490
3  7.706240 -0.315509 104.6130
3 -5.531850 -6.716830 105.9870
3 -3.192670 -7.904940 106.1540
3 -1.802040 -7.953730 106.0730
3  0.823866 -7.545110 106.0560
3  2.046370 -6.834180 106.0540
3 -6.518030 -5.661780 105.9710
3 -6.898230 -5.190200 107.4560
3  4.412890 -5.480950 106.1040
3  5.423470 -4.415550 106.1100
3 -7.727090 -3.309170 106.0140
3 -7.564310 -3.918190 107.4840
3  6.996520 -2.193640 106.0560
3 -8.088560 -1.915690 105.9540
1 -1.346830 -0.230600 106.1200
1 -0.211347 -0.291120 106.9750
1  0.857674 -1.195940 106.6330
1  2.108390 -0.589855 107.0530
1  3.280830 -0.651961 106.1710
3  7.558430 -0.877609 106.0540
3 -5.088720 -7.041900 107.4440
3 -3.738170 -7.580260 107.5080
3 -1.219020 -8.018310 107.4830
3  0.187051 -7.722100 107.5200
3  2.623320 -6.515320 107.5100
3  3.835980 -5.777550 107.5250
3  6.649470 -2.741790 107.5180
3  5.719160 -3.835370 107.5270
3 -8.095670 -1.295070 107.4880
3  7.727960 -0.271642 107.5190
3 -7.571540  0.043095  95.7862
2 -1.612540  1.652510  96.2154
2 -1.529450  0.224935  96.1445
2  3.630710  1.699240  96.2890
2  3.675740  0.243245  96.3361
3  8.038280  1.031310  95.8410
3 -6.449010  2.511920  95.9017
3 -5.591420  3.619530  95.8884
2 -0.148036  3.965420  95.3664
2  0.311321  3.252190  96.5290
2  2.212080  3.968650  95.4330
2  1.727720  3.282100  96.5536
3  7.560860  3.643100  95.8852
3 -3.822940  5.631130  95.8493
3 -2.767140  6.584770  95.8575
3  6.864350  4.899870  95.8604
3 -0.244256  7.581250  95.8079
3  1.184670  7.776410  95.7861
3  3.715880  7.389250  95.8038
3  5.050040  6.776950  95.8148
3 -7.388780  0.635593  97.3044
3 -7.548570  0.018173  98.7381
3 -6.757970  1.947520  97.3331
2 -0.414495  2.105810  96.9297
2  0.323923  0.935969  97.4210
2  2.417460  2.075040  96.9260
2  1.716670  0.939423  97.4740
3  8.045920  1.638210  97.3353
3  8.035700  1.065150  98.8451
3 -6.540450  2.534140  98.7321
3 -5.644280  3.684820  98.7119
3 -5.188210  4.159640  97.2870
3  7.843620  3.054870  97.3205
3  7.585060  3.639490  98.7948
3 -4.302790  5.240560  97.3176
3 -3.855790  5.741870  98.7406
3  6.534550  5.371780  97.3142
3  6.883850  4.973130  98.8001
3  5.532090  6.421940  97.2836
3 -2.135380  6.810340  97.3280
3 -2.599820  6.486960  98.7407
3 -0.783679  7.429620  97.3089
3 -0.264285  7.676210  98.6716
3  1.126950  7.876440  98.7071
3  1.751990  7.762640  97.2351
3  3.178610  7.634510  97.2522
3  3.781260  7.445740  98.7155
3  5.079980  6.843330  98.7437
3 -7.432570  0.593705 100.1120
3 -6.795830  1.950500 100.1540
1 -0.198717  0.826650 100.9260
1  0.651682  1.921510 100.6220
1  2.564110  0.567783 101.0650
1  2.093970  1.777460 100.6510
3  8.055850  1.667150 100.2720
3 -5.307080  4.276860 100.1910
3  7.862190  3.091020 100.3000
3 -4.307170  5.352010 100.2010
3  6.541460  5.457680 100.2270
3  5.531070  6.469430 100.2500
3 -2.112910  6.744830 100.1880
3 -0.878538  7.548540 100.1790
3  1.804350  7.894360 100.1680
3  3.217650  7.677240 100.1720
3 -7.423920  0.642081 103.0680
3 -7.644480  0.109243 101.6070
3 -6.791410  1.906860 103.0570
1 -1.333490  0.947442 101.8010
1  4.337200  1.586830 102.5030
1  3.748730  0.478666 101.8560
3  8.006870  1.077760 101.7340
3  7.974030  1.731560 103.2760
3 -6.466590  2.436250 101.5940
3 -5.595000  3.599510 101.6240
3 -5.058500  4.000630 103.0570
1 -1.670800  2.180890 102.2940
1 -0.775436  3.310980 102.0260
1  0.318356  3.231660 101.1710
1  1.579350  3.857170 101.5910
1  2.657760  2.944380 101.3250
1  3.798110  2.888250 102.1750
3  7.608690  3.669980 101.7690
3  7.723090  3.158670 103.2530
3 -3.777940  5.608260 101.6330
3 -4.274800  5.226430 103.0910
1  1.658840  4.617060 102.7960
3  6.958270  4.969320 101.7030
3  6.553690  5.578660 103.1560
3 -2.676560  6.545450 101.6460
3 -2.130970  6.895520 103.1180
3 -0.828854  7.523220 103.1210
3 -0.271416  7.720880 101.6530
3  1.165830  7.865130 101.6550
3  1.793030  7.984470 103.0930
3  3.145700  7.675730 103.1820
3  3.797420  7.627830 101.6680
3  5.126820  6.950780 101.6890
3  5.563990  6.590690 103.1610
3 -7.719360  0.085180 104.5100
1 -2.286280  1.067300 104.4320
1  4.836260  1.602680 103.8660
1  4.628600  0.463085 104.6380
3  7.950130  1.065500 104.6260
3 -6.381880  2.437500 104.4310
3 -5.606470  3.665050 104.4230
1 -2.113190  2.247040 103.6970
1 -1.569110  3.414210 104.2730
1 -0.732905  4.071980 103.2640
1  4.539520  2.853820 104.4400
1  3.863780  3.657640 103.3740
3  7.534970  3.854900 104.6240
3 -3.943730  5.775580 104.5090
1  0.516851  4.651230 103.5960
1  0.928673  4.589250 105.0100
1  2.800420  4.480610 103.6730
1  2.394740  4.568630 105.0450
3  6.951370  5.141450 104.6370
3 -2.740190  6.540420 104.5140
3 -0.311943  7.728180 104.5810
3  1.099010  7.887070 104.5710
3  3.721200  7.588410 104.6270
3  5.041040  6.953010 104.6080
3 -7.431510  0.688008 105.9270
3 -6.709420  1.902970 105.9300
1 -1.868720  1.125220 105.8260
1 -0.228663  2.149090 107.3170
1  0.346915  0.862799 107.5460
1  2.635040  1.779040 107.3750
1  3.855960  1.643070 106.5740
1  4.136720  0.446007 105.9690
3  7.824870  1.754240 106.0050
1 -1.398710  2.280860 106.4220
1 -1.134940  3.405580 105.6000
1  0.134638  3.967380 105.9580
1  0.710254  3.203350 107.0440
1  2.940260  3.789570 106.0990
1  2.074920  3.108200 107.1220
1  4.005780  2.871250 105.7210
3  7.563650  3.160430 106.0480
3 -5.264710  4.151770 105.8780
3 -4.354960  5.274250 105.8600
3  6.703410  5.679600 106.0260
3 -2.129250  6.869800 106.0210
3 -0.859890  7.536410 106.0210
3  1.787620  7.971090 106.1020
3  3.212540  7.815840 106.0680
3  3.822320  7.696750 107.4340
3  5.585690  6.593890 106.0450
3  5.065520  6.937030 107.4570
3 -7.639830  0.132807 107.4350
1  1.794970  0.714153 107.6410
3  7.884510  1.150470 107.4550
3 -6.446110  2.443450 107.3530
3 -5.667000  3.688810 107.3880
3  7.481620  3.779490 107.4270
3 -3.804150  5.604590 107.3400
3  6.980810  5.172310 107.4350
3 -2.674020  6.515540 107.4320
3 -0.272972  7.634900 107.5340
3  1.164490  7.860550 107.5520