426

3 10.578200 -1.908580  93.4342
2  1.373650 -0.853008  92.4460
2 -0.985447 -1.502420  92.3448
3 10.550100 -0.492872  93.3724
2  0.411855 -1.866050  92.4411
2 -1.407490 -0.162565  92.2961
3 -2.868870 -6.925730  86.5329
3 -2.101000 -7.008300  87.6953
3 -0.779403 -7.417970  87.6731
3 -0.139655 -7.539410  86.4600
3  1.258000 -7.491830  86.4388
3  2.014670 -7.458350  87.5884
3  3.403980 -7.243230  87.5455
3  5.957010 -6.114000  87.4779
3 -5.526040 -4.711110  87.6318
3 -4.090900 -6.236310  86.5039
3 -4.602850 -5.705760  87.6616
3  7.187680 -5.440770  87.4077
3 -5.759910 -4.058290  86.3956
3 -6.122470 -2.730780  86.4380
2 -1.688820 -2.440610  86.6980
2 -1.230490 -3.463800  87.5438
2  1.110550 -3.135110  86.8112
2  0.176278 -3.819720  87.6047
2  2.406140 -2.747890  87.3486
3  9.535320 -3.962340  87.2391
3 10.184900 -2.694210  87.1498
3 -6.606530 -0.662971  87.5825
3 -6.435890 -2.034110  87.5655
2 -2.700620 -1.496120  87.1349
2 -2.370670 -0.193273  86.5952
2  2.725930 -1.436300  86.8125
2  3.366340 -0.483554  87.6280
3 -7.397380 -0.158658  93.5450
3 -2.687510 -6.615380  88.8862
3 -1.982800 -6.791800  90.0537
3 -0.017830 -7.453690  88.8176
3 -0.664805 -7.237500  90.0335
3  1.361840 -7.474860  88.7914
3  2.122380 -7.395300  89.9553
3  4.148790 -7.033180  88.7317
3  3.489230 -7.106910  89.9350
3  5.431600 -6.463210  88.7078
3  6.119050 -6.150670  89.8655
3 -5.532050 -4.531370  89.9975
3 -3.886360 -5.906080  88.8457
3 -4.411420 -5.340180  90.0093
3  7.345400 -5.441390  89.8404
3  7.845870 -5.039210  88.5737
3  9.068370 -4.335480  88.5268
3 -5.993470 -4.054520  88.7862
3 -6.564390 -2.774130  88.7317
2 -2.725720 -2.616260  89.3114
2 -1.758090 -3.531590  88.8837
2  0.502166 -4.112250  88.9824
2 -0.694781 -3.938460  89.7670
2  2.721750 -3.047180  88.6932
2  1.742740 -3.731810  89.5143
3  9.649780 -3.846430  89.7351
3 10.496100 -2.003800  88.3566
3 10.392500 -2.650880  89.6640
3 -7.183640 -0.771081  89.9041
3 -6.898450 -2.134920  89.9103
2 -3.216990 -1.582050  88.4353
2 -3.450250 -0.395699  89.2328
2  3.395450 -2.071260  89.5355
2  3.697890 -0.801235  89.0078
3 10.256300 -0.612347  88.3143
3 -2.619340 -6.352230  91.2071
3  0.051877 -7.169750  91.2149
3  1.426890 -7.329960  91.1582
3  4.163800 -6.844080  91.1274
3  5.489020 -6.359020  91.0871
3 -3.827260 -5.671850  91.2270
3  7.974680 -5.055230  91.0434
3  9.112380 -4.234480  90.9865
3 -6.789300 -2.846650  91.1129
3 -6.004400 -4.014610  91.1516
2 -2.654470 -2.076590  90.6440
2 -1.627620 -2.477460  91.5038
2 -0.633386 -3.428130  91.0672
2  0.639420 -3.050970  91.6376
2  1.801160 -3.182960  90.8507
2  2.812380 -2.150310  90.8695
3 -7.398830 -0.105278  91.1155
2 -3.094350 -0.704116  90.5982
2  2.569690 -0.999072  91.6455
3 10.556900 -0.558189  90.8231
3 10.624400 -1.967710  90.8791
3 -2.670970 -6.414840  93.5589
3 -1.957190 -6.555500  92.3963
3 -0.610399 -6.848130  92.3853
3  0.033569 -7.040070  93.5670
3  1.409350 -7.150620  93.5636
3  2.126120 -7.132950  92.3336
3  3.497170 -6.934800  92.3565
3  4.134140 -6.673040  93.5401
3  5.462990 -6.262150  93.5368
3  6.103440 -6.037270  92.2738
3 -5.559680 -4.535060  92.3399
3 -4.486900 -5.377850  92.3815
3 -3.957540 -5.892360  93.5503
3  7.386440 -5.418250  92.2604
3  7.907980 -4.976950  93.5146
3  8.993060 -4.083030  93.4806
3 -6.647730 -2.840260  93.4895
3 -6.031940 -4.058850  93.5271
3 -7.035040 -2.201280  92.3123
3  9.538070 -3.681160  92.2201
3 10.413600 -2.596360  92.1560
3 -7.359310 -0.839361  92.3229
3 -7.064900 -0.011211  88.7319
3 -2.029940 -6.747910  94.7515
3 -2.764490 -6.642260  95.9285
3 -0.671236 -7.024570  94.7434
3 -0.021489 -7.223350  95.9232
3  1.352060 -7.156500  95.9586
3  2.083050 -7.093360  94.7633
3  3.446030 -6.814190  94.7661
3  4.074380 -6.545410  95.9831
3  5.432280 -6.298390  95.9829
3  6.079810 -6.037630  94.7772
3 -5.644460 -4.705960  94.7054
3 -4.599630 -5.634080  94.7610
3 -4.001450 -6.035730  95.9111
3  7.317620 -5.374580  94.7620
3  7.903130 -5.022340  95.9925
3 -6.845790 -2.239540  94.7151
3 -6.833020 -2.992990  95.8885
3 -6.137140 -4.208000  95.9183
1 -0.020696 -3.244350  96.4341
3  9.447560 -3.598630  94.7271
3  8.983820 -4.111290  95.9917
3 10.257800 -2.459570  94.7167
3 -7.115860 -0.890330  94.6973
3 -7.033680 -0.271277  95.9097
1 -2.191600 -0.465642  95.7383
1 -1.725500 -1.796390  95.7048
1 -0.312047 -2.083330  95.6230
1  0.579730 -1.013900  95.6051
1  1.797440 -1.098440  96.3568
3 10.307700 -1.740810  95.9378
3 10.400800 -0.360261  95.8731
3 -2.146960 -6.973090  97.1285
3 -0.784673 -7.269950  97.0910
3  1.971060 -6.903290  97.1644
3  3.341540 -6.641870  97.1710
3  6.090610 -6.158210  97.2109
3 -5.689080 -4.728490  97.1442
3 -4.651500 -5.667530  97.0741
3  7.304260 -5.503930  97.2028
3 -7.176810 -2.353810  97.0761
3 -7.002940 -3.051330  98.2839
1 -3.323820 -2.368300  97.4647
1 -2.311270 -2.775070  96.5873
1 -1.260390 -3.666650  97.0348
1 -1.240570 -4.085040  98.3633
1  1.179220 -3.345290  97.1643
1  1.184150 -3.860590  98.5213
1  2.115410 -2.242490  97.1080
3  9.334730 -3.537730  97.2335
3 10.052100 -2.355910  97.1783
3 -7.225340 -0.946613  97.0948
3 -7.262450 -0.241516  98.2825
1 -3.836060 -1.018980  97.4809
1  2.701790 -2.079830  98.4203
3 -4.096030 -6.146190  98.2605
3 -2.877450 -6.819890  98.2885
3 -2.228090 -7.176440  99.4674
3 -0.883545 -7.430040  99.4976
3 -0.114577 -7.419880  98.3161
3  1.262440 -7.120970  98.3537
3  1.963330 -7.151450  99.5789
3  3.353990 -6.946020  99.5414
3  4.027850 -6.709170  98.3768
3  5.409860 -6.482340  98.4187
3 -5.632070 -4.708500  99.4871
3 -4.633060 -5.685450  99.4469
1 -0.029986 -4.241070  99.1167
3  6.095120 -6.399310  99.6629
3  7.262260 -5.624100  99.6215
3  7.848060 -5.124230  98.4396
3 -6.177070 -4.183150  98.3110
3 -7.188390 -2.357000  99.4792
1 -3.291610 -2.841050  98.8191
1 -2.279320 -3.685450  99.2522
1 -1.749350 -3.613470 100.5800
1 -0.335791 -3.952470 100.5040
1  2.145440 -3.100420  99.2931
3  8.843330 -4.104800  98.4304
3  9.066920 -3.438040  99.6453
3 -7.373030 -0.967211  99.4631
1 -4.126470 -0.678203  98.8581
1 -3.811710 -1.820640  99.6781
1  2.660600 -0.435797 100.2460
1  2.957380 -0.775714  98.8807
3  9.749080 -2.213130  99.6239
3 10.143600 -1.615660  98.3729
3 -2.944150 -6.924330 100.6360
3 -2.334780 -7.223270 101.8640
3 -0.962394 -7.416170 101.8850
3 -0.229060 -7.354470 100.6940
3  1.183070 -7.327570 100.7450
3  1.870140 -7.466740 101.9390
3  3.243890 -7.254330 101.9560
3  4.015210 -6.988360 100.7810
3  5.394550 -6.722710 100.8220
3 -5.542260 -4.622510 101.8530
3 -4.057410 -6.086140 100.6390
3 -4.577280 -5.626650 101.8220
3  7.743250 -5.122020 100.8400
3 -7.011880 -2.330340 101.8480
3 -6.801140 -2.987140 100.6610
3 -6.040810 -4.142160 100.6580
1 -2.243660 -2.601840 101.4160
1  0.597485 -3.214170 101.2540
1  1.835200 -2.768710 100.6270
3  8.635370 -4.008460 100.8200
3 -7.297340 -0.282028 100.6400
3 -7.342000 -0.985892 101.8080
1 -3.309990 -1.705420 100.9820
1 -3.001290 -0.372935 101.4630
1  1.030440 -1.029630 101.9540
1  2.093420 -1.416530 101.0730
3  9.880160 -1.461520 100.8320
1 -3.271530 -0.066545  96.6172
3 10.310400 -0.220858  98.2954
3 10.165400 -0.097894 100.7890
3  0.545995  6.373940  93.2714
3 -6.854490  1.416700  86.4015
3 -6.495370  0.076586  86.3994
2 -2.572430  0.959524  87.3848
2 -0.423071  1.864680  86.6214
2  1.851990  1.295350  86.7443
2  2.897550  0.889437  87.5908
3  9.379220  1.279630  87.1329
3 -7.148350  2.098580  87.5802
3 -7.285150  3.490480  87.6013
2 -1.588510  2.018090  87.3990
2  0.847860  2.231930  87.1962
3  7.429020  3.183880  87.2463
3  6.165610  3.750010  87.2580
3 -7.122660  4.188970  86.3942
3 -5.958540  5.981060  87.5159
3 -0.463950  6.070710  87.4127
3  2.247190  5.275960  87.3279
3  3.516160  4.743530  87.2732
3 -4.642500  6.496560  87.4963
3 -1.805510  6.379890  87.4329
3  9.978420  0.001633  87.0828
3 -7.236000  1.371710  88.7398
2 -3.152300  0.873691  88.7114
2 -2.521790  1.875240  89.5624
2  2.937550  1.403940  88.9380
2  3.417320  0.370234  89.8111
3  9.006480  1.784130  88.4005
3  9.436680  1.215590  89.5888
3 10.229200  0.059402  89.5504
3 -7.225320  2.059830  89.9673
3 -7.098060  3.428210  89.9963
2 -1.556740  2.581880  88.7415
2  0.859564  2.631720  88.5261
2 -0.310946  2.890360  89.3075
2  1.911330  2.227960  89.3907
3  5.477310  3.947370  88.4418
3  7.244610  2.866060  89.6334
3  6.046330  3.502420  89.6179
3  7.957930  2.709920  88.4280
3 -7.040400  4.171850  88.8228
3 -6.390680  5.444440  88.7497
3 -5.700770  5.852120  89.9079
3 -0.277082  6.616090  89.7018
3  0.320701  6.109890  88.5681
3  2.341010  5.462250  89.6761
3  1.610150  5.620440  88.5221
3  3.587090  4.811610  89.6292
3  4.219540  4.520680  88.4480
3 -4.429010  6.422560  89.8594
3 -3.854530  6.736660  88.6497
3 -2.429380  6.796190  88.6025
3 -1.644030  6.874690  89.7260
3 -7.352890  1.299680  91.1286
2 -2.171370  1.571320  90.9041
2 -2.477290  0.252081  91.4154
2 -0.907054  1.984780  91.5100
2  2.900670  0.300292  91.1152
2  1.910500  1.251220  91.6050
3  8.882270  1.539190  90.8246
3  9.430110  1.133010  92.0591
2  0.028525  2.650400  90.6969
2  1.421740  2.234240  90.7354
3  6.100660  3.531580  92.0376
3  5.420920  3.754200  90.8309
3  7.287170  2.817350  92.0470
3  7.803300  2.392270  90.8271
3 -6.729950  4.026990  91.1790
3 -6.033060  5.199540  91.1273
3  0.546913  6.596570  90.8503
3  1.815410  5.964630  90.8729
3  4.221100  4.458320  90.8405
3  3.733430  4.979490  92.0218
3 -3.633770  6.675250  91.0015
3 -2.276820  6.969120  90.9333
3 -7.357690  1.238570  93.5542
3 -7.297730  1.980700  92.3697
2 -0.421365  0.892207  92.3446
2  0.946330  0.530869  92.4049
3 10.330400  0.078850  92.0696
3 -6.861830  3.312190  92.3698
3 -6.425280  3.891660  93.5358
3  7.995990  2.656210  93.2263
3  9.080380  1.773460  93.2501
3 -5.761270  5.121360  93.5253
3 -5.405820  5.662100  92.2888
3  2.503520  5.653150  92.0529
3  1.882620  5.914670  93.2747
3  4.355230  4.667790  93.2259
3  5.626960  4.048580  93.2271
3 -4.184830  6.347220  92.2116
3 -3.503880  6.679250  93.3697
3 -1.493270  7.051010  92.0858
3 -2.135290  6.987020  93.3446
3 -0.094412  6.739690  92.0844
3 -6.873820  1.096460  95.9168
3 -6.944160  1.837820  94.7436
1 -1.245500  0.627756  95.6845
1  0.124224  0.352297  95.6218
1  1.082820  1.132640  96.3663
3 10.338400  0.237917  94.6067
3  9.708670  1.490320  94.4940
3 -6.565100  3.163600  94.7183
3 -6.111100  3.735590  95.8826
3  7.584580  3.253360  94.4106
3  9.345250  2.171390  95.6837
3  8.298720  3.103470  95.6419
3 -5.494050  5.000690  95.8709
3 -5.192910  5.620990  94.6751
3  1.882470  5.859910  95.7087
3  2.492860  5.575040  94.4663
3  3.791040  5.047490  94.4570
3  4.574640  4.971920  95.6379
3  5.845800  4.398370  95.6363
3  6.368600  3.938660  94.4290
3 -4.077840  6.469290  94.6153
3 -3.446070  6.822180  95.8169
3 -2.074410  7.068240  95.7891
3 -1.447070  6.929220  94.5506
3 -0.094387  6.576830  94.5282
3  0.577032  6.396540  95.7382
3 -6.678340  1.764660  97.0866
3 -6.960210  1.118160  98.2657
1 -1.722590  1.698370  96.5310
1 -3.245840  1.579570  98.4544
1 -2.978260  1.264910  97.1127
1  2.121740  0.229542  96.8103
1  2.698290  0.393172  98.0697
3 10.239000  0.396506  97.0390
3  9.757170  1.706490  96.9687
3 -6.250190  3.079720  97.0737
3 -6.104160  3.781280  98.2551
1 -0.789843  2.448290  97.2783
1  0.633656  2.186110  97.1803
3  7.860870  3.684080  96.8529
3  8.567130  3.526960  98.0783
3  9.496220  2.450720  98.1314
3 -5.065860  5.575670  97.0734
3 -5.585510  5.068790  98.2407
3  0.684591  6.424160  98.1563
3  2.037310  6.015350  98.1299
3  2.641590  5.783800  96.8848
3  3.987180  5.389970  96.8455
3  4.746500  5.245410  98.0522
3  6.093120  4.860840  98.0652
3  6.599520  4.303350  96.8522
3 -4.048290  6.514770  97.0530
3 -1.389070  7.028200  97.0233
3 -2.077500  6.973420  98.2527
3 -0.021460  6.622570  96.9740
3 -6.814030  1.821520  99.4531
1 -3.847400  0.606170  99.3383
1  2.229740  1.462120  98.9241
1  2.226190  0.947163 100.2740
3 10.234100  0.554546  99.4964
3 -6.430310  3.140590  99.4242
1 -2.280490  2.332940  99.2177
1 -1.082380  2.795620  98.6508
1  0.157879  2.743740  99.4017
1  1.225040  2.360790  98.4950
3  9.811050  1.920290  99.4080
3 -5.246360  5.641880  99.4386
3 -4.165100  6.529540  99.4504
3 -1.340680  6.737260  99.3960
3  0.007296  6.373610  99.3766
3  2.708120  5.641670  99.3315
3  4.088320  5.370020  99.2534
3  6.866480  4.770860  99.2597
3  6.192270  4.992670 100.4730
3  8.111030  4.142080  99.2775
3 -3.459380  6.834840  98.2641
3 -7.040770  1.078310 100.6150
3 -7.095860  1.784380 101.8190
1 -3.256380  0.753265 100.6510
1 -2.291920  1.829160 100.5660
1 -1.093210  1.759890 101.2800
1  0.581926  0.290554 101.9320
1  1.191710  1.316770 101.1370
3 -6.733990  3.129060 101.7910
3 -6.344530  3.791310 100.6210
1  0.150720  2.228830 100.7100
3  9.558560  2.634510 100.6020
3  9.822030  2.096080 101.9080
3 -5.777650  5.076450 100.6070
3 -5.358670  5.580760 101.8220
3 -4.177960  6.328240 101.8400
3 -3.469140  6.656940 100.6450
3 -2.065430  6.581280 100.5790
3 -1.392340  6.156360 101.7220
3 -0.059396  5.749810 101.6640
3  0.617674  5.808800 100.4750
3  2.721720  5.478730 101.6870
3  1.981010  5.525410 100.5100
3  4.120200  5.399630 101.6860
3  4.805040  5.207630 100.4780
3  6.880040  4.897340 101.6980
3  8.154610  4.310530 101.7210
3  8.672040  3.774310 100.5250