291

2 -2.005980 -3.273680 15.1680
2 -0.638009 -3.078080 15.4736
2 -3.736290 -1.582100 14.9456
2  1.658630 -1.566150 15.2002
3 -4.995140 -6.633810 17.2040
3 -3.798870 -7.450480 17.2320
3 -3.228470 -7.670340 15.7977
3 -1.779460 -7.819620 15.7937
3 -1.155840 -7.920390 17.2163
3  0.237172 -7.594550 17.2207
3  0.835139 -7.508510 15.7694
3  2.203670 -6.959620 15.7423
3  2.725650 -6.600790 17.1937
3 -5.446740 -6.281920 15.7965
3 -6.405950 -5.219390 15.7593
3 -6.750380 -4.692040 17.2488
3  4.389020 -5.398620 15.7153
3  3.978620 -5.904180 17.1850
3 -7.695170 -2.920230 15.8286
3 -7.471390 -3.461180 17.2818
2 -2.740760 -2.190750 15.7443
3  5.483230 -4.487420 15.7375
3  5.732150 -3.865260 17.2708
3  6.515720 -2.659230 17.2631
3 -8.164930 -1.565680 15.8472
3 -8.214250 -0.943011 17.2889
2 -1.793870 -1.323440 16.4276
2 -1.914730  0.076933 16.3361
2 -0.493703 -1.929260 16.2895
2  0.568858 -1.090190 16.0074
3  6.759450 -2.152830 15.7460
3  7.334070 -0.868488 15.6848
3  7.559780 -0.256274 17.1635
3 -3.172910 -7.581490 18.6188
3 -1.744240 -7.836030 18.6757
3  0.882422 -7.536170 18.6675
3  2.190920 -6.918690 18.6536
3 -5.439280 -6.301600 18.6717
3 -6.366650 -5.180920 18.6300
3  4.410450 -5.440140 18.6659
3 -7.743700 -2.957810 18.7120
3  5.413790 -4.347480 18.6701
3 -8.047640 -1.530400 18.7320
3  6.800550 -2.137730 18.6706
3  7.391140 -0.786483 18.6660
3 -5.043140 -6.686670 20.0531
3 -3.843860 -7.469570 20.0638
3 -3.206250 -7.671990 21.5500
3 -1.781460 -7.756660 21.5474
3 -1.133580 -7.720560 20.1206
3  0.276667 -7.614920 20.1161
3  0.818952 -7.421800 21.5366
3  2.121710 -6.777050 21.5518
3  2.631540 -6.452680 20.0860
3 -5.554580 -6.410210 21.5108
3 -6.783510 -4.743140 20.1420
3 -6.519580 -5.345650 21.5272
3  3.901030 -5.838000 20.0899
3  4.347340 -5.293570 21.6263
3 -7.461850 -3.538940 20.1329
3 -7.657890 -2.941470 21.5489
1 -2.146130 -2.603380 21.2462
1 -0.912445 -3.186990 21.5701
1  0.311173 -2.446050 21.4696
3  5.267090 -4.207150 21.5784
3  6.455240 -2.667210 20.0819
3  5.603210 -3.757240 20.0630
3 -8.051550 -1.548860 21.5364
3 -8.216590 -0.951583 20.1739
1 -3.283530 -0.559928 21.2653
1 -2.136000 -1.297230 20.7342
1 -0.933474 -0.542239 20.4839
1  0.390501 -1.233250 20.7723
3  6.808370 -2.139080 21.5838
3  7.404180 -0.828214 21.5613
3  7.512570 -0.246730 20.1562
3 -5.073860 -6.713560 22.9127
3 -3.869360 -7.494560 22.9122
3 -1.157890 -7.799280 22.9890
3  0.221568 -7.620860 22.9733
3  2.670220 -6.548980 23.0376
3 -6.828160 -4.825180 22.9850
3  3.865470 -5.720940 23.1354
3 -7.390480 -3.484390 22.9900
1 -1.902490 -4.212590 23.5828
1 -3.210000 -3.547080 23.2381
1 -3.294620 -2.748090 22.1014
1 -0.790924 -4.042410 22.7159
1  0.477331 -3.780680 23.3187
1  1.191440 -2.875490 22.4717
3  5.629770 -3.708560 23.0508
3  6.530870 -2.617080 23.0156
3 -8.128850 -0.926764 23.0498
1 -4.516420 -1.048960 23.3284
1 -4.014960 -1.509150 22.0981
1  1.311250 -0.232888 21.3953
1  2.094430 -0.613889 22.4454
1  2.166280 -2.003510 22.9962
3  7.691830 -0.259651 23.0422
3 -3.297560 -7.664630 24.3901
3 -3.865720 -7.556190 25.8271
3 -1.857950 -7.789180 24.4189
3 -1.257600 -7.890150 25.8311
3  0.815251 -7.440810 24.4417
3  0.186868 -7.631110 25.8651
3  2.086350 -6.808550 24.4263
3 -5.592660 -6.482050 24.4798
3 -6.497470 -5.349900 24.4879
3 -6.817530 -4.816130 25.9343
3  4.285070 -5.291820 24.4828
3  5.201890 -4.195460 24.4569
3 -7.471590 -2.948690 24.4449
1 -3.716040 -3.031620 24.4880
1 -2.804790 -3.422400 25.5602
1 -1.721240 -4.168010 25.0054
1  0.707722 -3.884890 24.6450
1 -0.418572 -4.033700 25.5324
1  1.633690 -2.890920 25.2023
3  5.561010 -3.754320 25.8790
3  6.435750 -2.610090 25.9174
3 -7.976300 -1.543980 24.4918
1 -4.442810 -1.842920 24.5667
1 -4.271450 -0.922970 25.7070
1  2.379540 -0.435720 24.7725
1  2.324430 -1.874020 24.4321
3  6.913780 -2.174220 24.4995
3  7.643330 -0.865282 24.5024
3  7.760830 -0.276637 25.9108
3 -5.143380 -6.890920 25.8582
3 -5.653190 -6.500100 27.3014
3 -3.268270 -7.813120 27.3822
3 -1.835060 -7.917670 27.3385
3  0.726477 -7.491010 27.3291
3  2.690000 -6.598860 25.8684
3  2.059990 -6.883600 27.3611
3 -6.532020 -5.387330 27.3315
3  3.732440 -5.607350 25.9418
3  4.154210 -5.257720 27.3555
3  5.127520 -4.194320 27.3861
3 -7.291910 -3.471130 25.9562
3 -7.520650 -2.940120 27.3694
1 -2.693280 -2.624650 26.7127
1 -1.345640 -2.416710 27.3011
1 -0.269062 -3.007500 26.5919
1  0.932248 -2.343870 26.3824
3 -7.931000 -0.964101 25.9223
3 -7.975200 -1.571220 27.3584
1 -3.366420 -1.342350 26.6793
1 -2.504500 -0.364232 27.2800
1 -1.271670 -0.974029 27.6411
1 -0.017976 -0.270502 27.4692
1  1.077400 -1.006480 26.7971
3  6.901320 -2.198040 27.3157
3  7.452870 -0.843817 27.3227
2 -2.468500  1.863000 14.9126
2 -1.106830  2.030210 15.3624
2  1.503450  0.795563 15.0874
3 -8.112060  1.057660 15.8547
3 -8.142520  0.482946 17.2054
2 -2.921940  0.633879 15.5370
2 -0.748837  0.896169 16.2564
2  0.574186  0.391613 16.0988
3  7.875360  1.806490 15.7324
3  7.923660  1.200630 17.2352
3 -7.500150  2.361700 15.8103
3 -7.187710  2.927220 17.3355
3 -6.138700  3.931500 17.2815
3  7.747510  3.216120 15.7907
3  7.597400  3.772500 17.2745
3 -5.607000  4.277240 15.7193
3 -4.457270  5.117820 15.7343
3 -4.000610  5.560320 17.1760
3  6.625150  5.635320 15.7259
3  6.987540  5.118660 17.2239
3 -2.779670  6.354610 17.1180
3 -2.261030  6.705020 15.7251
3 -0.856739  7.142930 15.7446
3 -0.367253  7.506730 17.2382
3  1.101880  7.713800 17.2172
3  1.700940  7.723000 15.7259
3  3.153330  7.750290 15.7329
3  3.705020  7.406840 17.1592
3  5.038650  6.872010 17.1862
3  5.506230  6.582240 15.7331
3 -8.047570  1.076050 18.7557
3  7.890820  1.725070 18.7759
3 -7.519720  2.417740 18.7888
3  7.686550  3.154690 18.7417
3 -5.561960  4.289280 18.6942
3 -4.433250  5.171660 18.6419
3  6.706980  5.619820 18.6951
3 -2.326580  6.728720 18.6846
3 -0.953143  7.247350 18.6829
3  1.715990  7.673540 18.6007
3  3.126100  7.552310 18.6405
3  5.544580  6.481340 18.6834
3 -8.043330  1.090970 21.6565
3 -8.232030  0.506737 20.1773
1 -1.889660  1.528770 21.3893
1 -3.100240  0.731974 21.6366
1 -0.730951  0.853923 20.9319
1  0.556284  1.031700 21.4698
3  7.731850  1.196590 20.2159
3  7.763440  1.790570 21.5986
3 -7.417430  2.409130 21.6334
3 -7.160440  2.973380 20.2376
3 -6.121090  3.924820 20.1763
3  7.615870  3.767210 20.1050
3  7.842890  3.219080 21.5942
3 -5.603880  4.377450 21.5735
3 -4.084820  5.649480 20.0744
3 -4.518160  5.256630 21.5463
3  6.735340  5.607410 21.5102
3  7.016230  5.083060 20.1254
3 -2.820540  6.374950 20.1254
3 -2.337560  6.796950 21.5408
3 -0.971804  7.291610 21.5387
3 -0.333147  7.388770 20.0695
3  1.075560  7.564610 20.0760
3  1.697030  7.535390 21.5883
3  5.065460  6.792150 20.1080
3  3.151200  7.426670 21.5885
3  3.718400  7.281070 20.1093
3  5.574940  6.495430 21.5561
3 -8.089210  0.472090 23.0481
1 -3.697230  1.169480 22.8630
1 -4.436500  0.313744 23.6813
1  0.712430  1.932620 22.5595
3  7.864290  1.176580 23.0134
3 -7.007030  2.830110 23.0326
3 -6.008190  3.862470 23.0235
1 -1.760700  2.448430 22.4883
1 -2.874710  2.234010 23.3765
1 -0.478981  2.635640 23.1196
3  7.690470  3.813450 23.0881
3 -3.911600  5.569570 23.0257
3  7.185490  5.152810 23.0293
3 -2.839830  6.496770 23.0155
3 -0.318669  7.397400 22.9798
3  1.101960  7.575030 22.9952
3  3.741980  7.245840 23.0240
3  5.102660  6.849020 23.0109
3 -7.981650  1.082040 24.4644
1 -3.362060  1.347630 25.6435
1 -4.252180  0.399631 25.1462
1  0.922394  2.027290 24.8828
1  1.528140  1.552260 23.6572
1  2.215010  0.309234 23.5620
3  7.830820  1.835340 24.4924
3  7.844290  1.172970 25.9047
3 -7.418810  2.414790 24.4656
1 -2.708490  2.270590 24.7768
1 -1.407220  2.514430 25.3873
1 -0.281161  2.720220 24.5427
3  7.895860  3.245710 24.4725
3 -5.560720  4.270960 24.4660
3 -4.444610  5.155100 24.4366
3  6.757750  5.702020 24.4739
3 -2.333320  6.806540 24.4484
3 -0.950154  7.274830 24.4093
3  1.685680  7.429070 24.4607
3  3.142610  7.286040 24.4651
3  5.673990  6.590730 24.4622
3 -8.059570  0.467316 25.9352
3 -8.016540  1.071370 27.3454
1 -2.491700  0.974244 26.7686
1 -1.249150  1.686140 26.5509
1 -0.016008  1.149770 27.0197
1  1.070910  1.235820 26.0329
1  1.774940 -0.053287 25.9575
3  7.893940  1.774400 27.3931
3 -7.461070  2.401690 27.4026
3 -7.010070  2.835990 25.9688
3 -6.015210  3.892370 25.9500
3  7.738280  3.845160 25.8932
3  7.832640  3.216060 27.3908
3 -5.587980  4.297360 27.3838
3 -3.939410  5.565170 25.8659
3 -4.477910  5.206210 27.4012
3 -2.854350  6.471620 25.8868
3  7.091020  5.155570 25.9527
3  6.730070  5.597060 27.4333
3  5.656970  6.580200 27.4039
3 -2.336520  6.876070 27.2933
3 -0.994355  7.364830 27.2391
3 -0.376548  7.347850 25.8616
3  1.084250  7.305400 25.9257
3  1.693680  7.418170 27.4181
3  3.665310  7.168960 25.9233
3  3.087390  7.248410 27.3762
3  5.101710  6.896590 25.9609