283

3 -5.150230 -6.930330 28.7560
3 -3.844870 -7.493420 28.7421
3 -1.203890 -7.876420 28.7404
3  0.222664 -7.689010 28.7274
3 -6.770740 -4.834670 28.8143
3  2.583330 -6.490920 28.7676
3  3.750260 -5.680960 28.7430
3 -7.271360 -3.491490 28.8011
3  5.611740 -3.765960 28.8013
3  6.590530 -2.700160 28.7832
3 -8.128950 -0.976307 28.8140
3  7.735660 -0.280872 28.8451
3 -5.079660 -6.928420 31.6498
3 -3.828960 -7.628520 31.6376
3 -3.259900 -7.764200 30.2041
3 -1.774700 -7.784130 30.1645
3 -1.182630 -7.834220 31.7047
3  0.272543 -7.642320 31.7206
3  0.851876 -7.492590 30.2234
3  2.145010 -6.865470 30.2074
3  2.688280 -6.579000 31.7452
3 -6.840420 -4.932420 31.6357
3 -5.596680 -6.536370 30.2162
3 -6.492500 -5.411550 30.2349
3  4.272720 -5.259190 30.2095
3  3.771280 -5.620240 31.7153
3  5.292230 -4.240900 30.2090
3 -7.571950 -2.933880 30.2540
3 -7.398730 -3.589640 31.6683
2 -1.856870 -3.170750 32.0213
3  5.712380 -3.810190 31.7269
3  6.664770 -2.741350 31.7552
3  6.971050 -2.199930 30.2038
3 -7.896970 -1.563720 30.2795
3 -8.159530 -1.060780 31.7015
2 -3.417760 -0.706702 31.8840
2 -2.086030 -0.785028 31.3548
2 -1.351460 -1.999760 31.3154
2 -0.014181 -1.677060 31.5393
2  0.139596 -0.249798 31.7297
3  7.529950 -0.834767 30.2397
3  7.757000 -0.343442 31.7433
3 -5.553090 -6.517830 33.0856
3 -3.193090 -7.729550 33.1683
3 -1.784610 -7.834990 33.1675
3  0.830568 -7.478700 33.1654
3  2.170340 -6.921370 33.1671
3 -6.556410 -5.418380 33.0601
2 -1.835300 -4.383950 33.9976
3  4.255830 -5.296410 33.1534
3 -7.760170 -3.141020 33.1214
2 -3.221830 -3.111160 32.6191
2 -3.116740 -3.833950 33.8829
2 -1.058530 -3.986980 32.8639
2  0.307161 -3.656040 33.0447
2  0.846170 -2.452610 32.4085
3  5.302580 -4.331220 33.1619
3  6.898970 -2.199970 33.1597
3 -8.086330 -1.731770 33.1925
2 -3.980550 -1.917080 32.5867
2 -4.667800 -1.469970 33.7793
2 -4.567930 -0.005174 33.8362
2  1.759350 -1.875660 33.3563
2  1.883840 -0.478567 33.5062
3  7.553190 -0.894097 33.1487
3 -5.644410 -6.509710 36.0517
3 -5.082940 -6.892760 34.6132
3 -3.762980 -7.421960 34.5733
3 -3.197060 -7.567920 36.0839
3 -1.814420 -7.941030 36.0586
3 -1.140290 -7.958210 34.5660
3  0.246981 -7.601500 34.6051
3  0.793200 -7.370050 36.0132
3  2.101040 -6.896710 36.0202
3  2.663690 -6.603740 34.5582
3 -6.919760 -4.941420 34.5936
3 -6.634060 -5.489600 36.0302
2 -1.312050 -4.495950 35.2882
3  3.799300 -5.737190 34.5936
3  4.311080 -5.303520 35.9888
3 -7.606360 -3.710810 34.5687
3 -7.858480 -3.147210 36.0289
2 -3.874540 -3.470720 34.9961
2 -4.659430 -2.270180 34.9516
2 -3.425200 -3.585950 36.3730
2 -2.029890 -4.101430 36.4686
2  0.083803 -4.141620 35.4651
2  0.781552 -3.686160 34.4005
2  1.804480 -2.650810 34.5882
3  5.408680 -4.391680 35.9885
3  6.650070 -2.742790 34.6473
3  5.792330 -3.916370 34.6312
3  6.996340 -2.237020 36.0259
3 -8.104440 -1.097820 34.5779
3 -8.102520 -1.733090 36.0263
2 -4.625740 -1.590360 36.2681
2 -4.372190 -0.213095 36.2875
2  1.895550 -2.054040 35.8414
2  1.936600 -0.623597 35.9485
3  7.772360 -0.327903 34.6349
3  7.565580 -0.930334 36.0553
3 -5.066380 -6.786870 37.5283
3 -3.752720 -7.338550 37.5181
3 -1.168840 -7.918440 37.4430
3  0.244494 -7.723030 37.4180
3  2.722530 -6.570090 37.4574
3 -6.999600 -4.975040 37.4811
3  3.870340 -5.699760 37.4693
3 -7.663890 -3.719410 37.4395
2 -3.815300 -2.456920 37.1235
2 -1.475060 -2.341640 38.1205
2 -1.063870 -3.494270 37.3951
2  0.265796 -3.582450 36.7924
2  1.116410 -2.505230 36.9692
3  5.754700 -3.860420 37.4015
3  6.667520 -2.756420 37.4111
3 -8.174740 -1.114350 37.4867
2 -2.915470 -1.900990 38.0318
2 -2.781440 -0.433799 38.1261
2 -1.373390 -0.037663 38.2371
2 -0.619201 -1.240840 38.2721
2  0.722197 -1.321410 37.7331
2  1.273110 -0.185767 37.0991
3  7.757970 -0.334615 37.4806
3 -5.722110 -6.561880 39.0156
3 -5.104920 -6.852520 40.4114
3 -3.115650 -7.464770 38.9301
3 -3.727400 -7.251600 40.4236
3 -1.784160 -7.892380 38.9583
3 -1.161430 -7.917520 40.3928
3  0.835613 -7.411740 38.9070
3  0.313140 -7.672380 40.4366
3  2.136870 -6.829680 38.9038
3  2.687420 -6.470800 40.4162
3 -7.001220 -4.979440 40.3885
3 -6.639490 -5.460070 39.0066
3  4.364840 -5.360330 38.9302
3  3.887460 -5.746310 40.3360
3 -7.868850 -3.129570 38.8960
3 -7.691100 -3.748040 40.4041
3  5.447680 -4.412080 38.9439
3  6.822170 -2.834210 40.3693
3  7.121010 -2.262560 38.9147
3  5.921610 -3.939270 40.3507
3 -8.032890 -1.701480 38.9202
3 -8.037280 -1.113490 40.3873
3  7.653360 -0.904082 38.9114
3  7.938190 -0.352214 40.3523
1  0.797146 -0.413556 41.1760
1  2.184280 -0.571613 41.5531
3 -8.162210  0.459340 28.8067
3  7.986560  1.177580 28.8431
3 -7.004600  2.773970 28.8148
3 -5.988790  3.774630 28.8219
3  7.734680  3.827570 28.8740
3 -4.117890  5.721530 28.8015
3 -2.875730  6.509040 28.7981
3  7.011830  5.056370 28.8498
3 -0.372073  7.459620 28.8365
3  1.061350  7.503050 28.7937
3  3.706350  7.377560 28.8713
3  5.007080  6.769790 28.9018
3 -7.998900  1.018220 30.2778
3 -8.093900  0.369254 31.7445
2 -1.180170  0.270657 31.6411
3  8.111500  1.752650 30.2607
3  8.009080  1.112640 31.7191
3 -7.318200  2.266240 30.2764
3 -6.880940  2.784840 31.6978
3 -5.943210  3.869090 31.7076
3  7.931740  3.226300 30.3025
3  7.651470  3.723060 31.7379
3 -5.547340  4.351430 30.2914
3 -4.501000  5.290340 30.2510
3 -4.084620  5.734510 31.7128
3 -2.792560  6.455950 31.7549
3  6.627370  5.561910 30.3096
3  6.970180  4.977110 31.7011
3  5.537070  6.425990 30.3301
3 -2.305890  6.736320 30.2244
3 -0.995915  7.308010 30.2860
3 -0.385594  7.479070 31.7204
3  1.033910  7.561790 31.6732
3  1.626330  7.596720 30.2660
3  3.092160  7.466440 30.3188
3  3.673540  7.194230 31.8008
3  5.023880  6.687140 31.7940
3 -7.856390  0.920977 33.1574
2 -3.813500  0.473472 32.7169
2 -2.875130  1.547400 32.8941
2 -1.544130  1.428010 32.3152
2 -2.742190  2.197020 34.1682
2 -0.609381  2.079660 33.2352
2  0.672639  1.510830 33.3307
2  1.058980  0.318973 32.6064
3  8.118430  1.715500 33.1970
3 -7.313930  2.281420 33.1472
3  7.973590  3.151730 33.1636
3 -5.672720  4.355100 33.1482
3 -4.574710  5.285610 33.1534
3  6.590390  5.429380 33.1775
3 -2.325580  6.717420 33.1804
3 -0.988626  7.261770 33.2063
3  1.587900  7.571680 33.1791
3  3.070220  7.373330 33.2747
3  5.506590  6.347780 33.1704
3 -7.982630  0.308906 34.6369
3 -7.791340  0.931880 36.0213
2 -3.524930  1.688820 35.2733
2 -2.910720  1.514740 36.6221
2 -4.482880  0.606426 35.0892
2  0.557943  1.870150 35.8536
2  1.286350  1.407870 34.6714
2  1.991800  0.116843 34.7753
3  8.030950  1.115770 34.6683
3  8.060190  1.706710 36.0588
3 -7.254740  2.282440 36.0140
3 -6.891480  2.731980 34.6573
3 -6.152700  3.971830 34.6029
2 -1.366010  2.445620 34.3954
2 -0.767114  2.409990 35.6795
3  7.702000  3.812060 34.6535
3  7.815090  3.127320 36.0250
3 -5.758250  4.447810 36.0265
3 -4.127510  5.703420 34.5998
3 -4.657120  5.388580 36.0021
3  6.937840  4.976310 34.5696
3  6.552380  5.387840 36.0454
3 -2.832130  6.319610 34.6321
3 -2.357110  6.640510 36.1340
3 -1.024200  7.198570 36.1863
3 -0.446353  7.472730 34.6858
3  0.997533  7.580490 34.6265
3  1.639710  7.611710 36.1641
3  3.053320  7.504150 36.1231
3  3.629870  7.254700 34.6608
3  5.472660  6.351440 36.1187
3  4.951860  6.744920 34.6526
3 -8.060960  0.330081 37.4527
2 -3.507270  0.374694 37.2726
2 -1.618750  1.940770 36.7679
2 -0.793576  1.044920 37.5685
2  0.570360  1.051490 37.0754
3  8.106220  1.080210 37.4913
3 -6.990120  2.775580 37.5444
3 -6.159650  3.957520 37.5399
3  7.776260  3.717690 37.4774
3 -4.160080  5.688890 37.5102
3 -2.900360  6.358290 37.5786
3  6.999040  4.919880 37.4846
3 -0.434518  7.388890 37.5378
3  1.000150  7.427120 37.5878
3  3.560820  7.228870 37.5840
3  4.913350  6.653020 37.6132
3 -7.890850  0.894056 38.9565
3 -8.017520  0.273691 40.4123
3  8.079460  1.678930 38.9626
3  8.116210  1.072320 40.3480
3 -7.255230  2.168450 38.9556
3 -6.990750  2.683610 40.4157
3 -5.782670  4.437320 38.9699
3 -6.217050  3.989850 40.4272
3  7.861800  3.086490 38.9949
3  7.585940  3.689790 40.5002
3 -4.722300  5.420340 39.0069
3 -4.246290  5.817470 40.4270
3 -2.967760  6.422340 40.5122
3  6.456980  5.387800 39.0080
3  6.843670  4.930900 40.4830
3 -2.419770  6.665250 39.0231
3 -1.084450  7.219540 38.9858
3 -0.462114  7.328400 40.5493
3  1.570900  7.512960 39.1021
3  0.937271  7.499000 40.5904
3  3.032680  7.506930 39.0896
3  3.566820  7.433510 40.4636
3  5.428750  6.353830 38.9441
3  4.867170  6.711140 40.4346
1 -1.000780  1.289090 41.6248
1  0.300629  0.962735 41.0376
1  3.084220  0.478347 41.6922
1  2.572920  1.827890 41.5582
1  1.212030  2.080170 41.2549