259

3 -3.919580 -6.703510 -15.75970
3 -1.379000 -7.293970 -15.79070
3  0.079408 -7.238550 -15.82950
3  2.589930 -6.476990 -15.81280
3 -7.267220 -4.571200 -15.88120
3 -5.275460 -6.240270 -15.80180
3  3.797140 -5.673740 -15.80310
3  6.027910 -4.199750 -15.73580
3 -7.982490 -3.323510 -15.86130
3  7.055000 -3.155390 -15.81170
3 -8.595150 -0.767144 -15.82170
3  8.308320 -0.786156 -15.84080
3 -3.348290 -6.854710 -14.27440
3 -1.925290 -7.131450 -14.28910
3  0.673567 -7.113780 -14.29880
3  2.033510 -6.693910 -14.27820
3 -6.991350 -5.017560 -14.27240
3 -5.905500 -5.978200 -14.28860
3  4.226640 -5.316280 -14.19660
3  5.425700 -4.459660 -14.21160
3 -8.157430 -2.758640 -14.23510
3  7.387790 -2.611000 -14.23370
3 -8.462080 -1.317870 -14.26940
3  8.181930 -1.327030 -14.23560
3 -3.950930 -6.842210 -12.73720
3 -1.380040 -7.327400 -12.70390
3  0.053897 -7.216870 -12.69670
3  2.501570 -6.428560 -12.67310
3 -7.362150 -4.625120 -12.66790
3 -5.307960 -6.234710 -12.69400
3  3.689860 -5.591910 -12.65140
3 -7.987080 -3.305250 -12.65800
3  5.990630 -4.072240 -12.68040
3  6.976850 -3.093750 -12.66010
3 -8.466580 -0.735466 -12.65720
3  8.346250 -0.783446 -12.63080
3 -4.013930 -6.938170  -9.51454
3 -3.440350 -7.008340 -11.12890
3 -1.947840 -7.258600 -11.15790
3 -1.428920 -7.293250  -9.54314
3  0.007973 -7.321680  -9.50802
3  0.631279 -7.166820 -11.08580
3  1.955780 -6.570070 -11.07020
3  2.574710 -6.409250  -9.52109
3 -6.870700 -4.964270 -11.07670
3 -7.321510 -4.529160  -9.50416
3 -5.323420 -6.267860  -9.50564
3 -5.774830 -5.874610 -11.11180
3  3.736010 -5.606640  -9.47933
3  4.202760 -5.293760 -11.05610
3  5.414410 -4.446260 -11.10130
3 -8.197990 -2.736660 -11.05140
3 -7.967110 -3.249600  -9.49658
3  5.780110 -4.036680  -9.51130
3  7.315280 -2.633930 -11.07070
3  6.917070 -3.067780  -9.54679
3 -8.426680 -1.336520 -11.09680
3 -8.476670 -0.724364  -9.50982
3  8.089710 -1.421260 -11.13500
3  8.214510 -0.767653  -9.56697
3 -3.436080 -6.995130  -7.90631
3 -2.043360 -7.243980  -7.93758
3  0.644393 -7.162480  -7.94185
3  1.955380 -6.605550  -7.94602
3 -6.892010 -4.993790  -7.90250
3 -5.811360 -5.971790  -7.90778
3  4.213680 -5.180170  -7.88490
3  5.421850 -4.382550  -7.90658
3 -8.155630 -2.765160  -7.93704
3  7.358900 -2.598720  -7.97564
3 -8.346480 -1.298640  -7.92907
3  7.938800 -1.302350  -7.97840
3 -5.426270 -6.367490  -6.31462
3 -4.065770 -6.865740  -6.35141
3 -1.442000 -7.257200  -6.36711
3 -0.009422 -7.241300  -6.36018
3  2.484800 -6.284540  -6.38403
3 -7.175500 -4.561690  -6.34310
3  3.692360 -5.529050  -6.38064
3 -7.994350 -3.305100  -6.39971
3  5.917710 -3.986900  -6.41003
3  7.032570 -3.093390  -6.39377
3 -8.286180 -0.750223  -6.31730
3  8.103500 -0.745032  -6.47251
3 -5.417450 -6.458020  -3.18151
3 -3.536610 -7.226530  -4.80165
3 -2.070110 -7.417180  -4.77157
3 -1.470330 -7.376800  -3.24850
3 -0.001342 -7.173000  -3.22040
3  0.609772 -7.116950  -4.81186
3  1.973960 -6.568610  -4.82322
3  2.516160 -6.301440  -3.21893
3 -6.911670 -5.018210  -4.72904
3 -5.878530 -6.028210  -4.72170
3  3.744750 -5.591320  -3.23061
3  4.313820 -5.282540  -4.80614
3  5.488850 -4.383370  -4.79744
3  5.906350 -4.032010  -3.21856
3 -8.182800 -2.758400  -4.78349
3 -8.008930 -3.292290  -3.17685
3  7.331810 -2.588370  -4.84952
3  6.996960 -3.049990  -3.25245
3 -8.308410 -1.318330  -4.74943
3 -8.334730 -0.701443  -3.16339
3  8.012940 -1.277980  -4.84843
3  8.177650 -0.739145  -3.24271
3 -4.100290 -7.037700  -3.21342
3 -3.448320 -7.209090  -1.63119
3 -2.019330 -7.275520  -1.63926
3  0.599751 -7.177000  -1.62780
3  1.926750 -6.540430  -1.66355
3 -7.314950 -4.591800  -3.16137
3 -6.961970 -5.063790  -1.61162
3 -5.920850 -6.071900  -1.65712
3  4.294100 -5.238880  -1.67468
3  5.379440 -4.315800  -1.63327
3 -8.260510 -2.788050  -1.58076
1 -3.888130 -2.280150  -1.91307
1 -2.691380 -2.353400  -2.67881
1 -1.569620 -3.134170  -2.23113
1 -0.377076 -2.449230  -2.64385
3  7.396040 -2.596830  -1.63767
3 -8.378210 -1.306230  -1.58242
1 -4.522570 -1.042590  -1.78872
1 -4.010040  0.145028  -2.39854
1 -2.870650  0.063196  -3.24297
1 -2.250050 -1.185590  -3.45876
1 -0.744369 -1.255070  -3.37744
1 -0.050534 -0.038996  -3.06212
1  1.134940 -0.060772  -2.25139
3  8.081370 -1.317650  -1.67274
1  0.778994 -2.487100  -1.85719
1  1.516690 -1.252410  -1.64557
3 -8.322690  0.686476 -15.76780
3  8.478660  0.624960 -15.86720
3 -7.150200  3.057480 -15.78000
3  8.005730  3.238690 -15.86670
3 -6.232840  4.210280 -15.80270
3 -4.008530  5.587980 -15.80200
3  7.193600  4.450440 -15.81760
3 -2.662180  6.103240 -15.79450
3 -0.173034  6.799570 -15.82910
3  1.258880  6.987570 -15.82830
3  3.903250  6.751950 -15.79670
3  5.282380  6.317030 -15.78430
3 -8.077270  1.203440 -14.12880
3  8.469360  1.215670 -14.24530
3 -7.370020  2.473910 -14.16580
3  8.205200  2.665110 -14.27600
3 -5.644610  4.496870 -14.23610
3 -4.503890  5.311330 -14.21380
3  5.676490  5.797720 -14.21540
3  6.824680  4.898900 -14.23590
3 -2.137090  6.394690 -14.24980
3 -0.723427  6.703790 -14.28160
3  1.869750  6.985440 -14.30370
3  3.298520  6.845290 -14.32370
3 -8.110510  0.678466 -12.58290
3  8.383300  0.680034 -12.61660
3 -7.056220  3.012430 -12.67680
3  8.043070  3.225480 -12.66750
3 -6.162930  4.158630 -12.66640
3 -3.955710  5.543760 -12.61010
3 -2.655000  6.172630 -12.65640
3  7.255710  4.425150 -12.71460
3 -0.130697  6.803670 -12.68180
3  1.356600  6.934880 -12.69380
3  3.921280  6.813840 -12.70110
3  5.258930  6.203600 -12.68910
3 -8.209500  0.707447  -9.47264
3 -7.933160  1.209900 -11.02220
3  8.426370  1.251170 -11.00280
3  8.374150  0.663900  -9.52243
3 -7.364100  2.540540 -11.06490
3 -7.113880  3.073290  -9.47279
3  8.050270  3.274760  -9.51864
3  8.287780  2.670710 -11.10220
3 -6.227460  4.303760  -9.46254
3 -5.794420  4.519900 -11.06630
3 -4.538640  5.271900 -11.13600
3 -3.970590  5.482750  -9.52274
3 -2.631710  6.015770  -9.53779
3  5.815350  5.921970 -11.18810
3  6.869960  4.895990 -11.18810
3  7.227830  4.484850  -9.59673
3 -2.050340  6.266420 -11.12120
3 -0.727394  6.765700 -11.13050
3 -0.162188  6.867010  -9.56613
3  1.895740  6.920090 -11.13810
3  1.294330  6.905950  -9.55754
3  3.330220  6.939300 -11.12640
3  3.922220  6.838350  -9.62161
3  5.303100  6.284840  -9.62728
3 -8.053030  1.288020  -7.87968
3  8.537750  1.294920  -7.99224
3 -7.361900  2.575580  -7.89710
3  8.163220  2.685860  -8.03011
3 -5.797100  4.704230  -7.94693
3 -4.569150  5.371010  -8.01114
3  5.797090  5.957450  -8.04969
3  6.875540  4.985620  -8.02064
3 -2.051070  6.326350  -8.00806
3 -0.694107  6.897910  -7.94860
3  1.881550  6.995730  -8.01354
3  3.362310  6.938870  -8.01848
3 -8.047920  0.682828  -6.30538
3  8.436380  0.699656  -6.42065
3 -7.024940  3.099980  -6.32772
3  7.884690  3.201860  -6.45936
3 -6.160580  4.300510  -6.33155
3 -3.993380  5.661720  -6.38670
3 -2.605750  6.081550  -6.41212
3  7.271460  4.546350  -6.43504
3 -0.104446  6.902690  -6.33658
3  1.361260  6.978980  -6.40927
3  3.919980  6.735580  -6.47333
3  5.282740  6.261530  -6.49683
3 -7.910620  1.337090  -4.72766
3 -8.087030  0.730942  -3.17556
3  8.418670  1.234750  -4.89455
3  8.528620  0.712155  -3.28033
3 -7.285610  2.618490  -4.72507
3 -7.014910  3.149490  -3.17082
3  7.916120  3.214630  -3.27700
3  8.138760  2.668840  -4.86614
3 -6.154520  4.275160  -3.15044
3 -5.735030  4.662450  -4.75640
3 -4.527870  5.424080  -4.79207
3 -4.006140  5.697100  -3.23271
3 -2.675630  6.270880  -3.26408
3  5.774220  5.962480  -4.88919
3  6.910630  5.020930  -4.87710
3  7.258830  4.561440  -3.28076
3 -2.055590  6.288850  -4.81402
3 -0.713096  6.831710  -4.78073
3 -0.129573  6.866490  -3.24661
3  1.939960  6.991560  -4.82481
3  1.369720  6.879500  -3.27602
3  3.373320  6.923190  -4.85876
3  3.994710  6.803040  -3.27940
3  5.372850  6.313000  -3.29016
3 -7.872410  1.265830  -1.57924
1 -3.968070  1.347880  -1.62950
1 -2.785160  2.153300  -2.07704
1 -2.082460  1.238300  -2.99651
1 -0.690952  1.206170  -2.92474
1  0.042378  1.929820  -1.95761
3  8.399770  1.292080  -1.69062
3 -7.261960  2.567350  -1.57593
3  8.200220  2.735920  -1.74803
3 -5.751260  4.670670  -1.60045
3 -4.552710  5.521580  -1.64259
3  5.806370  5.924030  -1.71625
3  6.908600  4.993590  -1.66592
3 -2.130180  6.469750  -1.66069
3 -0.667606  6.717130  -1.64906
3  1.931270  6.930850  -1.67201
3  3.396540  6.978730  -1.67333
1  1.217010  1.206950  -1.54871