394

3 -6.236200 -7.915190 55.3912
3 -5.200260 -7.639340 56.3452
3 -3.907600 -7.684980 55.6394
3 -2.576330 -8.126660 56.0245
3  0.002660 -7.086700 56.5863
3 -0.328130 -7.275820 55.2358
3  2.739240 -7.043270 56.9718
3  2.814670 -6.326940 55.7385
3 -5.501580 -4.041500 56.5356
3 -3.938100 -5.387020 58.2164
3 -5.220620 -4.880760 57.4848
3  3.855030 -5.308010 55.7767
3  4.559550 -5.041650 56.9896
3  5.421800 -3.900920 57.0147
3  5.650990 -3.197800 55.7760
3  6.345140 -1.998500 55.8525
3 -7.762760 -0.774101 56.3351
1  0.411697 -1.022060 56.8615
3  6.849140 -1.507550 57.0568
3  7.334210 -0.171175 57.0491
3 -4.942360 -8.671390 58.5302
3 -2.505660 -8.970910 57.0954
3 -2.504240 -9.205410 58.4704
3  0.386521 -7.717160 57.7042
3  0.718961 -8.271820 58.8806
3 -5.329460 -7.550850 57.7449
3 -5.319930 -6.282720 58.3316
3  3.402090 -6.811570 58.2517
3 -2.716610 -5.860820 58.4826
3 -1.987030 -6.501250 59.4558
3  4.341120 -5.764390 58.2160
1 -1.536430 -2.294240 57.7757
1 -2.564940 -2.200870 58.8036
1 -0.618871 -3.332420 58.1809
1  0.754137 -3.237380 57.9044
1  1.269440 -2.050290 57.2773
1  2.844490 -2.765180 58.8361
1  1.712450 -3.654980 58.9032
3  6.068930 -3.486710 58.2229
3  6.710810 -2.225870 58.2545
1 -1.002010 -1.135300 57.1711
1  2.548430 -1.741270 57.8607
1  2.912450 -0.400626 58.0717
3 -3.794990 -9.017610 59.1439
3 -3.564920 -8.995490 60.5685
3 -1.559330 -9.458680 59.5193
3 -2.234130 -9.636310 60.7906
3 -0.225636 -9.073740 59.6783
3  0.445853 -9.315200 60.9499
3 -3.652930 -6.653900 61.3502
3  1.737600 -8.705950 60.9108
3  1.917560 -8.046960 59.6460
3  3.071260 -7.301030 59.4861
3  3.744920 -6.919230 60.7103
3 -2.450180 -6.350520 60.7035
1 -0.104424 -4.205030 60.4154
1  1.298400 -4.174850 60.1359
3  4.743680 -5.972950 60.6269
3  5.847820 -4.240240 59.4014
3  4.968480 -5.324950 59.3961
1 -2.221720 -3.142130 59.8424
1 -1.015730 -3.790770 59.4704
1  3.461070 -2.400910 60.0415
3  6.468530 -3.779390 60.5916
3  7.025430 -2.481840 60.6099
3 -6.103320 -1.467980 60.3379
3 -6.632660 -0.145956 59.9299
1 -2.941340 -0.919283 59.1924
1 -3.178650 -0.613755 60.5768
1  3.813150 -1.008040 60.2527
1  3.602210 -0.006616 59.2803
3  7.072330 -1.700540 59.4407
3  7.466950 -0.367420 59.4858
3 -1.690870 -9.264750 62.0030
3 -0.268498 -9.318760 62.1815
3 -3.626270 -8.048260 61.6853
3 -2.630500 -8.399930 62.6563
3  2.378770 -8.384200 62.1020
3  3.488760 -7.569540 61.9620
3  4.113720 -7.126350 63.1886
3  5.180180 -6.194670 63.0903
3 -4.674020 -5.735850 61.6655
3 -5.318400 -4.907740 62.6215
3  5.391600 -5.594460 61.8084
3  6.217450 -4.454090 61.7878
3 -5.942710 -3.603430 62.5182
3 -6.235040 -2.264550 61.5228
1 -2.466170 -2.898530 61.1914
1 -1.498810 -3.305040 62.1702
1 -0.329334 -3.970720 61.8046
1  0.953250 -3.769020 62.4191
1  1.975500 -3.865190 61.3862
1  3.043570 -2.949210 61.3215
3  6.746010 -3.933880 62.9852
3  7.313850 -1.871880 61.8122
3  7.215940 -2.607390 62.9705
3 -6.757560 -1.260920 62.4755
1 -2.944380 -1.595470 61.5585
1 -2.346380 -1.225920 62.8252
1  3.155740 -1.910420 62.3217
1  3.594610 -0.704639 61.6353
3  7.568040 -0.510832 61.9107
3 -1.603430 -8.728690 64.9210
3  0.379987 -9.048810 63.4324
3 -0.253781 -8.980840 64.6922
3  1.730540 -8.607520 63.3045
3 -2.374590 -8.061220 63.9650
3  2.438650 -8.299540 64.4630
3  3.641250 -7.567600 64.4256
3 -5.972450 -5.058680 65.0399
3 -5.350170 -5.602470 63.9235
3 -4.779670 -6.922900 64.1324
3  5.787360 -5.736380 64.2841
3  6.553660 -4.589870 64.2283
3 -6.476750 -3.129090 63.8103
3 -6.439920 -3.764100 65.0139
1 -1.442460 -2.324410 63.2141
1  1.046980 -2.787040 63.4204
3  7.471330 -2.021680 64.2274
3 -7.430690 -1.124410 64.8495
3 -6.979420 -1.832110 63.7264
1 -0.168306 -2.036950 63.7542
1  0.193991 -0.654511 63.8820
1  2.132230 -1.818810 63.2920
1  1.587150 -0.517650 63.5643
3  7.692720 -0.625833 64.2825
3 -1.407440 -9.140060 67.2865
3 -2.223510 -8.807760 66.1660
3  0.571542 -8.908950 65.8519
3 -0.002402 -9.148240 67.1477
3  1.923470 -8.574580 65.7171
3  2.645050 -8.404340 66.8899
3 -4.513360 -7.511200 65.4305
3 -5.591930 -7.107610 66.3369
3 -3.565960 -8.338460 66.2639
3  3.842760 -7.637660 66.8789
3  4.247420 -7.161310 65.6236
3  5.363420 -6.302650 65.5389
3 -6.120160 -5.819020 66.2302
3 -6.521590 -5.122760 67.4004
3  5.999610 -5.918320 66.7279
3  6.795070 -4.757240 66.6847
3 -6.848920 -3.072240 66.1359
3 -6.906790 -3.765250 67.3521
2 -1.531830 -2.834720 67.6148
2  0.685280 -2.176940 67.2293
3  7.051090 -4.091780 65.4476
3  7.489610 -2.759520 65.4395
3  7.727530 -2.065580 66.6805
3 -7.619090 -0.996886 67.2668
3 -7.362950 -1.757870 66.1085
2 -2.356790 -0.105388 67.3319
2 -1.097060 -0.551675 66.8004
2 -0.694596 -1.882940 66.9264
2  1.633670 -1.149010 67.3537
3 -5.804500 -3.005160 55.6820
3  7.867110 -0.652475 66.6769
3 -1.976760 -9.159810 68.6006
3 -3.285380 -8.629110 68.6821
3  0.821636 -9.086110 68.2944
3  2.178160 -8.749600 68.1994
3  2.934980 -8.562290 69.3749
3 -5.530570 -6.907800 68.8049
3 -4.096900 -8.391630 67.5820
3 -5.298820 -7.643620 67.6376
3  4.099130 -7.798200 69.3040
3  4.549250 -7.286360 68.0463
3  5.627090 -6.414080 67.9928
3 -6.147050 -5.632280 68.6640
3  6.037640 -5.830120 69.1550
3  7.031000 -4.029060 67.8448
3  6.731600 -4.608810 69.0940
3 -7.170120 -3.024790 68.5393
2 -3.134220 -2.837330 69.4899
2 -2.769800 -2.414730 68.1493
2 -1.020470 -4.101390 69.6585
2 -0.656683 -3.722750 68.3593
2  0.718943 -3.323930 68.1099
2  1.648720 -3.339750 69.1668
2  2.621550 -2.283670 69.3159
3  7.528390 -2.716700 67.9013
3  7.716930 -2.012580 69.0865
3 -7.474110 -1.607480 68.4986
2 -3.813170 -0.612054 69.2405
2 -3.178740 -1.023420 68.0073
2  2.601290 -1.196270 68.4284
3  8.021050 -0.646548 69.1071
3 -1.140920 -9.206790 69.7486
3  0.255156 -9.261290 69.6051
3  2.455780 -8.903480 70.6358
3 -4.843300 -7.300350 69.9647
3 -3.733520 -8.166510 69.9128
3  4.746670 -7.342970 70.4559
3  5.713430 -6.357940 70.3979
3 -6.247470 -4.861720 69.8310
3  7.124090 -4.010360 70.2686
3 -6.784800 -3.561380 69.7970
2 -2.282440 -3.683110 70.2177
2 -0.052017 -4.158000 70.7250
2  1.284800 -3.806090 70.4843
3  7.533390 -2.680960 70.2789
3 -7.548830 -0.816286 69.6329
2 -3.779020 -1.727950 70.1545
2  2.851520 -2.078740 70.7326
3 -4.854980 -1.941130 55.5610
3 -7.760760 -1.658300 55.2428
3 -7.142860 -2.934180 55.2247
3 -4.039950 -0.838953 55.5885
3 -7.396630  1.663090 56.4517
3 -7.327910  0.335985 57.1374
3  7.398040  2.043940 55.9773
3  7.238870  0.664415 55.8956
3 -7.990050  2.730780 57.2023
3 -8.095090  4.039410 57.3552
3 -4.954970  3.865310 57.1544
3 -5.229290  3.733360 55.7845
3  6.380810  4.564920 56.1798
3  5.380110  5.568850 56.2366
3 -2.676010  5.525450 56.4536
3 -1.300090  5.783550 56.4023
3 -0.673709  6.073890 55.1791
3  0.666900  6.405410 55.1910
3  1.409820  6.282260 56.3408
3  2.791150  6.457870 56.3032
3 -6.958850  0.078768 58.5344
1 -1.475240  0.170078 57.5464
1 -2.451440  0.251355 58.5390
1 -0.379602  1.105920 57.4586
1  0.801409  0.363531 57.0702
1 -0.310672  2.141590 58.4088
1  2.024500  0.667506 57.6886
1  2.144760  1.742910 58.6423
3  7.606950  1.843980 58.4129
3  7.638110  0.413669 58.3224
1  0.972758  2.430620 59.0128
3  6.834140  3.879460 57.3063
3  7.356250  2.592810 57.2689
3 -7.608320  5.204490 57.8145
3 -6.779450  5.439830 58.9044
3 -5.380710  5.586520 58.8622
3 -4.558730  4.970600 57.9062
3 -3.272680  5.461480 57.6938
3 -1.243980  6.086290 58.7978
3  4.820720  5.846530 57.4786
3  6.470900  4.361260 58.5724
3  5.467780  5.348890 58.6293
3 -2.607790  6.033240 58.8110
3 -0.563579  5.974530 57.5829
3  0.775635  6.184380 57.5454
3  1.478120  6.341180 58.6923
3  3.503670  6.308470 57.4724
3  2.858020  6.252300 58.6697
3 -6.815910  0.756003 61.0891
1 -2.393080  1.312890 59.5063
1 -2.862950  0.783249 60.7793
1  3.120920  1.331960 59.6515
1  2.919220  1.638110 61.0146
3  7.543810  1.632130 60.7799
3  7.568220  0.262865 60.7535
3 -8.192920  2.858950 60.5318
3 -7.148730  2.169680 61.1835
1 -1.313290  2.201700 59.4522
1 -0.657928  2.527940 60.6931
1  0.755764  2.702130 60.4191
3  6.492100  4.242180 60.9012
3  6.896740  3.720480 59.6934
3  7.474140  2.420230 59.6607
3 -9.630970  4.625060 59.6706
3 -8.441860  4.174580 60.1244
3 -7.303430  5.042630 60.1341
3 -6.506720  5.227120 61.3016
3 -0.584006  6.306640 59.9735
3  0.809557  6.336590 59.9398
3  4.791870  5.457020 59.8139
3  5.414710  5.070820 60.9609
3 -5.365240  6.120490 61.2214
3 -4.688210  6.144750 60.0028
3 -3.334440  6.398680 59.9596
3 -2.670720  6.625660 61.2004
3 -1.271160  6.554060 61.1977
3  1.504830  6.219260 61.1208
3  3.496040  5.927010 59.8549
3  2.886150  6.035590 61.0838
3 -6.914850  0.095530 62.3580
1 -2.277390  1.159330 61.9989
1 -1.991790  0.130049 63.0005
1 -0.139477  1.552250 62.8661
1  2.103710  0.645908 62.9734
1  1.214290  1.709740 62.5968
1  3.145160  0.574523 61.9790
3  7.502580  2.287550 61.9892
3  7.607360  1.536390 63.1668
3 -6.698250  2.912550 62.3407
1 -1.111790  2.008190 61.9180
1  1.711760  2.358320 61.3991
3  6.585840  4.144400 63.2734
3  6.999550  3.604670 62.0488
3 -6.414980  4.304790 62.3725
3  3.646280  5.958880 62.2360
3  4.966390  5.557970 62.1801
3  5.606260  5.160790 63.3253
3 -4.716940  6.521130 62.4003
3 -3.309890  6.864700 62.3945
3 -0.502057  6.632100 62.3737
3  0.873122  6.341020 62.3362
3 -7.157490  0.889110 63.5334
3 -7.550000  0.276109 64.7449
1 -0.662020  0.388615 63.5270
3  7.513790  2.224750 64.3838
3 -6.945740  2.266000 63.5555
3 -6.922400  2.994110 64.7445
3  6.996940  3.495570 64.4547
3 -6.012440  4.926850 63.5978
3 -6.410330  4.322610 64.7899
3 -5.202750  6.062180 63.6359
3 -4.570660  6.559940 64.8615
3 -3.222620  6.980060 64.8450
3  3.772250  5.905560 64.6088
3  5.121040  5.493650 64.5580
3 -2.581700  6.955650 63.5994
3 -1.167400  6.826100 63.5823
3 -0.384770  6.637110 64.7467
3  1.628690  6.224280 63.5002
3  0.956048  6.269580 64.7034
3  3.025130  6.065630 63.4466
3 -7.586670  1.024260 65.9427
3 -7.788530  0.384549 67.1940
2 -0.802132  1.628670 67.5727
2 -0.140445  0.515062 66.9379
2  1.207680  0.226035 67.1982
3  7.599800  1.475140 65.5438
3  7.496660  2.088220 66.7511
3 -7.277810  2.376300 65.9407
3 -7.032750  3.081080 67.1389
3  6.637210  4.018770 65.6670
3  7.001110  3.350720 66.8047
3 -6.012810  4.919540 65.9763
3 -6.425740  4.342510 67.1845
3 -5.080840  6.044920 66.0668
3 -4.446010  6.483100 67.2624
3 -3.040370  6.881020 67.2394
3 -2.391460  7.093310 65.9918
3  3.859050  5.856620 66.9829
3  5.156180  5.356020 66.9308
3  5.681940  4.986120 65.7151
3 -0.999791  6.784070 65.9927
3 -0.239963  6.443430 67.1403
3  1.709940  6.078420 65.8860
3  1.092750  6.104580 67.0918
3  3.122710  5.977240 65.8300
3 -7.817820  1.185810 68.3479
2 -3.623180  0.690256 69.7299
2 -2.797060  1.640410 69.0184
2 -2.176890  1.246910 67.8211
2  1.936820  1.032180 68.1548
2  2.795690  0.148546 68.9183
3  7.679430  2.069060 69.1722
3  7.792110  1.413020 67.9278
3 -7.446120  2.536920 68.3397
3 -7.306510  3.246670 69.5614
2 -0.746927  2.780490 69.7461
2 -0.100076  2.389130 68.5179
2  1.288630  2.100020 68.8062
3  6.679600  3.903990 68.0227
3  7.107220  3.333100 69.2152
3 -6.039820  4.950580 68.3784
3 -6.480230  4.376550 69.5564
3 -4.962650  5.910730 68.4448
3 -4.207700  6.016500 69.6055
3  4.079540  5.981760 69.3721
3  5.774940  4.939360 68.0939
3  5.369560  5.398990 69.3111
3 -2.872710  6.395330 69.6294
3 -2.252980  6.693740 68.3843
3 -0.874326  6.464350 68.3750
3 -0.078454  6.345020 69.5126
3  1.884920  6.020330 68.2460
3  1.291020  6.281030 69.4706
3  3.274300  6.030230 68.2435
3 -7.794090  0.563266 69.5869
2  2.992650  0.360672 70.2939
3  7.969830  1.373620 70.3405
2 -2.084420  2.436780 69.9954
2  1.496020  2.328420 70.2246
3  6.927130  3.982760 70.4244
3  3.439830  6.161640 70.6105
3  5.914900  4.933460 70.4744
3 -0.685868  6.544260 70.7326
3  2.059570  6.454730 70.6081
3  7.683450  0.141120 63.1373
3  7.748710  0.083890 65.4901
3  7.977220  0.015701 67.9019
3  8.150060 -0.013430 70.3227
3 -3.355690  5.436560 55.1974