89

1  -6.955470 -2.308280 -5.218430
1  -8.539930 -0.457277 -5.726290
1  -8.263370 -1.767800 -5.178650
1  -6.211770 -0.208865 -6.270120
1  -5.906970 -1.494950 -5.804950
1  -4.707390 -1.700500 -5.066200
1  -3.811160 -0.637360 -4.929150
3   1.825560 -0.270587 -6.920570
1  -8.537620 -2.610520 -2.881500
1  -7.184530 -3.167000 -2.933390
1  -6.390650 -3.071160 -4.109370
1  -4.988710 -2.625240 -4.002640
1  -4.424290 -2.396340 -2.745440
1 -10.015800 -0.209638 -2.571680
1  -9.883670 -0.737046 -3.855870
1  -9.108070 -1.957290 -4.013480
1  -3.545460 -1.249240 -2.568820
1  -3.202460 -0.401489 -3.637820
1  -7.549890 -2.254680 -0.793203
1  -6.569390 -2.921000 -1.640310
1  -5.214980 -2.566010 -1.540130
1  -8.748910 -2.060090 -1.564330
1  -9.537730 -0.897507 -1.408750
1  -4.829240 -1.517410 -0.628046
1  -3.774860 -0.733047 -1.238330
1  -7.941110 -0.055795  0.265323
1  -7.159610 -1.258350  0.132925
1  -5.763490 -0.856454  0.162338
2   0.210471 -2.078810  7.573580
2  -1.685680 -0.675630  6.893840
2  -1.201930 -1.771320  7.632240
2   0.563907 -0.178725  6.024390
2   1.068270 -1.294230  6.784670
2   2.382460 -0.949891  7.257890
3   6.051630  5.551240 -6.747520
3   3.756950  6.497200 -6.706990
1  -9.462350  1.575020 -4.727310
1  -9.537720  0.189771 -4.906630
1  -7.537910  0.305102 -6.303140
1  -7.469140  1.741860 -6.198610
1  -6.067390  2.115700 -6.114690
1  -5.294590  0.887835 -6.190850
1  -4.092800  0.675189 -5.518790
1  -3.675220  1.707620 -4.582610
3   2.554510  0.713336 -6.398500
3   3.119270  1.912140 -6.001380
1  -8.423810  2.359490 -5.371950
1  -8.003490  3.399710 -4.456450
1  -5.646300  3.132160 -5.235530
1  -4.458840  2.873550 -4.421500
3   4.289220  4.330320 -5.628200
3   3.771750  3.116550 -5.843430
3   4.717250  5.542850 -6.262050
1  -9.928900  1.220290 -2.346990
1  -3.123480  1.033690 -3.425960
1  -9.676230  2.124250 -3.398320
1  -8.787290  3.267570 -3.247570
1  -6.642320  3.753840 -4.378470
1  -6.025390  4.005720 -3.085800
1  -4.694250  3.438750 -3.111130
1  -9.347750  1.437130 -1.056890
1  -9.136800  0.118177 -0.446874
1  -3.707420  0.653484 -1.065870
1  -3.387420  1.544460 -2.153690
1  -8.500090  2.536330 -0.899309
1  -8.200610  3.473240 -1.997060
1  -6.796750  3.861750 -1.897680
1  -6.244490  3.124990 -0.772256
1  -4.953550  2.614950 -0.803552
1  -4.151690  2.768590 -1.994150
1  -7.031110  1.071330  0.406649
1  -5.687870  0.555621  0.342079
1  -4.666680  1.310480 -0.242345
1  -7.295250  2.346400 -0.153832
2  -1.215140  1.498940  6.156370
2  -2.635170  0.232116  7.497190
2  -2.352130  1.562430  7.038830
2  -0.804032  0.119969  6.061910
2   1.559930  0.865579  6.044010
2   2.690920  0.395745  6.816730
2   3.355120  1.290390  7.674310
2  -2.491230  2.639210  7.922180
2  -1.529040  3.710120  7.944170
2  -0.259594  2.525340  6.191360
2  -0.416408  3.648360  7.092160
2   0.890970  4.008220  7.595100
2   1.155120  2.211550  6.111830
2   1.865160  3.132440  6.980230
2   2.961790  2.679080  7.740600