306

2 -0.321395 -2.675460 55.2002
2  1.048150 -3.092330 55.1661
2  3.596950 -1.820490 55.1360
2  4.335080 -0.564795 55.1695
3 -5.687560 -6.564450 56.5325
3 -3.282810 -7.682210 56.3298
3 -1.842350 -7.830110 56.3507
3  0.760925 -7.289910 56.4459
3  2.128100 -6.854880 56.4615
3 -6.736830 -5.588650 56.4818
3  4.304560 -5.306130 56.3912
3  5.430970 -4.371190 56.3694
3 -7.953080 -3.212060 56.4606
2  1.628350 -2.555400 56.3898
3  7.073590 -2.336710 56.3513
3 -8.291870 -1.832400 56.4280
2 -2.316060 -0.614465 55.3049
2 -1.584190 -0.930075 56.5222
2 -0.602268 -1.968370 56.4259
2  0.589311 -1.909090 57.1724
2  2.874230 -1.966810 56.3627
2  3.121220 -0.769904 57.1362
3  7.579480 -0.975935 56.2879
3 -5.180720 -6.886990 57.9235
3 -3.899680 -7.542400 57.8892
3 -1.244860 -7.737930 57.8352
3  0.172538 -7.358940 57.8417
3  0.780175 -7.257950 59.3605
3 -7.153180 -5.092460 57.9896
3  2.659630 -6.413490 57.8589
3  3.924350 -5.745630 57.8723
3  4.367940 -5.351180 59.3560
3  5.407730 -4.363000 59.3203
3 -7.676720 -3.761190 57.9781
3  5.894840 -3.943650 57.9055
3  6.848090 -2.857420 57.8610
3 -8.255420 -1.224130 57.9770
2  0.749318 -0.753088 57.9187
2  2.089020 -0.154292 57.9134
3  7.791340 -0.341354 57.8560
3 -5.778460 -6.591040 59.4836
3 -5.316670 -7.100890 60.8489
3 -3.286740 -7.793010 59.3098
3 -3.945010 -7.599770 60.8545
3 -1.843170 -7.862080 59.2776
3 -1.270930 -7.793550 60.7233
3  0.101133 -7.403510 60.7458
3  2.135670 -6.799130 59.3685
3  2.613840 -6.476490 60.7466
3 -7.100190 -5.040340 60.9765
3 -6.746500 -5.576930 59.4982
3  3.877600 -5.779470 60.7978
3 -7.879090 -3.175590 59.4711
3 -7.757650 -3.773920 60.9661
3  5.841760 -3.947660 60.7255
3  6.795240 -2.846850 60.7714
3  7.197770 -2.295230 59.3115
3 -8.186000 -1.763800 59.4371
3 -8.282710 -1.094730 60.9491
1  0.660077 -0.678178 61.3368
3  7.609740 -0.896867 59.3564
3  7.768970 -0.337459 60.7462
3 -5.898750 -6.720220 62.4088
3 -3.370540 -7.748430 62.2769
3 -1.976030 -7.815120 62.2725
3  0.701145 -7.250390 62.2328
3  1.998010 -6.659540 62.1761
3 -6.821830 -5.615830 62.3878
3  4.358980 -5.381270 62.1787
3  5.404030 -4.357130 62.1197
3 -7.997980 -3.198010 62.3845
1  1.857600 -2.268430 62.7417
3  7.080750 -2.311890 62.1558
3 -8.281740 -1.771280 62.4064
1 -1.529510 -1.079630 63.1364
1  0.645415 -1.847410 62.1277
1 -0.457012 -1.994490 63.0285
1  2.992890 -1.431530 62.5657
1  3.084880 -0.331784 61.6759
3  7.617790 -0.960991 62.1473
3 -5.718940 -6.697520 65.2746
3 -5.259790 -7.012080 63.8370
3 -3.943620 -7.512740 63.7975
3 -3.268750 -7.714200 65.1640
3 -1.243490 -7.783890 63.6504
3 -1.828970 -7.902620 65.0921
3  0.189274 -7.514330 63.6399
3  0.728904 -7.275560 65.1732
3  2.054280 -6.699340 65.1680
3  2.611240 -6.503020 63.6169
3 -7.064670 -5.040860 63.8107
3 -6.738400 -5.652320 65.2381
3  3.838870 -5.697810 63.6416
3  4.346320 -5.375750 65.0820
3  5.341920 -4.342250 65.0801
3 -7.809010 -3.779960 63.7914
3 -7.929310 -3.203060 65.2998
1  0.010781 -2.644920 64.2564
1  1.535730 -2.795590 64.0794
1  2.406250 -2.374410 65.1191
3  6.716020 -2.789940 63.7056
3  5.774480 -3.907720 63.6545
3  7.086170 -2.308150 65.1387
3 -8.225970 -1.077520 63.9082
3 -8.123910 -1.780020 65.3548
1 -1.979210 -0.625644 64.3914
1  3.900960 -1.204720 63.6735
1  3.662280 -1.714840 64.9348
3  7.816150 -0.413382 63.6274
3  7.696920 -0.974167 65.1234
3 -5.099090 -6.907510 66.8116
3 -3.805340 -7.538410 66.7530
3 -1.204400 -7.885490 66.5951
3  0.228934 -7.675510 66.5727
3  2.613790 -6.570590 66.6329
3 -7.125270 -5.135140 66.8009
3  3.827910 -5.746260 66.5961
3 -7.768660 -3.845070 66.8070
3  5.685600 -3.823050 66.5172
3  6.658910 -2.701170 66.5479
3 -8.076630 -1.232630 66.7678
1 -1.597750 -1.288920 65.5940
1 -1.328950 -0.358442 66.7146
1 -0.472864 -2.206910 65.5368
1  0.434194 -1.869880 66.5479
1 -0.103511 -0.770176 67.3258
1  1.840430 -2.017760 66.4528
1  2.693220 -1.008540 66.9317
1  3.916160 -0.903751 66.1539
3  7.878800 -0.410747 66.5880
3 -5.600060 -6.590410 68.2240
3 -3.227980 -7.783950 68.2269
3 -1.805480 -7.969700 68.1883
3  0.821437 -7.528780 68.0073
3  2.168240 -6.932080 68.0384
3 -6.697600 -5.606250 68.2462
3  4.251460 -5.321440 68.0649
3 -7.797410 -3.270090 68.2528
3  5.226850 -4.278050 67.9986
3  7.027220 -2.226790 68.0409
3 -8.054150 -1.866000 68.3218
3  7.700080 -1.003320 68.1123
3 -7.917800  0.798371 56.5223
3 -7.272680  2.065780 56.5053
2 -2.454840  0.866695 55.2752
2 -1.834720  1.381740 56.5091
2  4.018860  1.495340 56.4002
2  4.075280  0.113148 56.4095
3  7.852630  1.653430 56.3514
3 -5.700390  4.214530 56.5477
2 -1.121620  2.609470 56.5198
2 -0.956482  3.412130 55.3227
2  0.364719  3.945100 55.2857
2  1.015520  3.494250 56.4949
2  2.391150  3.263730 56.5031
2  2.873400  2.109660 57.1822
2  4.117000  2.297670 55.1935
2  3.165230  3.363860 55.2460
3  7.537730  3.078780 56.4005
3 -4.680660  5.251430 56.5168
3  6.483940  5.518980 56.4568
3  5.400180  6.417680 56.4412
3 -2.443930  6.760780 56.4111
3 -1.068150  7.202660 56.4180
3  1.504760  7.616470 56.4204
3  2.924790  7.494420 56.4135
3 -8.085150  0.217030 57.9826
2 -1.333410  0.256682 57.2440
2 -0.158923  0.338598 57.9422
2  0.562432  1.598540 58.0015
2  1.996320  1.306000 57.8716
3  7.872870  1.094970 57.8258
3 -6.964110  2.655910 58.0353
3 -6.108440  3.787240 57.9554
2  0.080491  2.721510 57.3092
3  7.417630  3.663230 57.8296
3 -4.097510  5.636190 57.9059
3  6.826960  4.977990 57.8278
3  6.461140  5.524850 59.2741
3  5.394040  6.535650 59.2905
3 -2.972920  6.495230 57.9237
3 -2.439560  6.806460 59.3945
3 -0.515821  7.416090 57.9501
3  0.900022  7.585540 57.9753
3  2.905050  7.368310 59.4382
3  3.547650  7.437040 57.8985
3  4.859380  6.813560 57.8704
3 -8.015030  0.897748 59.4919
3 -8.062210  0.319475 61.0107
1  0.109740  1.605680 61.2846
1  1.518220  1.472060 60.9984
1  1.898680  0.087947 60.9744
3  7.945610  1.673920 59.2801
3  8.072290  1.065350 60.7341
3 -7.232780  2.151170 59.4922
3 -5.650480  4.276470 59.4873
3 -6.830670  2.614520 60.9691
3 -5.969170  3.781820 60.9140
3  7.535310  3.040390 59.2947
3  7.316850  3.581600 60.7103
3 -4.559350  5.207060 59.4599
3 -4.037330  5.602640 60.8631
3  4.985140  6.889760 60.7852
3  6.774710  4.955560 60.7673
3 -2.913380  6.529270 60.8837
3 -1.106550  7.317110 59.3853
3 -0.504508  7.445600 60.8379
3  0.943570  7.560880 60.8022
3  1.477930  7.511120 59.3892
3  3.601940  7.331880 60.8313
3 -7.793960  0.844463 62.4220
1 -2.067970  1.180090 62.9934
1 -1.559800  0.039170 62.2593
1 -0.414753  0.251467 61.4528
1  3.629390  2.050330 62.1558
1  3.912330  0.671824 62.2435
3  8.019110  1.669950 62.1477
3 -7.035300  2.059450 62.4247
1 -1.526010  2.435620 62.8257
1 -0.446254  2.693090 61.9240
1  0.402488  3.761590 62.4165
1  2.415690  2.446130 61.5323
1  1.796500  3.594230 62.2605
1  2.645550  3.778970 63.4170
1  3.734460  2.860260 63.3312
3  7.576590  3.067470 62.2248
3 -5.568730  4.236430 62.3453
3 -4.482450  5.197410 62.3812
3  6.465300  5.473770 62.2583
3  5.453680  6.493830 62.3138
3 -2.388090  6.799530 62.3188
3 -1.064730  7.310100 62.3578
3  1.584710  7.616230 62.2564
3  3.026700  7.459970 62.3168
3 -7.940950  0.308166 63.8540
3 -7.666220  0.822963 65.2661
3 -7.027270  2.111510 65.2997
1 -2.379830  0.739880 64.3443
1 -2.139650  1.566510 65.4304
1  4.676300  0.855973 64.6173
1  4.522060  0.104198 63.4424
3  8.045280  0.984951 63.6630
3  8.090820  1.623890 65.0998
3 -5.936770  3.711380 63.8203
3 -6.829920  2.620660 63.8538
3 -5.568140  4.239590 65.2685
1 -1.604030  2.865290 65.2427
1 -1.293000  3.274110 63.9542
1 -0.122247  4.104040 63.7205
1  4.313200  2.291870 64.4957
3  7.428450  3.586930 63.6608
3  7.700700  3.007420 65.0971
3 -4.058830  5.642450 63.8112
3 -4.492040  5.216140 65.2190
1  0.763900  4.305040 64.8026
1  2.204610  4.197780 64.6560
3  6.471480  5.353400 65.2448
3  6.859440  4.875630 63.7178
3  5.491460  6.347910 65.2228
3 -2.913660  6.536070 63.8399
3 -2.391190  6.774370 65.2444
3 -0.984990  7.178570 65.1823
3 -0.457117  7.446620 63.7592
3  0.953360  7.718740 63.7778
3  1.558910  7.736720 65.2446
3  2.975430  7.547170 65.2600
3  3.610560  7.274890 63.7724
3  4.985090  6.820230 63.7771
3 -7.939280  0.221620 66.7325
1 -1.571500  1.015290 66.6827
1 -0.718749  2.000310 67.2470
1  2.744980  1.355970 67.6516
1  4.400460  0.419322 65.9588
1  3.785450  1.558390 66.7057
3  8.090720  1.037480 66.5832
3 -6.838500  2.665210 66.7953
3 -5.956380  3.745700 66.8015
1 -0.725408  3.165500 66.3360
1  0.456656  3.883660 66.2089
1  1.638880  3.417590 66.8043
1  2.742010  3.592570 65.8992
1  3.805560  2.720600 65.7693
3  7.508530  3.594780 66.6108
3 -3.980650  5.552300 66.6974
3  6.905160  4.912120 66.6140
3 -2.858610  6.456460 66.6691
3 -0.473248  7.482860 66.6509
3  0.977952  7.609010 66.6567
3  3.601840  7.332960 66.6203
3  4.961330  6.792620 66.5757
3 -7.783050  0.778591 68.2477
3 -7.198950  2.129350 68.2784
1  0.751439  0.155640 67.9226
1  0.462403  1.568780 67.8840
1  2.174240  0.008280 67.7213
3  8.136760  1.657690 68.0144
3 -5.597630  4.285990 68.2117
1  1.679940  2.315740 67.7078
3  7.860420  3.078870 68.0025
3 -4.435810  5.217810 68.2402
3  6.494460  5.444800 68.0908
3  5.405110  6.402410 68.0444
3 -2.347920  6.762230 68.1824
3 -0.974429  7.284560 68.1422
3  1.639170  7.623910 68.2152
3  3.063960  7.510900 68.2226