303

3 -5.574200 -6.833730 82.7426
3 -4.953640 -7.121060 84.2532
3 -3.671700 -7.751560 84.2765
3 -3.124410 -7.981260 82.7995
3 -1.710290 -8.091940 82.7897
3 -1.087200 -8.162120 84.1813
3  0.311162 -7.914530 84.1883
3  0.948130 -7.689390 82.7301
3  2.223000 -7.057720 82.7426
3  2.727610 -6.661060 84.2115
3 -6.950550 -5.304740 84.2811
3 -6.608240 -5.778560 82.7803
3  4.297190 -5.322110 82.7851
3  3.920750 -5.799830 84.1930
3 -7.704140 -3.419840 82.8198
3 -7.611260 -4.008700 84.2779
1  0.260243 -2.428690 82.6747
1  0.859302 -2.608780 84.0149
1  2.218690 -2.398480 84.1611
3  5.367460 -4.359970 82.7571
3  5.717330 -3.906880 84.2438
3  6.497710 -2.725510 84.2408
3  6.937390 -2.219130 82.7205
3 -7.872460 -1.994340 82.8200
3 -7.851380 -1.397310 84.2373
1 -1.608080 -0.874071 82.0326
1 -1.038580 -1.844930 82.8735
1  2.943270 -1.941980 82.9675
1  3.874160 -0.896262 83.4088
3  7.605250 -0.936535 82.7828
3  7.691950 -0.338537 84.1588
3 -5.554860 -6.904920 85.7034
3 -3.082780 -7.908200 85.7448
3 -1.654530 -8.143430 85.7468
3  0.859610 -7.539280 85.6365
3  2.167990 -6.876770 85.6315
3 -6.577720 -5.818610 85.7132
3  4.335260 -5.413730 85.6839
3 -7.846400 -3.370620 85.6728
3  5.423910 -4.457490 85.6618
3  6.947140 -2.280240 85.6520
3 -7.954520 -1.929610 85.6414
1 -1.277240 -1.685080 84.3136
1 -1.981340 -0.587589 84.7467
1 -0.135305 -2.086770 85.0082
1  2.746650 -1.687070 85.2903
1  3.749090 -0.793277 84.8645
3  7.423300 -0.946139 85.6692
3 -5.576410 -6.742110 88.5598
3 -5.013070 -7.146140 87.1469
3 -3.712860 -7.684360 87.1735
3 -3.109780 -7.979660 88.6628
3 -1.695360 -8.123180 88.7151
3 -1.082040 -8.043570 87.1362
3  0.300476 -7.663640 87.1504
3  0.893360 -7.442400 88.6824
3  2.242220 -6.983990 88.6370
3 -7.018570 -5.281110 87.1153
3 -6.640170 -5.769100 88.5366
3  2.719910 -6.692760 87.1052
3  3.885730 -5.780330 87.1495
3  4.412910 -5.439480 88.5683
3 -7.684450 -3.389600 88.5715
3 -7.568810 -3.931690 87.1094
3  5.478030 -4.477680 88.5209
3  6.532430 -2.686490 87.1504
3  5.701810 -3.898240 87.1190
3  6.870030 -2.214380 88.6183
3 -7.865990 -1.966900 88.5491
3 -7.783290 -1.342270 87.0958
1  0.337951 -1.548450 86.2101
1 -0.368470 -0.387982 86.6594
1  1.783290 -1.216190 86.2254
3  7.428530 -0.901215 88.6034
3  7.721520 -0.308106 87.0844
3 -5.057510 -7.135240 90.0326
3 -3.751700 -7.736970 90.0280
3 -1.050320 -8.099250 90.1186
3  0.365189 -7.670800 90.0812
3  2.761990 -6.648630 90.0907
3 -6.938460 -5.250620 90.0017
3  4.044810 -5.867230 90.0703
3 -7.615250 -3.969430 89.9672
3  5.662470 -3.858900 90.0670
3  6.541550 -2.746330 90.0454
3 -7.738070 -1.330560 90.0376
3 -7.533980  0.105637 90.0173
3  7.770490 -0.348556 89.9737
3 -5.519590 -6.713260 91.4218
3 -3.061450 -7.793670 91.5217
3 -1.674860 -8.022780 91.5378
3  0.989236 -7.450420 91.5918
3  2.330680 -6.953190 91.5628
3 -6.566070 -5.738500 91.4461
3  4.523070 -5.484730 91.6110
3 -7.781550 -3.372430 91.3968
3  5.436180 -4.381550 91.5750
3  6.915080 -2.203580 91.5038
3 -7.801800 -1.899440 91.4149
2 -1.984640 -0.561960 92.7518
2  0.011121 -2.103720 92.5443
2  0.441261 -1.400000 91.3637
2 -0.278686 -0.276251 90.9834
2  2.325180 -2.030560 92.5306
2  1.852040 -1.383700 91.3586
2  2.589000 -0.304451 90.8542
3  7.531940 -0.886397 91.5058
3 -4.962120 -7.022030 92.8270
3 -5.544980 -6.730530 94.2800
3 -3.641960 -7.585320 92.9320
3 -3.103050 -7.813630 94.3503
3 -1.048070 -7.879020 92.9928
3 -1.706320 -7.811500 94.3709
3  0.354764 -7.557530 92.9918
3  0.955469 -7.380370 94.5137
3  2.846120 -6.636240 93.0716
3  2.281500 -6.768240 94.5205
3 -6.922800 -5.238020 92.8389
3 -6.588580 -5.746750 94.2933
3  4.083630 -5.856300 93.0640
3  4.495540 -5.393340 94.4459
3  5.543730 -4.434730 94.4674
3 -7.661140 -3.982190 92.8828
3 -7.782040 -3.400900 94.3819
2  1.154080 -2.510370 94.6660
2  1.202720 -2.395390 93.3070
3  5.973230 -3.965420 93.0080
3  6.704230 -2.761470 92.9775
3  7.009210 -2.227180 94.4317
3 -7.785980 -1.321490 92.9011
3 -7.853280 -1.947790 94.3662
3 -7.551650  0.086988 92.8882
2 -1.224600 -1.783290 93.2234
2 -1.232680 -1.775090 94.6812
2  3.440670 -1.658790 93.2437
2  3.366990 -1.611520 94.7154
2  4.077120 -0.482468 92.7649
3  7.822060 -0.367106 92.9159
3  7.735060 -0.977981 94.3596
2 -1.977450 -0.512459 95.0533
2  4.073730 -0.387573 95.1382
1 -0.705261  3.529860 81.9169
1  2.041730  4.055070 82.2631
3 -7.475790  0.636813 82.8907
3 -7.654530  0.011616 84.2788
3 -6.915850  1.962710 82.9338
1 -2.288750  0.254129 82.4894
1 -2.476070  0.415941 83.8915
1  4.446610  1.434190 83.3037
1  4.236160  0.217197 82.6798
3  8.039750  1.698560 82.7503
3  7.920730  1.075370 84.1763
3 -6.442850  2.414570 84.2601
3 -5.684670  3.599510 84.2187
3 -5.292580  4.039010 82.7909
1 -1.763460  2.638310 82.2908
1 -1.957860  2.742720 83.6882
1 -0.237452  4.171440 83.1002
1  3.971480  2.504920 82.3831
1  3.257570  3.604110 82.9272
1  2.987790  3.686600 84.3454
3  7.545410  3.679120 84.1485
3  7.732070  3.115940 82.7439
3 -4.342010  5.132680 82.7845
3 -3.883470  5.555280 84.2153
1  1.093560  4.448240 83.2659
3  6.650730  5.559310 82.6677
3  7.005910  5.019170 84.1682
3  5.600900  6.540520 82.6639
3 -2.733930  6.492330 84.1922
3 -2.251250  6.788440 82.7211
3 -0.840989  7.312930 82.6865
3 -0.271835  7.438770 84.1235
3  1.119320  7.720150 84.1324
3  1.684000  7.734970 82.6127
3  3.130940  7.648220 82.6054
3  3.723380  7.412010 84.0796
3  5.084260  6.883200 84.0973
3 -7.464390  0.660358 85.7084
3 -6.802160  1.937400 85.6706
1 -2.216370  1.697040 84.5212
1 -1.513330  0.039363 85.9457
1 -1.749100  1.510710 85.8481
1  4.250950  1.600490 84.6696
1  3.879080  0.421564 85.4549
3  7.900140  1.709290 85.6115
3 -5.229560  4.093310 85.6911
1 -1.013470  3.730700 84.2401
1 -0.438933  3.595570 85.4998
1 -0.783659  2.408340 86.3218
1  0.961952  3.886210 85.7046
1  1.711810  4.224270 84.5422
1  2.773300  2.322260 86.4052
1  3.547110  2.729520 85.2165
3  7.720830  3.109870 85.6268
3 -4.271690  5.130530 85.6517
3  6.637170  5.553350 85.7261
3  5.641320  6.614350 85.6614
3 -2.144270  6.761570 85.6018
3 -0.839391  7.345900 85.5383
3  1.776190  7.752820 85.5812
3  3.213100  7.618370 85.5319
3 -7.459460  0.072040 87.1011
3 -7.302420  0.623856 88.5355
3 -6.776680  1.960610 88.5228
1  0.581508  0.606034 87.1238
1  1.922900  0.068363 86.8436
1  3.008100  0.882529 86.5389
3  7.906880  1.102900 87.0532
3  7.923220  1.668680 88.5204
3 -6.517800  2.540940 87.0896
3 -5.598300  3.636000 87.1266
3 -5.131480  4.025850 88.5375
1  0.396852  1.993790 86.9920
1  1.464440  2.890630 86.6551
3  7.390770  3.632180 87.0841
3  7.687690  3.094950 88.5603
3 -4.273170  5.171780 88.5415
3 -3.839430  5.639210 87.0651
3 -2.695550  6.518260 87.0319
3  5.576440  6.558880 88.5226
3  6.559770  5.522080 88.5065
3  6.893800  4.991690 87.0613
3 -0.843111  7.404580 88.6025
3 -2.188440  6.902900 88.5427
3 -0.241708  7.550090 87.0056
3  1.216810  7.704670 87.0098
3  1.798400  7.674500 88.5736
3  3.799250  7.473740 87.0705
3  3.232100  7.603290 88.5822
3  5.128980  6.949910 87.0994
2  0.440806  0.875276 90.5060
2  1.854440  0.862784 90.4237
3  7.886730  1.080090 89.9985
3 -6.526740  2.544280 90.0327
3 -5.564790  3.623020 90.0078
3  7.555950  3.683950 90.0488
3 -3.837040  5.622040 90.0107
3 -2.709790  6.467230 89.9663
3  6.976810  4.968200 89.9987
3 -0.240434  7.672640 89.9982
3  1.207290  7.754000 90.0307
3  5.077560  6.866440 89.9581
3  3.792470  7.410640 89.9686
3 -7.272420  0.639836 91.4677
3 -6.855600  2.023590 91.4595
2 -1.432790  0.198788 91.6736
2 -1.456920  1.639260 91.5974
2  3.730490  0.184242 91.6088
2  3.735110  1.689080 91.6267
3  8.007560  1.658760 91.4924
3 -5.177610  4.086820 91.4313
2 -0.267629  2.092150 90.8527
2  0.467335  3.243850 91.3069
2 -0.046724  3.855230 92.5524
2  2.544670  2.077260 90.9380
2  1.902270  3.285290 91.3065
2  2.357040  4.052120 92.5491
3  7.688770  3.122430 91.5501
3 -4.258610  5.178000 91.4467
3  6.589670  5.425250 91.4135
3  5.622670  6.460270 91.4222
3 -2.205360  6.933500 91.4677
3 -0.844755  7.493860 91.4848
3  1.836000  7.822480 91.4139
3  3.257400  7.604200 91.4413
3 -7.358230  0.654372 94.4393
3 -6.840520  2.047510 94.4360
2 -2.415810  0.209573 93.8788
2 -2.531080  1.617570 93.9370
2  4.506860  0.281870 93.9271
2  4.603010  1.653060 93.9636
3  8.023290  1.061420 92.9187
3  8.011660  1.695770 94.3849
3 -5.622510  3.683880 92.9012
3 -6.527210  2.573750 92.8997
3 -5.123790  4.072900 94.3927
2 -1.957100  2.273580 92.7019
2 -1.182340  3.396900 93.1973
2 -1.230470  3.441240 94.6133
2  4.198040  2.339050 92.8192
2  3.490200  3.601880 93.2572
3  7.561130  3.639400 93.0054
3  7.738040  3.088100 94.4185
3 -3.839490  5.639130 92.9064
3 -4.161190  5.134870 94.3654
2  1.145420  4.337650 93.3190
3  6.852070  4.873320 92.9532
3  6.462870  5.393970 94.4297
3  5.519780  6.449280 94.4067
3 -2.708230  6.567830 92.8850
3 -2.155050  6.789270 94.3604
3 -0.806964  7.413160 94.3829
3 -0.198769  7.566740 92.9209
3  1.166970  7.827120 92.8631
3  1.785420  7.768010 94.4016
3  5.107140  6.824850 92.9105
3  3.829220  7.442970 92.8747
3  3.238500  7.673780 94.3152
2 -2.084950  2.390770 95.1098
2  4.115550  2.346470 95.1476
2  3.391600  3.517410 94.7257
2  1.066820  4.399120 94.6874