276

3 -1.778280 -7.984280 68.7247
3 -5.502280 -6.367120 68.7840
3 -3.158840 -7.651970 68.7493
3  1.021130 -7.852180 68.8265
3  2.337580 -7.413860 68.8191
3 -6.453240 -5.235130 68.7437
3  4.605220 -5.905210 68.7698
3  5.522880 -4.834230 68.7844
3 -7.737150 -2.847680 68.7822
3  6.884960 -2.521750 68.7874
3 -8.013690 -1.462460 68.7237
1 -1.688860 -0.662523 67.7017
1 -0.884974 -0.355770 68.8380
1  0.963482 -1.787310 68.0439
1  0.462753 -0.898908 69.0007
1  3.175170 -0.607700 68.2075
1  2.406410 -1.676930 67.6555
3  7.338850 -1.192960 68.7822
3 -1.774710 -8.237960 71.3721
3 -1.089180 -8.176090 70.0760
3 -4.935460 -6.627200 70.0636
3 -5.407730 -6.194260 71.4034
3 -3.104470 -7.734950 71.4327
3 -3.680870 -7.349990 70.0562
3  0.320390 -8.060810 70.0926
3  0.892283 -7.930140 71.4125
3  2.251250 -7.480320 71.4272
3  2.905970 -7.159230 70.1389
3 -6.730230 -4.620380 70.1000
3 -6.334450 -5.150170 71.4325
3  4.086630 -6.358770 70.1240
3  4.616080 -5.956070 71.4360
3  5.531130 -4.867340 71.4274
3 -7.406680 -3.406680 70.1307
3 -7.590090 -2.792620 71.4668
3  5.888750 -4.338940 70.1072
3  6.633270 -3.126950 70.1370
3  6.989230 -2.510800 71.4310
3 -8.081990 -0.843204 70.0987
3 -8.087700 -1.473810 71.4096
3  7.682360 -0.580657 70.0777
3  7.464040 -1.181810 71.4087
3 -1.141250 -8.264780 72.7147
3  0.265372 -8.151730 72.7509
3 -4.880580 -6.686710 72.7531
3 -3.665830 -7.417160 72.7244
3  2.776910 -7.053070 72.7518
3 -6.739900 -4.676200 72.7847
3  4.024840 -6.279520 72.7438
3 -7.325660 -3.413360 72.7724
3  5.847930 -4.325800 72.7370
3  6.692840 -3.183520 72.7334
3 -8.055250 -0.860263 72.7656
3  7.549380 -0.529221 72.7688
3 -1.780370 -8.204960 74.0650
3 -1.154800 -8.251720 75.4251
3 -4.918800 -6.694650 75.4020
3 -5.386690 -6.197720 74.0659
3 -3.786260 -7.581390 75.3745
3 -3.118670 -7.724950 74.0605
3  0.249095 -8.035060 75.4298
3  0.876444 -7.897170 74.0974
3  2.153620 -7.319340 74.1302
3  2.651110 -6.945220 75.4372
3  3.870240 -6.135710 75.4125
3 -6.406960 -5.212730 74.0855
3 -6.839790 -4.725120 75.4216
3  4.499850 -5.874270 74.0814
3  5.466990 -4.782290 74.0363
3  5.720270 -4.250470 75.4502
3 -7.701040 -2.845580 74.1385
3 -7.442480 -3.418610 75.4602
3  6.814490 -2.524480 74.1415
3  6.482090 -3.037290 75.4727
3 -8.010890 -1.473360 74.1372
3 -8.035380 -0.795139 75.4653
2 -0.006178 -1.492530 75.0662
2 -1.239760 -2.158010 75.4118
2  1.156620 -1.865980 75.7871
3  7.220900 -1.093600 74.0908
3  7.414150 -0.474697 75.3794
3 -1.819180 -8.239200 76.7732
3 -5.409760 -6.313900 76.7457
3 -3.179140 -7.907880 76.7224
3  0.860487 -7.915430 76.7633
3  2.191370 -7.389490 76.7781
3 -6.412640 -5.283800 76.7650
3  4.379380 -5.764560 76.7545
3  5.355570 -4.718380 76.7464
3 -7.534670 -2.867110 76.8015
2 -2.254310 -3.329610 77.3273
2 -3.356750 -2.484910 77.3186
2 -1.231950 -3.268990 76.3232
2  0.006324 -3.712410 76.9570
2  1.198460 -3.016810 76.6799
2  2.120870 -2.706780 77.7173
3  6.745340 -2.419400 76.7887
3 -7.799240 -1.467380 76.7511
2 -2.285350 -1.187420 75.4683
2 -3.371880 -1.370590 76.4016
2  2.111350 -0.937023 76.1842
2  2.665530 -1.386710 77.4753
3  7.237290 -1.071380 76.7520
3 -1.883540 -8.360500 79.3306
3 -1.180940 -8.320470 78.0467
3 -4.988070 -6.814320 78.0453
3 -5.437830 -6.375430 79.4000
3 -3.821200 -7.690330 78.0075
3 -3.259710 -8.007160 79.3276
3  0.218238 -8.153840 78.0638
3  0.860621 -7.979900 79.3929
3  2.149650 -7.385620 79.4045
3  2.677940 -7.045490 78.0929
3  3.896470 -6.246120 78.0635
3 -6.402410 -5.281960 79.3959
3 -6.716270 -4.752910 78.1004
2 -0.328998 -4.152030 78.3221
2  0.548193 -3.785090 79.3189
3  4.337790 -5.790380 79.4077
3  5.288760 -4.766810 79.4236
3 -7.490000 -2.811080 79.4131
3 -7.331530 -3.455670 78.0872
2 -2.276050 -3.402380 79.7358
2 -1.764810 -3.963580 78.5238
2  1.787660 -3.109960 79.0110
3  5.662130 -4.194690 78.0990
3  6.377650 -2.935800 78.1270
3  6.680440 -2.378930 79.4955
3 -7.727490 -1.408300 79.4064
3 -7.834890 -0.790287 78.0783
2 -4.220730 -0.601464 78.4284
2 -3.887620 -1.984470 78.6312
2  2.894520 -0.492857 78.5804
3  7.219240 -1.092410 79.4622
3  7.466230 -0.529338 78.1162
3 -7.556630  1.210220 68.7619
1 -0.891974  0.957658 69.3575
1  3.215840  1.597280 69.0577
1  2.626350  0.281781 69.2200
1  4.194840  1.537330 67.9197
3  7.834120  1.490340 68.7620
3 -6.928960  2.459280 68.7654
1 -1.032170  3.313830 68.4345
1 -1.624540  2.031770 68.6629
1  0.224716  3.605880 68.8857
1  2.439520  2.784790 69.2713
3  7.757560  2.936570 68.7961
3 -5.335800  4.594060 68.8111
3 -4.307920  5.597350 68.8186
1  1.134870  4.334020 68.0927
1  2.520500  3.817890 68.2488
3  6.512770  5.298590 68.7922
3 -2.097690  7.178600 68.8424
3 -0.762255  7.696130 68.8453
3  1.837670  8.088380 68.8445
3  3.301360  7.764890 68.8303
3  5.669640  6.466570 68.8137
3 -7.738420  0.554912 70.0829
3 -7.604950  1.175260 71.4027
1  1.310840  0.127709 69.6015
1  0.441494  1.329240 69.7017
3  7.921750  1.485400 71.3591
3  7.911470  0.786550 70.0679
3 -6.998930  2.429340 71.4823
3 -6.540540  2.944380 70.1517
1  0.914844  2.593500 69.5617
3  7.490720  3.525730 70.0733
3  7.614230  2.883190 71.3771
3 -5.800740  4.158790 70.1409
3 -5.434610  4.612140 71.4821
3 -4.404020  5.604810 71.4696
3  6.885450  4.825690 70.1084
3  6.397590  5.264610 71.4357
3 -3.903100  6.051540 70.1499
3 -2.661950  6.767040 70.1576
3 -2.066520  7.031150 71.5050
3 -0.776840  7.655410 71.4683
3 -0.183749  7.847440 70.1440
3  1.191810  8.175830 70.2091
3  1.804500  8.063450 71.5546
3  3.217720  7.830900 71.5038
3  3.838640  7.528770 70.1866
3  5.596870  6.394970 71.5290
3  5.060440  6.768380 70.1915
3 -7.774000  0.570343 72.7267
3  7.805270  0.872922 72.7646
3 -6.792020  3.042980 72.7727
3  7.520350  3.529080 72.7218
3 -5.937060  4.168900 72.7803
3 -3.818900  5.916450 72.7667
3  6.786250  4.735110 72.7297
3 -2.643170  6.747210 72.8170
3 -0.167443  7.890700 72.8283
3  1.271320  8.035200 72.8482
3  3.784060  7.426860 72.8102
3  5.099700  6.841200 72.8412
3 -7.618930  1.187060 74.1004
3 -7.833000  0.619835 75.4339
2 -1.676440  0.088637 75.1717
2 -0.314164 -0.055348 74.8870
3  7.984890  1.531540 74.0490
3  7.773920  0.872974 75.3821
3 -7.146580  2.530030 74.0807
3 -6.835660  3.138830 75.4559
3  7.634990  2.894000 74.0855
3  7.540630  3.503830 75.4499
3 -5.942370  4.222090 75.4278
3 -5.409090  4.578350 74.0818
3 -4.361660  5.494580 74.0711
3 -3.958930  6.058650 75.4157
3  6.520500  5.294830 74.1091
3  6.875890  4.746490 75.4606
3 -2.754500  6.843030 75.4214
3 -2.127960  7.183160 74.1313
3 -0.777167  7.566900 74.1471
3 -0.202429  7.808500 75.4987
3  1.184940  7.894880 75.5476
3  1.863410  7.943470 74.2059
3  3.224450  7.626660 74.1447
3  3.894470  7.391670 75.4929
3  5.658380  6.432530 74.1532
3  5.056040  6.719320 75.5125
3 -7.767890  1.335830 76.7036
2 -2.220650  1.156410 75.8942
2 -3.339250  1.091240 76.8088
2  0.631642  0.924584 75.3613
2  1.893640  0.469642 76.0778
2  2.149650  1.407420 77.1540
3  7.813810  1.476760 76.7324
3 -7.240800  2.670190 76.7347
2 -1.295960  2.177880 76.4001
2  0.103890  2.052200 76.1185
2  1.049950  2.362740 77.2068
3  7.661930  2.920110 76.7772
3 -5.513280  4.734390 76.7099
3 -4.516950  5.742460 76.7323
3  6.510480  5.309080 76.7547
3 -2.135710  6.989380 76.7525
3 -0.802289  7.419810 76.8133
3  1.808160  7.856940 76.8147
3  3.223250  7.516260 76.8043
3  5.524410  6.255960 76.7838
3 -7.840280  0.673043 78.0466
3 -7.747390  1.269070 79.3959
2 -3.063030  1.984750 77.9324
2 -3.889870 -0.216656 77.0464
2  2.113300  1.360200 79.6658
2  2.700200  0.927480 78.3924
3  7.778390  0.847194 78.1185
3  7.869910  1.513040 79.3986
3 -7.192800  2.602340 79.3948
3 -6.927400  3.194990 78.0301
2 -1.815750  2.707790 77.6172
2 -0.924246  2.962490 78.7090
2  0.511060  2.790660 78.4911
3  7.568570  3.528720 78.0950
3  7.786880  2.928580 79.4238
3 -6.037350  4.327460 77.9927
3 -5.726180  4.885560 79.3446
3 -4.564070  5.686400 79.3961
3  6.966560  4.817480 78.0879
3  6.696770  5.422410 79.4187
3 -4.013270  6.074420 78.0749
3 -2.750930  6.669700 78.0583
3 -2.138590  6.845210 79.4543
3 -0.808505  7.300290 79.4922
3 -0.202573  7.599070 78.1862
3  1.204030  7.815800 78.1480
3  1.881770  7.743720 79.4819
3  3.296680  7.698510 79.4374
3  3.844600  7.407290 78.1304
3  5.687810  6.393210 79.4086
3  5.096470  6.729560 78.0976
2 -3.364000  1.538000 79.2321
2 -3.975940  0.315252 79.5553
2  1.098690  2.322520 79.7385