294

2 -2.272080 -3.512410 22.8776
2 -0.972031 -3.017040 22.8641
2 -5.589850 -0.891612 22.7625
3 -3.391700 -7.259950 23.0347
3 -4.014130 -6.934860 24.2458
3 -2.076750 -7.742020 23.0358
3 -1.393660 -7.895620 24.2480
3  0.698136 -7.988280 23.0363
3  0.000311 -8.018570 24.2487
3  2.076050 -7.745800 23.0364
3  2.742280 -7.535950 24.2491
3  4.599100 -6.569990 23.0366
3  4.010530 -6.944580 24.2498
3 -5.731750 -5.686810 23.0351
3 -6.720700 -4.670110 23.0344
3 -5.166830 -6.134740 24.2416
3  5.671040 -5.670830 23.0367
3  6.142480 -5.155640 24.2498
3 -7.758830 -2.806790 24.2509
3 -7.077610 -4.051610 24.2488
3 -8.140400 -2.156690 23.0451
2 -3.156540 -3.067520 23.9386
2 -4.422260 -2.828330 23.3315
2 -2.756170 -2.171610 24.9579
2 -0.540947 -2.113150 23.8996
3  6.944340 -4.008840 24.2498
3  7.267930 -3.390610 23.0364
3 -8.431800 -0.738051 23.0450
2 -5.122240 -1.719250 23.7768
2 -4.837870 -0.881688 24.9208
2 -1.401210 -1.688970 24.9192
2  0.359587 -1.164900 23.3000
3  7.746360 -2.075740 23.0360
3  7.894660 -1.392740 24.2482
3 -3.391250 -7.263400 25.4579
3 -4.010090 -6.942340 26.6716
3 -2.076190 -7.744340 25.4602
3 -1.393490 -7.896920 26.6729
3  0.698501 -7.988570 25.4612
3  0.000660 -8.019030 26.6737
3  2.076670 -7.745490 25.4621
3  2.743520 -7.534240 26.6749
3  4.599620 -6.568160 25.4630
3  4.011760 -6.940740 26.6775
3 -5.673440 -5.657090 25.4564
3 -6.591390 -4.596260 25.4527
3 -5.155490 -6.136500 26.6686
3  5.670800 -5.666840 25.4647
3  6.140560 -5.144770 26.6776
3 -7.537840 -2.735610 26.6695
3 -7.826120 -2.085760 25.4583
3 -6.939170 -4.000420 26.6712
3  6.944380 -3.997850 26.6805
3  7.261810 -3.385340 25.4624
3 -8.084780 -0.704162 25.4569
3 -8.020520 -0.003805 26.6714
2 -3.575840 -1.082950 25.4860
2 -1.388810 -0.318439 25.3610
3  7.739000 -2.070500 25.4625
3  7.902240 -1.388710 26.6753
3 -3.390240 -7.267160 27.8847
3 -4.009100 -6.945630 29.0980
3 -2.075200 -7.746070 27.8857
3 -1.393010 -7.897140 29.0983
3  0.699056 -7.988040 27.8863
3  0.000932 -8.018560 29.0987
3  2.077310 -7.743890 27.8876
3  2.745100 -7.530190 29.1000
3  4.602660 -6.558950 27.8902
3  4.013190 -6.933870 29.1033
3 -5.669280 -5.669510 27.8843
3 -6.566860 -4.595600 27.8836
3 -5.155320 -6.143030 29.0976
3  5.679430 -5.660650 27.8948
3  6.197990 -5.160860 29.1019
3 -7.534360 -2.742500 29.0988
3 -6.943800 -4.010790 29.0982
1  2.219950 -2.344610 28.3210
1  2.929840 -3.152200 29.2833
1  4.289070 -2.693740 29.2847
3  7.074900 -4.052040 29.1022
3  7.312600 -3.386200 27.8900
3  7.842240 -2.084610 27.8915
3 -7.738800 -2.074330 27.8865
3 -7.980640 -0.697544 27.8865
3 -8.017100 -0.000638 29.0992
1  0.502688 -0.594555 28.3240
1 -0.388195 -0.161674 29.3689
1  0.926791 -1.932800 28.6311
1  2.735670 -0.082447 27.4235
1  3.133870 -1.410500 27.6997
1  4.437650 -1.643280 28.2629
1  5.190050 -0.492772 28.5585
3  8.214590 -1.429690 29.0884
3  8.357480 -0.003182 29.0888
3 -3.389590 -7.267980 30.3108
3 -4.009060 -6.945690 31.5234
3 -2.074780 -7.746170 30.3109
3 -1.392870 -7.897040 31.5233
3  0.699198 -7.987060 30.3110
3  0.000957 -8.018270 31.5233
3  2.077150 -7.742170 30.3115
3  2.745880 -7.528860 31.5229
3  4.614080 -6.553890 30.3126
3  4.014680 -6.932880 31.5217
3 -5.670060 -5.671880 30.3108
3 -6.569510 -4.600260 30.3110
3 -5.155240 -6.143450 31.5235
3  5.716430 -5.678100 30.3144
3  6.273770 -5.212070 31.5214
3 -7.536450 -2.743260 31.5238
3 -6.944950 -4.011190 31.5236
1  0.320078 -2.323040 29.8764
1  1.011960 -3.092280 30.8149
1  2.354210 -3.527080 30.5296
1  4.826830 -2.555150 30.5579
3  7.183710 -4.110740 31.5204
3  7.572080 -3.487450 30.3038
3  8.161260 -2.170530 30.3024
3 -7.746290 -2.076830 30.3114
3 -7.989250 -0.698882 30.3115
3 -8.020080 -0.000483 31.5235
1 -0.500908 -1.230410 30.3292
1  5.493620 -1.373450 30.8386
1  5.620900 -0.413213 29.8989
3  8.344400 -1.449960 31.5251
3  8.457670 -0.005167 31.5240
3 -3.389740 -7.267950 32.7361
3 -2.074880 -7.746250 32.7358
3  0.699247 -7.987370 32.7355
3  2.077310 -7.742570 32.7345
3  4.613350 -6.558700 32.7318
3 -5.670180 -5.671720 32.7362
3 -6.569580 -4.599930 32.7364
3  5.713040 -5.681340 32.7274
1  0.909201 -2.791910 32.2219
1  2.181710 -3.030600 32.8466
1  4.347520 -3.052760 31.8121
1  3.053150 -3.532370 31.8097
1  4.777720 -2.152930 32.8656
3  7.487870 -3.454380 32.7358
3  8.062490 -2.146230 32.7398
3 -7.746070 -2.076770 32.7362
3 -7.988860 -0.698827 32.7356
1  0.118971 -1.729470 32.6593
1 -0.596157 -0.938367 31.6933
1  5.480280 -1.126470 32.2101
2 -5.497690  1.372090 22.2689
2  0.495553  1.230240 22.7754
2 -4.824070  2.551740 22.5459
2 -2.353070  3.531850 22.5750
2 -1.008660  3.099520 22.2907
3 -8.317930  0.002009 24.2568
3 -8.174210  1.423100 24.2567
2 -5.188690  0.491829 24.5455
2 -5.628920  0.413366 23.2067
2 -4.433940  1.640210 24.8354
2 -0.925406  1.937030 24.4756
2 -0.507485  0.595628 24.7806
2  0.379230  0.162025 23.7343
3  7.746110  2.076800 23.0361
3  7.989010  0.698858 23.0360
3  8.016150  0.000748 24.2483
3 -8.135070  2.163340 23.0450
3 -7.549960  3.477750 23.0436
3 -7.052050  4.040410 24.2436
2 -4.287710  2.695060 23.8191
2 -2.929280  3.157630 23.8217
2 -2.219220  2.347680 24.7824
2 -0.319287  2.326650 23.2292
3  6.943420  4.010340 24.2493
3  7.533790  2.741980 24.2489
3 -5.712420  5.675500 23.0316
3 -6.186440  5.154960 24.2450
3  5.670090  5.671820 23.0366
3  6.569500  4.600120 23.0365
3  5.155420  6.142690 24.2500
3 -4.612660  6.553720 23.0340
3 -4.012950  6.934530 24.2437
3 -2.077120  7.742280 23.0355
3 -2.744880  7.530610 24.2471
3 -0.699147  7.987120 23.0361
3 -0.000884  8.018620 24.2485
3  2.074820  7.746170 23.0363
3  1.393080  7.897140 24.2489
3  3.389650  7.267940 23.0365
3  4.009220  6.945490 24.2493
3 -7.818940  2.079260 25.4556
3 -7.895270  1.388470 26.6727
2 -3.130410  1.407550 25.3970
2 -2.733780  0.080871 25.6801
3  7.738240  2.073720 25.4614
3  7.980040  0.697116 25.4613
3  8.029180  0.004026 26.6769
3 -7.297200  3.382220 25.4575
3 -6.942440  3.998660 26.6677
3  6.941190  3.999240 26.6768
3  7.544220  2.736100 26.6792
3 -5.676750  5.660200 25.4529
3 -6.140400  5.146530 26.6700
3  5.669160  5.668440 25.4632
3  6.566520  4.594180 25.4645
3  5.155740  6.135370 26.6792
3 -4.011560  6.941430 26.6701
3 -4.601860  6.560090 25.4572
3 -2.743300  7.534600 26.6724
3 -2.077230  7.744130 25.4596
3 -0.000580  8.019030 26.6735
3 -0.698971  7.988150 25.4608
3  1.393590  7.896820 26.6743
3  2.075340  7.745970 25.4616
3  4.010340  6.941500 26.6758
3  3.390400  7.266880 25.4627
3 -7.739600  2.071500 27.8853
3 -7.895530  1.392980 29.0992
1  1.392410  0.315022 27.7512
1  1.405930  1.681270 28.1990
1  4.840200  0.881267 28.1820
1  3.577130  1.081980 27.6187
1  5.123360  1.719450 29.3279
3  8.114050  0.706793 27.8901
3 -7.262810  3.386550 27.8852
3 -6.944660  4.009350 29.0978
1  0.537634  2.110750 29.2075
1  2.758050  2.166440 28.1554
1  3.158790  3.070500 29.1668
3  7.853700  2.091050 27.8891
3  7.102280  4.063770 29.0976
3  7.784990  2.816380 29.0962
3 -5.670880  5.667770 27.8831
3 -6.142570  5.155920 29.0977
3  5.676390  5.656820 27.8909
3  6.600750  4.600420 27.8948
3  5.169530  6.135830 29.1053
3 -4.599500  6.568680 27.8845
3 -4.010420  6.944740 29.0976
3 -2.076550  7.745590 27.8852
3 -2.742200  7.536000 29.0982
3 -0.698417  7.988570 27.8859
3 -0.000268  8.018500 29.0985
3  2.076370  7.744020 27.8870
3  1.393670  7.895470 29.0991
3  3.391420  7.262800 27.8895
3  4.015060  6.934220 29.1012
3 -7.746540  2.075840 30.3113
3 -7.898110  1.393440 31.5235
1 -0.464670  1.466630 31.2110
1 -0.369198  1.166140 29.8051
1  5.585910  0.891143 30.3420
3  8.443040  0.738946 30.3039
3 -7.268020  3.390660 30.3109
3 -6.945530  4.010310 31.5234
1  0.381518  2.598320 31.4881
1  0.973634  3.012080 30.2424
1  2.272590  3.511690 30.2281
1  2.998550  3.536220 31.4822
1  4.319300  3.092950 31.1983
1  4.426220  2.833660 29.7725
3  8.153820  2.160870 30.3040
3  7.181270  4.100420 31.5232
3  7.891890  2.852360 31.5236
3 -5.671000  5.670920 30.3106
3 -6.142820  5.156180 31.5234
3  5.739880  5.692750 30.3113
3  6.734760  4.679570 30.3117
3  5.181690  6.145030 31.5197
3 -4.599080  6.570020 30.3107
3 -4.010130  6.945070 31.5234
3 -2.076010  7.745810 30.3108
3 -2.742050  7.536050 31.5233
3 -0.698114  7.988250 30.3109
3 -0.000166  8.018210 31.5233
3  2.076830  7.741870 30.3112
3  1.393610  7.894870 31.5230
3  3.391740  7.259630 30.3120
3  4.019340  6.935440 31.5219
3 -7.746180  2.075700 32.7357
1 -0.575143  0.430142 32.1399
1  5.542230  0.156613 32.6487
1  5.542270  1.147800 31.6740
3  8.348580  0.730684 32.7417
3 -7.267880  3.390580 32.7359
1  2.441690  3.141550 32.7180
1  1.088790  2.650100 32.6961
1  4.919300  2.290210 32.1582
3  8.053230  2.134960 32.7421
3 -5.671060  5.670830 32.7362
3  5.703950  5.667910 32.7311
3  6.673700  4.642590 32.7290
3 -4.599150  6.570030 32.7361
3 -2.076080  7.745910 32.7359
3 -0.698137  7.988450 32.7357
3  2.076840  7.742580 32.7348
3  3.391960  7.260920 32.7325