308

3 -3.602180 -7.161740 117.636
3 -4.841210 -6.450280 117.627
3 -0.891486 -7.835760 117.677
3  0.505495 -7.642080 117.676
3  3.050850 -6.594630 117.738
3 -6.811590 -4.455620 117.583
3  4.203140 -5.805130 117.745
3  6.281680 -4.005020 117.737
3 -7.481480 -3.245610 117.595
3  7.208910 -2.971210 117.733
3  8.571290 -0.550702 117.690
3 -3.578570 -7.019270 120.098
3 -4.728560 -6.251300 120.100
3 -1.600480 -7.826610 118.906
3 -2.973460 -7.425810 118.879
3 -0.933711 -7.832790 120.156
3  0.448089 -7.572620 120.125
3  1.111100 -7.425910 118.908
3  2.416240 -6.912490 118.932
3  3.043910 -6.596090 120.155
3 -6.300920 -4.924710 118.825
3 -6.633530 -4.291760 120.044
3 -5.301590 -5.926770 118.832
3  4.249750 -5.861450 120.169
3  4.804260 -5.449580 118.948
3  5.815100 -4.491410 118.937
3  6.285130 -3.997960 120.158
3 -7.763430 -2.587910 118.807
3 -7.386390 -3.121700 120.060
3  7.659430 -2.408520 118.919
3  7.258350 -2.980540 120.116
3 -7.998310 -1.188960 118.763
3 -7.996540 -0.439052 119.959
3  8.381400 -1.188560 118.922
3  8.578910 -0.440789 120.100
3 -4.614680 -6.040680 122.573
3 -3.450230 -6.828530 122.602
3 -2.945550 -7.253120 121.344
3 -1.615020 -7.696890 121.354
3 -0.933568 -7.614430 122.620
3  0.471578 -7.571440 122.619
3  1.116600 -7.380110 121.361
3  2.443040 -6.907820 121.376
3  3.044310 -6.630650 122.627
3 -6.134440 -4.708920 121.300
3 -6.556880 -4.163170 122.546
3 -5.174210 -5.704290 121.318
3  4.133990 -5.767930 122.647
3  4.699780 -5.340490 121.414
3  5.761490 -4.410630 121.409
3 -7.545420 -2.389500 121.283
3 -7.270900 -2.935220 122.541
3  6.276430 -3.890240 122.590
3  7.234230 -2.904950 122.548
3  7.631580 -2.327170 121.309
3 -7.830600 -1.005900 121.209
3 -7.959810 -0.268170 122.418
3  8.282140 -1.073150 121.312
3  8.348440 -0.357561 122.492
3 -2.870060 -7.097920 123.853
3 -1.563850 -7.570400 123.878
3  1.182270 -7.502670 123.818
3  2.500390 -7.062270 123.851
3 -6.134120 -4.642350 123.786
3 -5.168610 -5.606510 123.827
3  4.716350 -5.311790 123.837
3  5.769450 -4.373590 123.783
3 -7.620440 -2.251550 123.740
3  7.529240 -2.216900 123.755
3 -7.979550 -0.902815 123.696
3  8.135980 -0.969604 123.708
3  8.236710 -0.211088 124.882
3 -4.670190 -6.060280 125.037
3 -3.489030 -6.809530 125.071
3 -2.898170 -7.183510 126.301
3 -1.533240 -7.501370 126.309
3 -0.848237 -7.672760 125.083
3  0.521952 -7.658420 125.071
3  1.256500 -7.503700 126.248
3  2.571640 -7.011380 126.262
3  3.164280 -6.695110 125.036
3 -6.567610 -4.055470 124.968
3 -6.099280 -4.523610 126.226
3 -5.157480 -5.598290 126.267
3  4.240380 -5.784120 125.020
3  4.775290 -5.339610 126.224
3  5.729410 -4.305110 126.217
3 -7.485600 -2.122550 126.179
3 -7.287400 -2.840540 124.974
3  6.237740 -3.854780 124.991
3  7.016390 -2.700550 124.968
3  7.208700 -1.986750 126.180
3 -8.046670 -0.141869 124.914
3 -7.929100 -0.775100 126.155
3  7.945110 -0.809617 126.115
3 -4.650540 -6.043580 127.499
3 -3.528240 -6.858900 127.516
3 -2.871300 -7.130670 128.732
3 -1.505500 -7.464750 128.753
3 -0.829013 -7.531260 127.525
3  0.598178 -7.573090 127.495
3  1.276980 -7.381960 128.724
3  2.576810 -6.865510 128.713
3  3.164450 -6.578260 127.483
3 -6.398930 -3.890320 127.435
3 -5.950380 -4.416870 128.670
3 -5.152670 -5.582800 128.712
3  4.312940 -5.821730 127.477
3  4.855130 -5.319310 128.697
3  5.820210 -4.329710 128.661
3 -7.325100 -1.993870 128.668
3 -7.089830 -2.668050 127.432
3  6.111660 -3.711800 127.431
3  6.873080 -2.563180 127.397
3 -7.944730 -0.033065 127.355
3 -7.762410 -0.663571 128.619
3  7.460260 -2.075240 128.608
3  8.084200 -0.826126 128.540
3  8.266780 -0.137951 127.345
3 -4.655690 -6.029120 129.922
3 -3.507980 -6.847740 129.948
3 -0.767807 -7.450120 129.966
3  0.627987 -7.389770 129.968
3  3.282060 -6.573500 129.894
3 -6.266070 -3.830790 129.901
3  4.427160 -5.785080 129.911
3  5.121780 -5.404320 131.098
3  6.213370 -4.530980 131.071
3 -6.964900 -2.619640 129.864
3  6.532330 -3.944370 129.834
3  7.327440 -2.797740 129.823
3  8.219180 -0.161465 132.197
3 -7.595610 -0.627346 131.091
3  7.741820 -2.179730 130.994
3  8.140870 -0.837289 130.979
3 -4.510040 -5.920050 132.384
3 -3.347640 -6.744690 132.406
3 -2.752630 -6.985200 131.166
3 -1.412160 -7.393930 131.153
3 -0.655845 -7.397910 132.364
3  0.751031 -7.330720 132.372
3  1.367290 -7.225280 131.145
3  2.726200 -6.940190 131.129
3  3.426990 -6.630300 132.362
3 -5.921730 -4.405290 131.138
3 -5.110610 -5.538030 131.155
3  4.594890 -5.867850 132.356
3 -6.301090 -3.821300 132.352
3 -7.198590 -1.961780 131.099
3 -6.953930 -2.553020 132.325
3  7.579720 -2.894800 132.220
3  6.811620 -4.109080 132.260
3  8.330760 -0.144981 129.744
3  4.379290  8.508670 131.434
3  1.725730  8.207360 132.298
3 -7.537020  0.163866 132.267
3  8.730520  0.847834 117.626
3  8.686570  1.589460 118.825
3 -6.758100  2.668340 118.642
3  8.427000  2.976210 118.740
3 -5.151640  4.967580 118.597
3 -4.098410  5.926070 118.517
3  7.329920  5.584910 118.587
3 -1.582520  7.192740 118.461
3 -0.232611  7.587160 118.446
3  2.536520  8.007520 118.468
3  3.924120  7.779500 118.463
3  6.452730  6.644190 118.527
3 -7.830980  0.966289 119.889
3 -7.471150  1.497960 118.682
3  8.686270  0.951969 120.050
3 -6.371710  3.278540 119.846
3  8.201010  3.724270 119.893
3 -5.576220  4.423550 119.810
3  7.356170  5.680090 120.972
3  7.628350  4.985940 119.801
3 -3.520300  6.328790 119.738
3 -2.275080  7.004310 119.674
3  0.440482  7.733320 119.660
3  2.515320  7.813730 120.860
3  4.618880  7.639450 119.675
3  3.876660  7.704450 120.863
3  5.926170  7.142570 119.708
3  6.444250  6.719320 120.949
3  1.820900  7.910280 119.654
3 -7.714990  1.707480 121.100
3 -7.988590  1.119640 122.356
3  8.525650  1.030820 122.394
3  8.640080  1.708600 121.187
3 -6.930160  2.829010 121.061
3 -6.611230  3.483750 122.258
3  8.464120  3.114230 121.104
3  8.285280  3.833260 122.310
3 -5.121440  4.979450 120.994
3 -5.668330  4.532500 122.196
3 -4.071590  5.887390 120.932
3  7.805430  5.154160 122.220
3 -3.486310  6.370750 122.119
3 -1.613860  7.334510 120.873
3 -2.249650  7.039400 122.087
3 -0.284482  7.708620 120.849
3  0.373352  7.792000 122.062
3  4.482100  7.397000 122.087
3  5.837030  7.073670 122.154
3  1.763120  7.791290 122.056
3 -7.808760  1.883570 123.566
3 -7.990190  1.256360 124.814
3  8.427920  1.168560 124.844
3  8.514570  1.785680 123.579
3 -7.119990  3.087750 123.500
3 -6.732630  3.791850 124.653
3  8.441010  3.201610 123.538
3  8.305980  3.952440 124.720
3 -5.736990  4.753310 124.603
3 -5.139880  5.059900 123.377
3 -4.013120  5.879140 123.323
3  7.467560  5.816780 123.410
3  7.823950  5.269840 124.655
3 -3.450960  6.276120 124.542
3 -1.653470  7.265010 123.315
3 -2.252190  6.971480 124.537
3 -0.331201  7.680080 123.300
3  0.329169  7.761440 124.544
3  1.710850  7.701600 124.499
3  4.455380  7.445650 124.490
3  3.813070  7.514880 123.293
3  6.412550  6.712020 123.378
3  5.771140  7.090580 124.543
3  2.438890  7.681310 123.279
3 -7.736940  2.007310 125.989
3  8.455450  1.865120 126.021
3 -7.073310  3.244260 125.922
3  8.324630  3.245420 125.961
3 -5.209940  5.269170 125.799
3  7.346430  5.831630 125.840
3  7.627150  5.289900 127.078
3 -4.070550  6.071550 125.769
3 -1.617140  7.269070 125.756
3 -0.328910  7.718270 125.764
3  0.353936  7.972710 126.953
3  2.380090  7.843760 125.664
3  1.722240  8.075520 126.856
3  3.729140  7.673290 125.660
3  4.429250  7.720140 126.858
3  6.337670  6.795000 125.747
3  5.713820  7.218110 126.909
3 -7.898430  1.375020 127.288
3 -7.642950  2.047010 128.482
3  8.515840  1.253330 127.276
3 -6.716620  3.880120 127.116
3 -7.070790  3.329750 128.378
3  8.477100  1.961990 128.490
3  8.262830  3.330560 128.383
3  8.190820  3.996120 127.155
3 -5.791830  4.935450 127.057
3 -5.356410  5.504590 128.247
3  7.118530  5.853540 128.232
3 -3.535890  6.530760 127.004
3 -4.156960  6.239190 128.250
3 -2.280620  7.165650 126.990
3 -1.653240  7.524950 128.207
3 -0.312920  7.940290 128.196
3  3.810660  8.164680 127.997
3  6.274650  6.959590 128.152
3  2.416730  8.223800 128.059
3  4.565850  8.326420 129.112
3 -7.759560  1.416930 129.749
3 -7.522150  2.184950 130.914
3 -1.877330  7.971070 133.033
3  8.475750  1.261660 129.717
3 -6.677140  3.967230 129.557
3 -7.070480  3.489860 130.824
3  8.312650  1.971780 130.925
3  7.953110  3.350840 130.824
3 -5.887950  5.136520 129.492
3 -5.366080  5.727790 130.648
3  7.916690  4.010750 129.577
3  7.350660  5.293330 129.495
3 -3.546460  6.718930 129.425
3 -4.275750  6.585360 130.622
3 -2.256290  7.244370 129.423
3 -1.645190  7.628930 130.648
3  6.189490  7.203860 130.507
3  6.922380  6.007030 130.629
3  5.757060  7.614990 129.247
3  0.387377  8.254380 129.445
3 -0.249933  8.013290 130.702
3  1.772290  8.653750 129.237
3  2.653180  9.361540 130.076
3  4.013750  8.998300 130.205
3 -7.445320  1.543520 132.168
3  0.356578  8.059940 131.997
3  8.172770  1.245290 132.114
3 -6.778380  4.229840 131.962
3 -5.927060  5.346130 131.872
3 -5.508660  6.046930 133.060
3  7.587210  4.067440 131.978
3  7.124130  5.412760 131.868
3 -3.770300  7.144070 131.808
3 -4.486350  7.001970 132.988
3 -2.457160  7.624010 131.809
3  3.343200  8.165340 132.245
3  5.547580  7.725270 131.642
3  5.891900  7.246770 132.913
3  6.633900  6.042380 133.001
3 -7.789890  0.015000 129.845
3  7.554140  3.339800 133.182
3 -0.490584  8.119660 133.176