297

3 -5.053520 -6.855570 104.658
3 -5.538020 -6.457510 105.992
3 -3.831260 -7.595870 104.674
3 -3.290140 -7.884090 106.009
3 -1.870890 -8.278320 106.058
3 -1.284000 -8.257100 104.745
3  0.063461 -7.907380 104.712
3  0.662260 -7.669160 106.036
3  1.957120 -7.077170 106.005
3  2.467970 -6.737060 104.731
3 -6.826650 -4.921680 104.658
3 -6.550720 -5.501070 105.962
3  3.717270 -6.070850 104.719
3  4.225870 -5.621980 106.012
3  5.255670 -4.629180 106.024
3 -7.564990 -2.997140 105.942
3 -7.361180 -3.636530 104.635
1 -1.226590 -1.839480 105.417
3  5.606150 -4.121780 104.765
3  6.397000 -2.939930 104.711
3  6.789060 -2.422490 106.039
3 -7.662270 -1.546840 106.021
3 -7.663900 -0.938986 104.653
1 -2.888520 -0.218633 105.667
1 -0.878251 -0.657113 104.632
1 -1.856750  0.337563 104.810
1  1.441320 -0.986801 105.247
1  0.408479 -0.268958 104.582
1  2.438530 -0.030904 105.720
3  7.571220 -0.550357 104.671
3  7.406220 -1.192210 105.998
3 -5.068440 -6.885740 107.305
3 -3.842060 -7.471330 107.312
3 -1.297290 -8.180950 107.447
3  0.113070 -7.831310 107.391
3  2.393660 -6.696340 107.355
3 -6.893820 -4.961760 107.301
3  3.667600 -5.979510 107.378
3 -7.360870 -3.568030 107.323
1 -2.774580 -2.056000 107.290
1 -0.214119 -2.647290 105.941
1 -0.446341 -3.076710 107.291
1  1.198980 -2.268770 105.823
1  1.803140 -2.441820 107.183
3  5.742560 -4.167870 107.318
3  6.504640 -2.976160 107.340
3 -7.697480 -0.968433 107.380
1 -2.526920 -1.592080 105.995
1  2.791520 -1.530610 107.661
1  3.073680 -0.297498 106.914
3  7.593160 -0.592763 107.313
3 -5.653810 -6.600360 108.647
3 -5.228950 -7.020290 110.013
3 -3.945410 -7.660350 109.998
3 -3.345690 -7.788520 108.677
3 -1.984670 -8.183020 108.772
3 -1.335680 -8.115120 110.081
3  0.008531 -7.780260 110.091
3  0.628329 -7.563860 108.722
3  1.891580 -6.940490 108.737
3  2.481490 -6.657360 110.024
3 -6.632070 -5.572460 108.645
3 -6.986610 -4.996100 110.006
3  3.697460 -5.962570 110.014
3  4.184010 -5.536910 108.699
3  5.241240 -4.557070 108.688
3 -7.624580 -3.017770 108.701
3 -7.464540 -3.637780 110.011
1 -1.681280 -2.823550 107.959
1 -1.693660 -2.441920 109.349
1  0.772184 -2.929350 108.037
1  0.753486 -2.550820 109.368
3  5.659200 -4.129970 110.013
3  6.560030 -3.054750 110.030
3  6.854580 -2.488240 108.659
3 -7.726130 -1.593900 108.712
3 -7.599900 -0.960994 110.051
1 -3.391140 -1.195630 108.232
1 -2.773350 -1.456880 109.505
1  2.770490 -1.096910 109.089
3  7.431850 -1.165170 108.629
3  7.618070 -0.593637 109.967
3 -5.779190 -6.632700 111.321
3 -3.435350 -7.959930 111.333
3 -2.023280 -8.133230 111.379
3  0.623630 -7.533360 111.385
3  1.932390 -6.995050 111.384
3 -6.668380 -5.521040 111.340
3  4.239890 -5.538080 111.375
3  5.236410 -4.594150 111.351
3 -7.605340 -3.033350 111.307
1 -0.491825 -2.304700 110.082
3  6.861720 -2.449340 111.314
3 -7.664530 -1.597640 111.373
1 -2.603050 -0.360905 110.398
1 -1.347390 -0.188496 111.088
1 -0.304969 -1.132370 110.918
1  1.771710 -1.648370 109.911
1  1.108690 -0.750182 110.907
3  7.451530 -1.201290 111.284
3 -5.347700 -7.027670 112.666
3 -5.804850 -6.521870 113.983
3 -4.114290 -7.773830 112.687
3 -3.425770 -7.851100 113.988
3 -2.013630 -8.010680 114.028
3 -1.372760 -7.900170 112.693
3  0.019118 -7.625540 112.703
3  0.639826 -7.550240 114.078
3  1.969860 -7.058940 114.065
3  2.500400 -6.727330 112.674
3 -6.992860 -4.950710 112.690
3 -6.698600 -5.435830 114.002
3  3.705530 -5.930960 112.697
3  4.250770 -5.587320 114.044
3  5.273760 -4.650510 114.014
3 -7.804100 -3.035400 114.024
3 -7.655520 -3.705190 112.671
3  5.643720 -4.114210 112.675
3  6.546230 -3.047810 112.599
3  6.945620 -2.479390 113.977
3 -7.838210 -1.633740 114.065
3 -7.800310 -0.925889 112.736
3  7.572430 -1.236600 113.993
3  7.783800 -0.606809 112.665
3 -5.338460 -6.969070 115.352
3 -4.072610 -7.616190 115.314
3 -1.386810 -7.938620 115.359
3 -0.010126 -7.588640 115.368
3  2.502310 -6.696700 115.351
3  3.661320 -5.875970 115.361
3 -6.963780 -4.903880 115.407
3 -7.671510 -3.642300 115.376
2  2.615810 -2.210660 116.605
3  5.707570 -4.144350 115.329
3  6.704740 -3.101820 115.310
3 -7.901650 -0.981269 115.436
2 -0.417102 -0.936914 115.267
2 -1.453560 -0.367454 116.036
2  2.351120 -0.792764 114.584
2  1.849040 -1.895480 115.370
2  0.414944 -1.918800 115.799
2  4.327980 -0.489326 116.108
3  7.796130 -0.611857 115.360
3 -7.469840  0.481130 104.685
3 -7.243330  1.074460 106.040
1 -1.587750  1.723220 104.817
1 -0.185321  2.159750 104.741
1  0.797236  1.142150 104.588
1  2.009680  1.254520 105.324
1  2.256940  2.368560 106.132
3  7.830380  0.829219 104.664
3  7.841640  1.447200 105.963
3 -6.656040  3.114740 104.706
3 -6.934620  2.472260 105.997
3 -5.999830  4.385750 104.696
1 -2.173010  2.527990 105.811
1 -1.293010  3.541570 106.257
1 -0.025613  3.291580 105.626
1  1.168810  3.337840 106.374
3  7.682980  3.534650 104.700
3  7.779010  2.898620 106.007
3 -5.627660  4.883180 106.009
3 -4.645930  5.906660 106.015
3 -4.130720  6.325890 104.706
3  6.541780  5.293880 105.998
3  7.038430  4.827010 104.665
3 -2.814060  6.962330 104.746
3 -2.303050  7.324380 106.077
3 -0.959391  7.895850 106.085
3 -0.313920  7.968040 104.731
3  1.144180  8.014170 104.775
3  1.706400  7.874140 106.112
3  3.113740  7.408740 106.093
3  3.682670  7.169360 104.694
3  5.542830  6.292520 106.012
3  4.940840  6.505380 104.665
3 -7.359080  0.429620 107.421
1 -3.859490  0.090297 107.915
1 -3.210330  1.960680 106.606
1 -3.615140  0.546504 106.573
1  2.864910  2.118140 107.461
1  3.196180  0.836799 107.846
3  7.740770  0.842609 107.318
3 -6.700690  3.101650 107.328
1 -3.346450  2.389640 108.025
1 -1.308370  3.836740 107.620
1 -0.088226  3.935170 108.346
1  1.105930  3.623440 107.722
3  7.510110  3.484540 107.373
3 -5.956650  4.283390 107.360
3 -4.093340  6.300890 107.402
3  6.956250  4.763810 107.343
3 -2.853140  7.003470 107.390
3 -0.310280  7.956600 107.425
3  1.131540  7.977930 107.441
3  3.715720  7.314420 107.413
3  5.008940  6.600690 107.397
3 -7.477650  0.467055 110.028
3 -7.285210  1.084340 108.740
1 -3.734840  1.188960 108.800
1 -3.137750  0.962736 110.057
1  2.388510  1.195750 110.072
1  2.975250  0.342122 109.135
3  7.856710  0.777775 109.955
3  7.773290  1.456300 108.649
3 -6.867910  2.417240 108.707
3 -6.599470  3.016300 110.023
3 -5.848310  4.212030 110.047
1 -2.339010  3.290840 108.480
1 -1.728320  3.054690 109.795
1 -0.333310  3.472020 109.677
1  2.020510  2.571550 109.757
1  0.680298  2.785290 110.328
1  2.202720  3.000260 108.430
3  7.411460  3.451420 110.046
3  7.660290  2.871750 108.688
3 -5.532070  4.759880 108.689
3 -4.549670  5.809450 108.730
3 -4.070220  6.258320 110.100
3  6.861270  4.725770 110.085
3  6.557070  5.259670 108.688
3 -2.869380  7.024770 110.082
3 -2.243120  7.229100 108.707
3 -0.890159  7.744320 108.738
3 -0.281220  7.889260 110.120
3  1.178080  7.993600 110.123
3  1.814640  7.969510 108.763
3  3.200730  7.645390 108.757
3  3.817840  7.407200 110.052
3  5.601070  6.296520 108.707
3  4.985370  6.615920 110.035
3 -7.301300  1.061990 111.415
1 -1.058050  1.229460 111.129
1  0.309438  1.599790 111.131
1  1.381730  0.611247 110.933
3  7.874170  1.413320 111.342
3 -6.863030  2.417190 111.441
1 -2.098280  1.962000 110.514
3  7.604630  2.833730 111.330
3 -5.464560  4.697910 111.442
3 -4.374590  5.652020 111.461
3  6.517840  5.257820 111.379
3 -2.289690  7.324820 111.505
3 -0.911487  7.768720 111.511
3  1.813660  7.945530 111.469
3  3.247780  7.695390 111.439
3  5.552980  6.319700 111.396
3 -7.536160  0.443182 112.763
3 -7.436120  1.032750 114.123
2  0.064298  0.121125 114.400
2  1.406090  0.191411 114.077
2  2.135760  1.469830 114.102
3  7.994970  1.445190 114.011
3  7.994910  0.764044 112.679
3 -6.511010  2.905250 112.803
3 -6.828460  2.316020 114.156
3 -5.796840  4.110080 112.789
3  7.563670  3.470950 112.721
3  7.710260  2.827040 114.071
3 -5.339170  4.532080 114.136
3 -4.392500  5.597610 114.148
3 -3.913990  6.077950 112.840
3  6.877080  4.710230 112.731
3  6.482520  5.292790 114.137
3 -2.821230  6.956520 112.791
3 -2.258120  7.173970 114.144
3 -0.954588  7.791400 114.119
3 -0.313066  7.935910 112.792
3  1.146230  7.920790 112.780
3  1.777120  7.875430 114.100
3  3.182840  7.524560 114.138
3  3.822410  7.381620 112.763
3  5.566970  6.362330 114.099
3  5.046780  6.730360 112.748
3 -7.758970  0.435644 115.446
2 -1.531400  1.068600 115.742
2 -0.668981  1.373370 114.670
2  3.596980 -0.149175 114.957
2  3.440980  1.266430 114.698
3  8.115800  0.794839 115.337
3 -6.653700  2.879210 115.484
3 -5.832270  4.056640 115.485
2  0.059249  2.560540 114.734
2 -0.230453  3.590660 115.705
2  1.454800  2.616490 114.428
2  2.030110  3.734090 115.232
2  3.291600  3.460360 115.774
2  4.033480  2.257210 115.468
3  7.378460  3.383520 115.407
3 -3.871250  5.919030 115.516
2  0.967931  4.358790 116.024
3  6.727390  4.643550 115.396
3 -2.780840  6.807630 115.467
3 -0.317000  7.883800 115.443
3  1.112970  7.875780 115.439
3  3.734020  7.368620 115.478
3  4.951620  6.690370 115.440