321

3 -5.256400 -6.939590 -4.584840
3 -5.772180 -6.571720 -5.946150
3 -4.025170 -7.660050 -4.659930
3 -3.486930 -7.820700 -6.013710
3 -2.045510 -7.987760 -6.009090
3 -1.369020 -7.945980 -4.665040
3  0.004376 -7.752830 -4.678510
3  0.616430 -7.547620 -5.992650
3  2.004170 -7.110440 -6.009050
3  2.562190 -6.752550 -4.668350
3 -6.997760 -4.853360 -4.605550
3 -6.579170 -5.385480 -5.970870
3  3.741510 -5.950860 -4.679790
3  4.305530 -5.632030 -6.008330
3  5.387580 -4.678060 -6.015740
3 -7.865790 -2.999240 -5.925610
3 -7.585960 -3.574660 -4.613440
2 -0.729855 -1.769820 -4.759280
2  1.702000 -2.395140 -4.996120
2  0.356834 -2.217200 -5.489440
3  5.707170 -4.133120 -4.686670
3  6.652580 -3.033450 -4.690040
3  6.989970 -2.529210 -6.039520
3 -8.072170 -0.982224 -4.583210
3 -8.033320 -1.592320 -5.947060
2 -1.943740  0.237473 -4.274780
2 -1.632580 -0.720500 -5.315420
2  4.043630 -1.195960 -4.386560
2  3.756400 -1.482510 -5.761250
3  8.000110 -0.633416 -4.672790
3  7.640930 -1.274040 -5.996310
3 -5.654090 -6.429880 -3.260450
3 -3.432940 -7.813230 -3.320460
3 -1.963670 -7.989550 -3.299050
3  0.598333 -7.547910 -3.328430
3  1.972810 -6.987540 -3.319370
3 -6.670030 -5.395370 -3.263580
3  4.185710 -5.515360 -3.330120
3  5.261250 -4.574680 -3.297670
3 -7.692840 -2.940040 -3.259220
2  1.948500 -2.183100 -3.652220
3  6.941860 -2.517120 -3.350940
3 -8.020090 -1.579980 -3.237240
2 -0.412424 -1.332530 -3.420550
2 -1.126580 -0.126038 -3.083550
2  0.878170 -1.488900 -2.957620
2  1.436580 -0.520148 -2.083060
2  3.172690 -1.503350 -3.306310
2  2.878630 -0.515780 -2.317270
3  7.626180 -1.251630 -3.311480
3 -5.201280 -6.763050 -1.917430
3 -5.729560 -6.412520 -0.602451
3 -4.015690 -7.566600 -1.951380
3 -3.479560 -7.755560 -0.598384
3 -2.059520 -8.045760 -0.609142
3 -1.428660 -7.983530 -1.960490
3 -0.036729 -7.742440 -1.990280
3  0.624041 -7.619020 -0.639288
3  1.906780 -7.024590 -0.677859
3  2.468840 -6.679840 -2.015790
3 -7.146970 -4.865380 -1.906300
3 -6.791690 -5.456710 -0.577423
3  3.608380 -5.812760 -1.990770
3  4.079960 -5.437560 -0.668221
3  5.083640 -4.481050 -0.603414
3 -7.892060 -2.949140 -0.577724
3 -7.640560 -3.534100 -1.918470
3  5.629710 -4.094190 -1.922890
3  6.564800 -3.013410 -1.975560
3  6.949670 -2.557850 -0.603777
3 -8.063520 -0.935487 -1.928500
3 -8.176490 -1.534580 -0.609790
3  7.857790 -0.670260 -1.885580
3  7.590160 -1.317570 -0.548640
3 -5.198550 -6.741160  0.695005
3 -4.052270 -7.537130  0.683647
3 -1.423140 -8.029980  0.703374
3 -0.044383 -7.879250  0.670351
3  2.438650 -6.759850  0.659475
3 -7.082360 -4.835250  0.772302
3  3.559820 -5.861690  0.656041
3 -7.807320 -3.596020  0.772516
1 -1.640350 -3.634690  2.246240
1 -0.200200 -3.610770  2.361740
3  5.520980 -4.050980  0.677487
3  6.479770 -3.014700  0.716289
3 -8.151770 -0.894685  0.758042
1 -1.972410 -2.360970  1.592750
1 -3.112910 -1.630040  1.967430
1 -0.693381 -1.639810  1.284660
1  0.428253 -2.477620  1.769000
3  7.727800 -0.694585  0.785915
3 -5.707150 -6.459850  2.077950
3 -5.213180 -6.869860  3.400080
3 -4.015090 -7.574790  3.323670
3 -3.402200 -7.728710  1.990300
3 -2.037570 -8.075330  2.001340
3 -1.359950 -8.053210  3.309780
3  0.054579 -7.871870  3.345520
3  0.623175 -7.613070  1.988360
3  1.944930 -7.107690  1.993980
3  2.539520 -6.848130  3.312390
3  3.755190 -6.067060  3.320670
3 -6.698470 -5.398190  2.084880
3 -7.077330 -4.907500  3.408810
1 -1.895070 -4.720560  4.398320
1 -0.520874 -4.748600  4.540950
3  4.158840 -5.526660  1.986980
3  5.223720 -4.645490  2.004550
3  5.660220 -4.186430  3.370670
3 -7.915900 -2.972820  2.056440
3 -7.579060 -3.552270  3.465260
1 -2.490590 -4.071970  3.240300
1 -3.670450 -3.381330  3.616340
1  0.319723 -4.221400  3.484290
1  1.522910 -3.665350  4.081380
3  6.911740 -2.559880  2.089680
3  6.564050 -3.073340  3.383790
3 -8.253070 -1.557040  2.067820
3 -8.107220 -0.912701  3.389290
1 -4.010920 -2.164960  3.029690
1 -4.480490 -1.067240  3.864400
1  1.545030 -1.878530  2.334130
1  2.061470 -2.467610  3.554960
3  7.576220 -1.281970  2.128000
3  7.745890 -0.674300  3.421740
3 -5.766330 -6.489620  4.694550
3 -5.236930 -6.913760  6.078580
3 -3.986030 -7.570040  6.062450
3 -3.366720 -7.784720  4.640150
3 -1.945960 -8.144920  4.674750
3 -1.326900 -8.088770  6.045020
3  0.079592 -7.882760  6.056840
3  0.621467 -7.663060  4.700120
3  1.985460 -7.197460  4.667970
3  2.599300 -6.894080  5.986860
3  3.809400 -6.126860  6.005880
3 -6.697000 -5.405320  4.759000
3 -7.061300 -4.873720  6.073560
1 -2.692440 -4.323930  5.545320
1  0.171172 -4.606790  5.804530
3  4.305210 -5.746940  4.668260
3  5.257930 -4.716380  4.678060
3  5.679100 -4.219870  6.022570
3 -7.835660 -2.936360  4.748960
3 -7.698310 -3.610260  6.065720
1 -4.281530 -2.464140  5.862770
1 -3.831700 -3.547880  5.088990
1  1.422390 -3.887830  5.517100
3  6.591380 -3.150230  6.036940
3  6.950250 -2.572310  4.737350
3 -8.081880 -1.563330  4.755700
3 -7.930980 -0.952023  6.058650
1 -4.539270 -1.200190  5.272390
1 -4.076960 -0.198887  6.173920
1  2.372060 -1.586170  5.803550
1  2.403560 -1.383210  4.426760
3  7.700620 -1.333600  4.784860
3  7.748820 -0.661711  6.166220
3 -7.743820  0.465287 -4.540840
3 -7.548910  0.996206 -5.913430
2 -1.832040  2.014620 -5.936260
2 -1.997660  1.593950 -4.574990
2  4.687100  0.079814 -4.361490
2  4.831180  0.567211 -5.718650
3  8.177440  0.779533 -4.610230
3  8.171360  1.468050 -5.995480
3 -6.932290  2.243440 -5.904910
3 -6.438990  2.707940 -4.567300
3 -5.655280  3.890310 -4.548470
2 -1.172030  3.320110 -5.975670
2 -0.887497  3.615660 -4.608490
2  3.486410  3.792850 -5.530310
2  4.409570  2.832330 -5.011540
2  4.736870  1.906640 -6.040550
3  7.507320  3.379600 -4.546120
3  7.766890  2.813880 -5.908260
3 -5.311020  4.433210 -5.879160
3 -4.354450  5.483830 -5.863960
3 -3.839050  5.881120 -4.490590
2  1.191520  4.617950 -5.297700
2  2.524340  4.385890 -4.762970
3  6.790920  4.660400 -4.568620
3  6.394210  5.150320 -5.935850
3 -2.790450  6.864410 -4.551990
3 -2.215810  7.170830 -5.894110
3 -0.932219  7.703010 -5.861760
3 -0.323764  7.900640 -4.574550
3  1.080390  7.988910 -4.539120
3  1.694140  7.901160 -5.872440
3  3.083240  7.576300 -5.882880
3  3.674100  7.239370 -4.603380
3  4.971980  6.631520 -4.664040
3  5.469420  6.301370 -5.962620
3 -7.653750  1.098580 -3.252260
2 -0.545613  0.842118 -2.255090
2 -0.775008  2.241940 -2.610680
2  3.534570  0.720887 -2.324430
2  4.577920  1.037740 -3.305460
3  8.014390  1.343820 -3.258570
3 -6.838570  2.235110 -3.238280
2 -1.486930  2.609940 -3.764610
2  0.222469  4.340920 -4.226880
2  2.417790  3.942490 -3.402100
2  1.021650  3.903240 -3.046330
2  4.352430  2.410820 -3.704580
2  3.294590  2.973100 -2.940390
3  7.608550  2.698120 -3.239420
3 -5.202650  4.350440 -3.220780
3 -4.286810  5.386160 -3.231530
3  6.367630  5.133470 -3.229400
3 -2.300980  7.298030 -3.268300
3 -0.949889  7.678540 -3.236530
3  1.649330  7.774400 -3.207700
3  3.113630  7.440650 -3.206160
3  5.455710  6.252490 -3.267980
3 -7.939550  0.471054 -1.900970
3 -7.619490  1.084380 -0.603019
2  0.754165  0.622544 -1.736860
2  1.424840  1.896670 -1.757080
2  2.821830  1.931050 -2.033560
3  7.946270  0.701033 -1.884100
3  8.008140  1.331560 -0.595425
3 -6.517500  2.811920 -1.901460
3 -6.892950  2.263150 -0.622344
3 -5.727800  3.980520 -1.907330
2  0.529012  2.843000 -2.339610
3  7.369190  3.339760 -1.875300
3  7.681830  2.775000 -0.549870
3 -5.408310  4.540440 -0.580375
3 -4.319110  5.469300 -0.599196
3 -3.846520  5.921180 -1.939620
3  6.756390  4.651020 -1.911420
3  6.440390  5.228150 -0.641297
3 -2.845030  6.891770 -1.924780
3 -2.296230  7.159760 -0.572610
3 -0.962179  7.583880 -0.553547
3 -0.394604  7.809090 -1.879070
3  1.040150  7.871450 -1.865530
3  1.707310  7.781070 -0.560703
3  3.140370  7.671920 -0.564983
3  3.717970  7.354270 -1.891870
3  4.973630  6.694300 -1.887050
3  5.437530  6.243000 -0.595281
3 -7.857410  0.487125  0.762182
1 -3.039040 -0.210813  2.187400
1 -1.811740  0.484232  1.969560
1 -0.638577 -0.281576  1.489220
3  7.914260  0.721950  0.776014
3 -6.628750  2.867510  0.709007
3 -5.818960  4.025510  0.720515
3  7.359350  3.375010  0.729421
3 -3.845780  5.862090  0.742264
3  6.770550  4.667240  0.721889
3  6.438850  5.204460  2.094740
3 -2.765050  6.745130  0.732814
3 -2.157880  6.902640  2.090810
3 -0.266365  7.668510  0.783187
3 -0.853942  7.515980  2.108070
3  1.114890  7.809040  0.780313
3  1.782900  7.885440  2.100230
3  3.748810  7.404250  0.750394
3  3.176310  7.680550  2.103190
3  4.946610  6.685220  0.702769
3  5.469700  6.287020  2.103950
3 -7.504880  1.033160  2.073070
3 -7.727400  0.474711  3.372260
1 -3.908960  0.198544  3.336450
1  0.080683  1.516390  2.955530
1  0.537512  0.399541  2.033440
1  1.596670 -0.394549  2.481320
1  2.146760 -0.109824  3.749270
3  7.863670  0.774367  3.433570
3  7.749690  1.388490  2.107510
3 -6.911020  2.335340  2.033040
3 -6.662970  2.877750  3.357680
3 -5.781020  3.970800  3.353620
1 -1.353020  1.522160  2.874130
3  7.509250  2.810330  2.080760
3  7.338110  3.393220  3.390660
3 -5.267020  4.360830  2.021220
3 -4.323890  5.398670  2.083050
3 -3.888180  5.782810  3.427430
3  6.823030  4.709280  3.407220
3 -2.660320  6.551950  3.428470
3 -0.249022  7.747980  3.421440
3  1.120540  7.973890  3.437930
3  3.720550  7.396530  3.442140
3  4.972000  6.682680  3.449220
3 -7.462790  1.023550  4.742250
3 -7.711640  0.441150  6.068630
1 -3.384610  1.166140  4.257030
1 -3.577760  1.039540  5.692360
1  1.794820  0.954487  4.558120
1  0.682110  1.828760  4.156390
3  7.914600  0.751666  6.142520
3  7.832740  1.365860  4.767700
3 -6.947330  2.402920  4.705290
3 -6.706120  2.897160  6.056240
3 -5.834780  4.019130  6.064060
1 -2.093810  1.853100  4.000110
1 -1.525340  2.142650  5.273870
1 -0.118584  2.101890  5.349980
3  7.497440  2.730590  4.776580
3  7.416310  3.423490  6.124760
3 -5.389390  4.497600  4.737550
3 -4.332360  5.360840  4.776100
3 -3.765480  5.701190  6.106490
3  6.411210  5.240890  4.715240
3  6.715810  4.660870  6.105040
3 -2.645010  6.577470  6.107290
3 -2.089190  6.841490  4.740670
3 -0.861421  7.587550  4.746340
3 -0.200323  7.665000  6.123790
3  1.768900  7.980420  4.734410
3  1.159770  8.010350  6.133110
3  3.145810  7.672410  4.743360
3  3.756720  7.491640  6.046500
3  5.503120  6.349160  4.742980
3  5.015850  6.822280  6.049430
1  1.723280  0.833366  6.016780