276

3 -5.079250 -6.812380 19.5008
3 -3.885630 -7.591500 19.4622
3 -1.261010 -7.908100 19.4337
3  0.142315 -7.829900 19.3981
3  2.650370 -6.805000 19.3778
3  3.829800 -6.028390 19.3718
3 -6.945890 -4.888550 19.4115
3 -7.497350 -3.562330 19.4935
3  5.830560 -4.201980 19.3906
3  6.622210 -3.045500 19.3952
3 -8.013910 -0.920907 19.4870
3  7.530390 -0.551016 19.4561
3 -5.111440 -6.779940 22.1435
3 -5.535200 -6.346250 20.8454
3 -3.950000 -7.561720 22.1835
3 -3.313350 -7.929420 20.8428
3 -1.889260 -7.999570 20.8261
3 -1.228350 -7.857060 22.0693
3  0.170579 -7.708960 22.0724
3  0.781571 -7.663380 20.7091
3  2.063950 -7.064850 20.7142
3  2.627520 -6.745780 22.0127
3  3.820420 -5.978710 22.0022
3 -6.547810 -5.452570 20.7946
3 -6.972170 -4.879480 22.1225
3  4.361540 -5.642110 20.7045
3  5.453090 -4.695800 20.6695
3  5.859180 -4.236430 22.0232
3 -7.808350 -2.984140 20.8572
3 -7.621980 -3.627630 22.1540
1 -2.269530 -2.582560 22.7594
3  6.735950 -3.131470 22.0537
3  7.032530 -2.538180 20.7209
3 -7.965900 -1.610930 20.8148
3 -8.058730 -0.928694 22.1380
1 -1.209190 -1.799410 22.2446
1 -1.604550 -0.399494 22.3292
3  7.482170 -1.191890 20.7251
3  7.599740 -0.512304 22.0651
3 -5.551680 -6.380910 23.4802
3 -3.239360 -7.656460 23.4688
3 -1.827570 -7.937850 23.4290
3  0.849075 -7.649090 23.4141
3  2.136950 -7.039440 23.3407
3 -6.657780 -5.506290 23.5280
3  4.474550 -5.684540 23.3767
3  5.451790 -4.694520 23.3737
3 -7.844350 -3.086890 23.4890
1 -3.818290 -3.235530 24.9933
1 -2.770720 -4.108010 24.6032
1 -1.964850 -3.741240 23.4664
1 -0.613676 -4.052100 23.7785
1  1.666990 -3.098620 24.0640
1  0.458317 -3.350760 23.2478
3  6.996770 -2.493600 23.4033
3 -8.122220 -1.656240 23.5011
1 -3.323570 -1.716540 23.1433
1 -2.956760 -0.342829 22.8773
1 -4.085740 -1.992320 24.2654
1  1.082460 -1.145140 22.8748
1  0.135066 -2.153000 22.5050
1  2.032370 -1.709640 23.8252
3  7.530550 -1.157790 23.3770
3 -5.571250 -6.570730 26.2093
3 -5.089550 -6.917040 24.8485
3 -3.785720 -7.507820 24.8028
3 -3.110180 -7.730750 26.1280
3 -1.710690 -8.065870 26.1107
3 -1.149010 -8.046460 24.7844
3  0.274087 -7.942820 24.7676
3  0.859660 -7.700750 26.0191
3  2.189670 -7.225540 26.0111
3  2.750030 -6.879230 24.6771
3  3.955890 -6.056080 24.7401
3 -6.496570 -5.494660 26.2100
3 -6.910190 -4.955810 24.8654
1 -2.066450 -4.305380 26.9555
1 -1.938390 -4.670360 25.5996
1 -0.555673 -4.698210 25.0357
1  0.520328 -4.339110 25.8554
3  4.367900 -5.673930 26.0869
3  5.385180 -4.658450 26.0484
3  5.802980 -4.225670 24.6823
3 -7.784070 -3.151030 26.2123
3 -7.533190 -3.654650 24.9142
1 -4.022070 -2.928240 26.4155
1  1.717860 -3.566670 25.3893
3  6.568950 -3.009580 24.7068
3  6.851410 -2.424580 26.0471
3 -8.041980 -1.733540 26.2031
3 -8.031730 -1.095640 24.8663
1 -4.470810 -1.555650 26.5642
1 -4.541710 -1.029460 25.2138
1  2.505770 -0.879556 24.8963
3  7.335220 -1.108390 26.0435
3  7.584500 -0.517473 24.7029
3 -5.062020 -7.017830 27.5117
3 -3.741500 -7.534660 27.5296
3 -1.083080 -8.138760 27.4637
3  0.320894 -7.970760 27.4189
3  2.743960 -6.862860 27.3256
3  3.943030 -6.139800 27.3845
3 -6.897310 -5.005650 27.5563
1 -0.966823 -3.895590 27.7391
1  0.341720 -4.038430 27.2329
3  5.797320 -4.194590 27.3485
3 -7.602910 -3.727740 27.5375
1 -3.225760 -3.481630 27.3901
1 -2.752270 -2.679030 28.4862
1 -1.311010 -2.948710 28.7189
1  0.985815 -2.039030 28.5709
1  1.400810 -3.094850 27.6662
1  2.225820 -2.797540 26.5288
3  6.633670 -2.995410 27.3629
3 -7.900530 -1.108300 27.4965
1 -3.980190 -0.767289 27.6548
1 -3.084110 -1.331850 28.5823
1  1.362200 -0.643723 28.3228
1  2.153700 -0.407770 27.1780
1  2.594420 -1.452890 26.2715
3  7.444650 -0.478565 27.4119
3 -5.526980 -6.567150 28.8640
3 -5.003210 -6.961600 30.1385
3 -3.116480 -7.750860 28.8561
3 -3.706880 -7.622570 30.1683
3 -1.729380 -8.071330 28.8290
3 -1.144880 -8.106510 30.2140
3  0.858833 -7.865470 28.7603
3  0.286988 -8.102610 30.1322
3  2.189240 -7.208630 28.7377
3  2.702960 -6.871880 30.0395
3  3.832010 -5.953720 30.0179
3 -6.481530 -5.542820 28.8789
3 -6.695240 -4.933390 30.1816
3  5.442950 -4.676550 28.6811
3  4.335950 -5.601940 28.6779
3  5.902160 -4.182970 30.0302
3 -7.773730 -3.149050 28.8445
3 -7.427030 -3.710100 30.1826
1 -0.321756 -2.011470 29.1298
3  6.918500 -2.423340 28.6996
3  6.745800 -3.017920 30.0477
3 -7.891620 -1.711910 28.8135
3 -7.801020 -1.113650 30.1278
1 -2.084410 -0.300854 28.8898
1 -0.772572 -0.642594 29.2331
1  0.311116  0.194224 28.7556
3  7.369570 -1.053490 28.7644
3  7.508280 -0.497439 30.0801
3 -7.851380  0.468353 19.4933
3  7.577740  0.844829 19.4509
3 -6.759210  2.889740 19.5194
3 -5.850160  4.008270 19.5196
3  7.355560  3.559850 19.4368
3 -3.804100  5.694630 19.4003
3  6.862950  4.903420 19.4286
3 -2.584690  6.461580 19.4268
3 -0.145996  7.589840 19.4706
3  1.225720  7.985950 19.4406
3  3.846720  7.642610 19.3745
3  5.109750  6.964910 19.4103
3 -7.738420  1.083210 20.7910
3 -7.757080  0.423647 22.2019
3  7.720550  0.922885 22.0550
3  7.731010  1.540420 20.7296
3 -7.026320  2.329550 20.8093
3 -6.651120  2.778200 22.1961
3 -5.742630  3.860010 22.2275
3  7.538980  2.956250 20.7686
3  7.410960  3.572510 22.0385
3 -5.385610  4.435790 20.8631
3 -4.274790  5.322720 20.7990
3 -3.749550  5.679900 22.1876
3  6.507950  5.409440 20.7350
3  6.780230  4.797160 22.0778
3 -2.572580  6.518610 22.1577
3 -1.983660  6.757870 20.8135
3 -0.700285  7.370680 20.7854
3 -0.061674  7.517090 22.0768
3  1.297810  7.832300 22.0792
3  1.902790  8.006030 20.7324
3  3.308890  7.940890 20.7391
3  3.851700  7.598760 22.0477
3  5.584340  6.572300 20.7155
3  5.024780  6.916920 22.0307
3 -7.568230  0.925156 23.5144
1 -3.269530  0.630832 23.8055
1 -2.384550  1.754550 24.1004
1 -0.678302  0.605415 22.7286
1 -1.049560  1.719000 23.5662
1  0.629836  0.193947 23.0459
1  1.106910  0.928318 24.1290
3  7.544880  1.530870 23.3545
3 -6.845390  2.168140 23.5283
3  7.598260  2.944370 23.3423
3 -5.193760  4.244840 23.5525
3 -4.182240  5.250100 23.5715
3  6.376450  5.342080 23.4216
3 -1.967980  6.882660 23.5027
3 -0.699103  7.480460 23.4611
3  1.889550  8.029290 23.4651
3  3.312320  7.903550 23.4676
3  5.548640  6.455260 23.4282
3 -7.517290  0.888666 26.1474
3 -7.734330  0.303139 24.8771
1 -3.639310  1.183930 26.0612
1 -2.541790  2.022290 25.5324
1 -4.107020  0.333443 25.0135
1  2.096170  0.468257 25.0171
3  7.716740  1.523510 26.0061
3  7.693140  0.884824 24.6884
3 -6.878240  2.137100 26.0973
3 -6.512660  2.695610 24.8066
1 -1.358220  2.261250 26.3692
1 -0.077121  2.210260 25.7965
1  0.143802  1.897960 24.4865
3  7.697570  2.952080 26.0022
3  7.521200  3.612220 24.6695
3 -5.614610  3.774670 24.8538
3 -5.074030  4.183720 26.1225
3 -4.101560  5.175170 26.1833
3 -3.597840  5.677950 24.8490
3  6.526380  5.423850 26.0523
3  6.801480  4.871810 24.7099
3 -2.500720  6.533640 24.8815
3 -2.027980  6.958720 26.1744
3 -0.736184  7.486330 26.2045
3 -0.104817  7.700730 24.8824
3  3.276240  7.902680 26.1817
3  3.867390  7.635550 24.8265
3  5.622500  6.478200 26.0769
3  5.068200  6.914150 24.7916
3  1.253060  8.071530 24.8527
3  1.847590  8.038170 26.1884
3 -7.716570  0.310151 27.4357
1 -3.552860  0.607642 27.3519
1 -2.384090  0.904647 28.1708
1 -1.331460  1.641660 27.7003
1  0.042468  1.373800 28.0102
1  0.862332  1.708530 26.7977
1  1.829310  0.760755 26.4157
3  7.651190  0.910436 27.4093
3 -6.579880  2.711670 27.4366
3  7.599690  3.611950 27.3772
3 -5.615970  3.780800 27.4262
3 -3.662920  5.612900 27.4586
3  6.878810  4.864020 27.3953
3 -2.490990  6.373860 27.4929
3 -0.181393  7.703490 27.5464
3  3.877410  7.601100 27.4681
3  5.090360  6.854470 27.3981
3  1.200750  8.054020 27.5267
3 -7.482200  0.900546 28.7848
3 -7.534790  0.294205 30.1363
3  7.745080  1.598810 28.7876
3  7.720700  0.932506 30.1416
3 -6.837020  2.152980 28.7240
3 -6.507580  2.696520 30.1444
3  7.631540  2.973250 28.7498
3  7.472590  3.625530 30.1252
3 -5.611080  3.832090 30.1255
3 -5.187950  4.172940 28.7767
3 -4.215580  5.233240 28.7890
3 -3.741310  5.706900 30.0951
3  6.525370  5.396940 28.7570
3  6.916850  4.910020 30.1165
3 -2.517390  6.405660 30.1103
3 -1.965680  6.762660 28.8375
3 -0.818857  7.518360 28.8108
3 -0.170498  7.683370 30.1236
3  3.257520  7.765820 28.7981
3  3.879900  7.511740 30.1052
3  5.536050  6.440680 28.7385
3  5.080600  6.767500 30.0915
3  1.890800  8.024370 28.7813
3  1.172150  8.077940 30.1047