321

3  0.296533 -7.785030 56.7945
3 -4.986410 -6.768860 56.8079
3 -5.510900 -6.353790 55.4636
3 -3.719140 -7.402760 56.7887
3 -3.119310 -7.522400 55.4332
3 -1.742630 -7.854650 55.4259
3 -1.102210 -8.029650 56.7790
3  0.881152 -7.537300 55.4546
3  2.228540 -7.184660 55.4633
3  2.796650 -6.862000 56.8015
3  3.933610 -6.084490 56.8142
3 -6.845360 -4.744490 56.7536
3 -6.471050 -5.321100 55.4890
3  4.407580 -5.636870 55.4523
3  5.358270 -4.562580 55.4660
3  5.795460 -4.101730 56.7868
3 -7.665140 -2.872890 55.4095
3 -7.466960 -3.465080 56.7960
2  0.135225 -2.092220 55.4043
2  1.429200 -2.216030 56.0081
3  6.611910 -2.970280 56.8125
3  6.938060 -2.352630 55.4707
3 -7.881480 -1.452530 55.4065
3 -7.865280 -0.849962 56.7799
2 -2.523360 -0.187832 56.7397
2 -2.065730 -1.022300 55.6150
2 -1.075580 -1.937500 56.0821
2  3.446340 -0.933862 55.6188
3  7.633030 -0.446506 56.8350
3  7.483320 -1.071020 55.5153
3 -5.468250 -6.327220 58.0922
3 -3.127800 -7.703400 58.0912
3 -1.728830 -8.089330 58.1007
3  0.860602 -7.526240 58.1104
3  2.191580 -7.050700 58.1589
3 -6.532270 -5.340660 58.1224
3  4.447150 -5.679510 58.0922
3  5.375750 -4.588330 58.0997
3 -7.755020 -2.872690 58.1964
2  1.537200 -2.129940 57.4177
3  6.916870 -2.420680 58.0937
3 -7.991740 -1.462260 58.1998
2 -0.918383 -1.750990 57.5441
2 -1.762370 -0.613844 57.9126
2  0.364377 -1.903050 58.1879
2  3.564920 -0.744786 57.0758
2  2.692090 -1.393690 57.9407
3  7.541160 -1.140570 58.1792
3 -1.101620 -7.973890 59.4581
3 -5.025070 -6.800030 59.4489
3 -5.560360 -6.411300 60.8156
3 -3.764070 -7.506180 59.4511
3 -3.151510 -7.606620 60.7836
3 -1.788510 -7.956680 60.7698
3  0.327424 -7.820820 59.4718
3  0.924921 -7.624950 60.7662
3  2.258490 -7.134950 60.8027
3  2.871280 -6.897320 59.4579
3  4.049190 -6.070530 59.4581
3 -6.846450 -4.796680 59.4885
3 -6.542230 -5.368270 60.8363
3  4.553380 -5.723460 60.7236
3  5.542600 -4.711120 60.7272
3  5.773070 -4.130350 59.4378
3 -7.544310 -3.537840 59.5698
3 -7.636740 -2.924060 60.8988
3  6.638880 -2.952460 59.4323
3  6.969960 -2.392070 60.8047
3 -7.973840 -1.559120 60.8658
3 -7.914280 -0.859638 59.5598
2  0.733231 -0.978517 59.2374
2  2.149630 -0.649112 59.0724
3  7.659810 -0.512344 59.4745
3  7.510190 -1.107620 60.8204
3 -5.052240 -6.753620 62.1452
3 -3.749220 -7.436790 62.1220
3 -1.092680 -7.962470 62.1326
3  0.315663 -7.898720 62.1272
3  2.798360 -6.892180 62.1022
3  4.037940 -6.181870 62.0912
3 -6.896220 -4.788680 62.2360
3  5.933330 -4.223180 62.0810
3 -7.446940 -3.484960 62.2223
3  6.739780 -2.986750 62.1244
3 -8.048070 -0.845118 62.1666
1  0.864985  0.076398 62.8657
3  7.607650 -0.502632 62.2022
3 -1.110440 -7.960060 64.8370
3  0.260747 -7.713600 64.8198
3 -5.509100 -6.348860 63.4707
3 -5.070660 -6.833360 64.7900
3 -3.135410 -7.679300 63.4615
3 -3.765970 -7.446720 64.7937
3 -1.768320 -8.007010 63.4934
3  0.899964 -7.660340 63.4543
3  2.222550 -7.178870 63.4620
3  2.812370 -6.859240 64.8044
3  4.066100 -6.223920 64.7818
3 -6.521180 -5.362470 63.5231
3 -6.794090 -4.747280 64.8319
3  4.551270 -5.807090 63.4237
3  5.524960 -4.758590 63.4399
3  5.918430 -4.228900 64.7993
3 -7.608390 -2.863440 63.4852
3 -7.372530 -3.447650 64.8029
3  7.004400 -2.455290 63.4729
3  6.602030 -2.996640 64.8007
3 -7.939100 -1.474770 63.4744
3 -7.974400 -0.827201 64.8050
1 -0.518636 -0.034953 63.3300
1 -0.530136 -1.115210 64.2580
1  1.711600 -1.001630 63.6019
1  0.798418 -1.653320 64.4367
1  2.964310 -0.657627 64.0694
3  7.422570 -1.102410 63.4833
3  7.455460 -0.465345 64.7704
3 -1.737750 -7.894070 66.1157
3  0.905224 -7.577100 66.1041
3 -5.498470 -6.309380 66.1293
3 -5.015710 -6.787610 67.4599
3 -3.723940 -7.384800 67.4500
3 -3.145070 -7.614550 66.1042
3  2.257170 -7.176230 66.1396
3 -6.486110 -5.262350 66.1485
3 -6.802170 -4.687100 67.4878
3  4.593180 -5.855570 66.1527
3  5.566340 -4.864910 66.1480
3 -7.519290 -2.777160 66.1430
3 -7.442460 -3.432370 67.4236
1  1.110650 -2.095160 65.7385
3  5.845850 -4.303610 67.4097
3  6.848350 -2.400840 66.1292
3 -7.871060 -1.437620 66.0945
3 -7.936770 -0.805401 67.4223
1 -1.420040 -1.048710 65.3801
1 -1.027140 -1.461880 66.6810
1  0.227854 -2.037460 66.8308
1  3.315220 -1.053750 65.4507
1  2.480250 -1.868110 66.2184
1  4.115430 -0.038385 65.9875
3  7.302010 -1.040740 66.0702
3 -1.098210 -8.026770 67.4661
3  0.317161 -7.869900 67.4638
3  2.848290 -7.005280 67.4809
3  4.135050 -6.363670 67.4498
3  6.578280 -3.055420 67.4249
3  7.547980 -0.485182 67.3983
3 -7.622600  0.515645 56.7640
3 -7.521640  1.185510 55.4147
2 -2.708070  1.159420 56.5890
2 -2.619510  1.857500 55.3460
2  4.312260  1.232990 56.0556
3  7.711550  0.945679 56.8396
3  7.823230  1.598380 55.5387
3 -7.000880  2.510190 55.4620
3 -6.697250  3.103510 56.7836
3 -5.639710  4.073720 56.7982
2 -2.013330  3.320250 57.0324
2 -2.079440  3.183730 55.6319
2  3.450090  3.350190 57.0899
2  3.952610  2.628330 56.0057
3  7.494480  3.636430 56.9038
3  7.625280  3.008090 55.5505
3 -5.261400  4.612390 55.4872
3 -4.285360  5.639180 55.5237
3 -3.811950  5.937120 56.8977
2  0.085742  4.515100 56.7443
2 -0.048716  4.591840 55.3727
2  2.522400  4.317600 56.6546
3  6.872250  4.870050 56.8638
3  6.468260  5.385900 55.5131
3 -2.726970  6.840080 56.8950
3 -2.180020  7.227400 55.5705
3 -0.909027  7.884770 55.6085
3 -0.235681  7.940190 56.8649
3  1.787580  8.096340 55.5561
3  3.739920  7.450410 56.8464
3  3.065310  7.622540 55.5260
3  4.950850  6.731910 56.8547
3  5.506220  6.402820 55.5582
3  1.153580  8.131590 56.8670
3 -7.449550  1.167640 58.1288
2 -1.407340  0.212211 58.9451
2 -1.738570  1.581530 58.8721
2  3.682950  1.242710 58.5032
2  4.115980  0.559888 57.3537
3  7.748020  1.614110 58.2110
3 -6.976530  2.512630 58.1457
2 -2.378410  2.084350 57.6541
2 -0.260273  3.584540 58.8686
2  3.283620  2.623560 58.3124
2  2.082090  2.878310 59.1474
3  7.667590  3.037170 58.2575
3 -5.353160  4.589880 58.1686
3 -4.240730  5.501370 58.2111
2 -0.918701  3.958050 57.6087
2  1.347270  4.411680 57.4155
2  1.167910  3.848490 58.7245
3  6.517470  5.402590 58.1629
3 -2.157190  7.140100 58.2025
3 -0.860955  7.680980 58.1777
3  1.770500  7.952260 58.1611
3  3.163890  7.701540 58.2027
3  5.486760  6.353020 58.1283
3 -7.706690  0.540738 59.5563
3 -7.560880  1.166000 60.8543
2 -0.144357  0.070308 59.5859
2  0.305685  1.439910 59.9218
2  1.657780  1.648360 59.7237
2  2.633100  0.641045 59.3432
3  7.659850  0.924310 59.5052
3  7.835230  1.537270 60.8396
3 -6.970580  2.500990 60.8374
3 -6.655340  2.997790 59.4597
2 -0.688875  2.380760 59.4466
3  7.379520  3.564940 59.5515
3  7.551570  2.937350 60.9124
3 -5.785050  4.106070 59.4755
3 -5.347600  4.619550 60.8291
3 -4.280510  5.511620 60.8478
3  6.832820  4.869290 59.5751
3  6.577500  5.423420 60.8796
3 -3.755920  5.913240 59.4877
3 -2.667090  6.825200 59.5119
3 -2.130240  7.215830 60.8737
3 -0.801567  7.784210 60.8719
3 -0.240638  7.958070 59.5220
3  1.884370  8.017510 60.7839
3  1.192420  8.145960 59.4531
3  3.820410  7.527340 59.5054
3  3.276550  7.797100 60.8261
3  5.094710  6.878690 59.4496
3  5.616970  6.482330 60.8422
3 -7.827020  0.536781 62.1663
1  1.375990  1.368120 62.7672
1  2.710930  1.699120 63.2168
3  7.819080  0.899376 62.1996
3 -6.698780  3.077880 62.1546
1  0.596922  2.513070 62.9631
3  7.523780  3.644410 62.2164
3 -5.737120  4.119390 62.1573
3 -4.270070  5.643740 63.5472
3  6.981380  4.939780 62.2270
3  6.555170  5.446150 63.5095
3 -3.853580  6.041530 62.1716
3 -2.725760  6.878040 62.1606
3 -0.181880  7.839620 62.2046
3  1.226680  7.956400 62.1547
3  3.831420  7.567370 62.1354
3  3.224030  7.658200 63.4752
3  5.104000  6.851250 62.1615
3  5.641150  6.551040 63.4920
3 -7.594570  1.172610 63.4862
3 -7.800900  0.613233 64.8106
1 -2.303660  1.142420 64.6670
1 -1.327040  1.045230 63.5279
1  3.521010  0.660802 63.8757
1  4.307470  1.002830 65.0501
3  7.819500  1.629610 63.4577
3  7.715990  0.936863 64.7987
3 -7.094960  2.536450 63.4523
3 -6.727320  3.096290 64.8024
1 -2.204470  2.494520 65.1848
1 -0.714493  2.328470 63.4440
1 -1.244350  3.212620 64.4215
1 -0.501994  4.205380 64.9611
1  1.389700  3.688610 63.5434
1  2.759040  3.053220 63.7396
1  3.468290  3.299440 64.8641
3  7.629820  2.977830 63.4969
3  7.482570  3.606270 64.8090
3 -5.757770  4.192370 64.7851
3 -5.283130  4.598990 63.5141
1  0.847149  4.442070 64.5586
3  6.870460  4.885820 64.8195
3 -3.786260  6.103550 64.9116
3 -2.670130  6.955620 64.8778
3 -2.112480  7.248820 63.5035
3 -0.843070  7.744000 63.4796
3 -0.199247  7.964110 64.8387
3  1.841070  7.898400 63.4541
3  1.177460  8.068650 64.7912
3  3.904360  7.538690 64.7849
3  5.212880  6.994310 64.8088
3 -7.559650  1.199590 66.0871
3 -7.737560  0.600157 67.4258
1 -2.371390  0.111878 65.5978
3  7.775850  1.583250 66.1119
3 -6.964900  2.472510 66.0754
3 -6.547820  2.991420 67.4520
1 -2.377970  2.786150 66.5361
1 -1.502160  3.844230 67.1870
1  3.356800  3.757730 67.1455
1  4.282200  2.337760 65.6152
1  4.196730  2.637990 66.9861
3  7.690120  2.989800 66.0916
3  7.595390  3.619850 67.4673
3 -5.264120  4.525660 66.1472
3 -4.326420  5.600260 66.1458
3 -5.629320  4.083630 67.4768
1 -0.618534  4.558050 66.3521
1  1.659420  4.774210 65.7168
1  0.721536  4.854870 66.8506
1  2.932260  4.269950 65.8395
3  6.497600  5.387210 66.1426
3  7.023130  4.928450 67.4717
3 -3.885720  6.052400 67.4858
3 -2.153570  7.363120 66.1563
3 -2.704380  6.934130 67.5121
3 -0.811727  7.859100 66.1786
3 -0.163045  7.821980 67.5097
3  1.889360  7.973360 66.0714
3  1.251540  8.034480 67.4561
3  3.293350  7.720900 66.0878
3  3.881520  7.529330 67.4448
3  5.642450  6.504530 66.1461
1 -2.345700  1.691740 67.4767
1 -2.453570  0.335837 67.0465
1  4.065170  0.146176 67.3678
3  7.775800  0.917115 67.4076
3  5.168760  6.901600 67.4720