308

3 -3.973920 -6.373620 85.0626
3 -1.410300 -6.601380 85.0844
3  0.069628 -6.726850 85.0943
3  2.653700 -6.341710 85.0931
3 -7.640740 -4.570710 85.0468
3 -5.406020 -5.893420 85.0992
3  4.012220 -5.821690 85.1183
3  6.174970 -4.268180 85.0466
3 -8.315730 -3.282540 85.0117
3  7.281200 -3.305520 85.0417
3 -8.661530 -0.666030 85.0403
3  8.132720 -0.890531 85.0547
3 -3.417660 -6.523620 86.6602
3 -1.961190 -6.593090 86.6888
3  0.664684 -6.776230 86.6943
3  2.075550 -6.476590 86.6742
3 -7.155240 -4.890100 86.6150
3 -5.933450 -5.657080 86.6833
3  4.520740 -5.470340 86.6732
3  5.699620 -4.633850 86.6376
3 -8.565140 -2.731140 86.6102
3  7.605150 -2.855380 86.6639
3 -8.622960 -1.295510 86.6049
2 -0.201227  0.256223 85.4777
2  0.057054 -1.151690 85.8103
2  1.348900 -1.696060 85.7870
2  2.457110 -0.815706 85.4696
2  3.611720 -1.214480 86.2794
2  4.412700 -0.163300 86.6997
3  8.064230 -1.471670 86.6173
3 -4.001790 -6.381340 88.2324
3 -1.402200 -6.799810 88.2349
3  0.055218 -6.754190 88.2395
3  2.656740 -6.360890 88.2482
3 -7.642620 -4.472890 88.1900
3 -5.329460 -5.891030 88.2241
3  3.957990 -5.796220 88.2128
3  6.235950 -4.281520 88.2024
3 -8.330210 -3.200430 88.1923
2 -0.330031 -2.292670 88.0016
2  1.819440 -2.538390 86.8832
2  0.992544 -2.924930 87.9695
2  3.198360 -2.270910 87.1657
2  3.768140 -2.282040 88.4702
3  7.336690 -3.342440 88.2446
3 -8.642120 -0.643505 88.1443
2 -1.541910 -0.272702 87.3015
2 -0.794920 -1.467540 86.9419
2  4.913940 -0.194113 88.0337
2  4.583870 -1.193830 88.9938
3  8.120130 -0.873511 88.2017
3 -4.079230 -6.466300 91.3538
3 -3.475680 -6.627500 89.7883
3 -2.007620 -6.762980 89.8145
3 -1.436530 -6.794270 91.3801
3 -0.003547 -6.736060 91.3745
3  0.651263 -6.777300 89.8383
3  2.048560 -6.407690 89.7853
3  2.559010 -6.161620 91.3568
3 -7.173470 -4.871950 89.7539
3 -5.459630 -6.026260 91.3837
3 -5.898290 -5.632430 89.7926
3  3.930910 -5.624750 91.4091
3  5.705720 -4.620280 89.8118
3  4.474200 -5.450010 89.8122
3  6.082230 -4.180640 91.3226
3 -8.483130 -2.682840 89.7854
2  1.552770 -2.960830 89.2914
2  0.467103 -2.381580 90.2132
2  2.918440 -2.680180 89.5856
3  7.245270 -3.277210 91.3455
3  7.564320 -2.796590 89.8149
3 -8.708220 -0.616982 91.2749
3 -8.675800 -1.205200 89.7157
2 -1.368310 -0.834587 89.6830
2 -0.661221 -1.987830 89.3426
2  3.204420 -1.769240 90.7135
2  4.302020 -0.899555 90.3429
3  8.024890 -1.425510 89.8022
3  8.158400 -0.824566 91.3440
3 -3.453630 -6.592570 92.9527
3 -2.033160 -6.834020 92.9304
3  0.586924 -6.746120 92.9669
3  2.018790 -6.475130 92.9269
3 -7.145640 -4.897240 92.9433
3 -7.576400 -4.447030 91.3399
3 -5.957500 -5.705210 92.9375
3  4.344770 -5.338000 92.8883
3  5.599060 -4.592250 92.9247
3 -8.375910 -2.645430 92.8994
3 -8.252720 -3.136440 91.3295
3  7.554670 -2.792150 92.9456
3 -8.764580 -1.193460 92.8853
2  0.862316 -1.623150 91.3454
2  0.079320 -0.414755 91.6317
2  2.255830 -1.221040 91.5775
3  8.036690 -1.402920 92.8918
3 -4.038300 -6.524940 94.5071
3 -1.455170 -6.785660 94.4678
3  0.031600 -6.715660 94.5611
3 -7.639140 -4.526760 94.5232
3 -5.413490 -5.990700 94.5130
3  2.573510 -6.262540 94.5189
3  3.949070 -5.707510 94.4840
3  6.178890 -4.187020 94.4817
3 -8.349670 -3.195360 94.5314
3  7.144320 -3.156370 94.5098
3 -8.770360 -0.615143 94.5113
3  8.310620 -0.812019 94.4769
3 -3.493170 -6.569870 96.0609
3 -2.043390 -6.816350 96.0833
3  0.590575 -6.632870 96.1534
3  2.017230 -6.471360 96.1300
3 -7.238490 -5.010450 96.1132
3 -6.059360 -5.860800 96.0984
3  4.425500 -5.408140 96.0433
3  5.768990 -4.696570 96.0566
3 -8.389590 -2.629190 96.1263
1  0.881346 -2.545270 97.1763
1  2.275920 -2.436850 96.9353
3  7.374440 -2.653420 96.0996
3 -8.678100 -1.248840 96.1143
1 -1.115890 -1.051750 96.7748
1  1.059720 -0.938427 95.5443
1  0.067745 -1.733670 96.2935
1  2.388260 -1.358410 95.9213
1  3.487570 -0.482549 95.9883
1  4.464980 -0.522019 97.0694
3  8.112500 -1.396130 96.0960
3 -4.117630 -6.523940 97.6458
3 -1.453820 -6.872760 97.6244
3  0.031276 -6.869230 97.6297
3  2.640280 -6.196160 97.7070
3 -7.564650 -4.532360 97.7211
3 -5.489060 -6.085090 97.6853
3  3.967040 -5.614110 97.6690
3  6.167640 -4.315090 97.6394
3 -8.190660 -3.217310 97.6771
1  0.406044 -2.741670 98.4724
1  3.161060 -2.451280 97.9994
3  7.014320 -3.149740 97.6743
3 -8.742600 -0.666487 97.6913
1 -2.075560 -0.019687 98.6536
1 -1.568240 -1.298810 98.1755
1  4.329710 -1.558270 98.0604
3  8.310830 -0.860216 97.6934
3 -8.496860  0.776880 85.1092
2  0.917088  1.060190 85.1876
2  2.211810  0.533569 85.1446
3  8.290970  0.572203 85.0238
3 -7.248350  3.103480 84.9870
3 -6.117370  4.050650 85.0022
3  7.663650  3.070320 85.0279
3 -4.019840  5.604710 85.0249
3 -2.653710  6.212200 85.0701
3  6.999600  4.354800 85.0071
3 -0.147821  7.003120 85.0305
3  1.291010  7.235240 85.0460
3  3.835740  6.705050 85.0034
3  5.212790  6.162090 85.0092
3 -8.288320  1.271630 86.5768
2 -1.086820  2.121470 86.8899
2 -1.199370  0.788875 86.4115
2  1.001200  2.464190 85.6141
2  4.259790  1.190220 86.2882
2  3.142570  1.559700 85.5178
2  4.578320  2.005720 87.4482
3  8.302410  1.142670 86.6222
3 -7.564550  2.544970 86.5542
2 -0.017791  2.945600 86.4648
2  2.404570  2.811900 85.8085
2  2.801860  3.599810 86.9414
3  7.909340  2.556270 86.6334
3 -5.740030  4.478440 86.5861
3 -4.517100  5.207420 86.6257
3  5.699320  5.889270 86.6080
3  6.730400  4.844810 86.5906
3 -2.159860  6.342320 86.5719
3 -0.702042  6.795110 86.5237
3  1.889260  7.229570 86.6030
3  3.366050  7.031860 86.6031
3 -8.463210  0.765323 88.1076
2 -1.751130  0.015848 88.6191
2  4.999880  1.139480 88.5155
3  8.406110  0.577572 88.1037
3 -7.156930  3.067370 88.1499
3 -6.237240  4.172650 88.1620
2 -1.394520  2.442480 88.2434
2 -0.470413  3.463020 88.6511
2  0.402874  3.758250 87.5546
2  1.768470  4.009760 87.8237
2  3.921880  3.193070 87.7955
2  2.242320  3.986150 89.1792
2  3.613790  3.484300 89.1708
3  7.793910  3.130150 88.1314
3 -3.957350  5.496520 88.1930
3 -2.600740  6.100630 88.1698
3  7.181180  4.460940 88.1693
3 -0.127403  6.966150 88.1395
3  1.289430  7.272330 88.2073
3  3.865400  6.777910 88.1719
3  5.184160  6.165240 88.1902
3 -8.442730  0.831779 91.3121
3 -8.254930  1.351280 89.7001
2 -1.758930  1.393290 89.0651
2 -1.191410  1.350520 90.3868
2 -0.992858 -0.047573 90.8193
2  4.847250  1.498850 89.8440
2  4.446230  0.426473 90.8125
3  8.447330  1.149300 89.7269
3  8.335140  0.580006 91.3275
3 -7.458320  2.597230 89.7344
3 -7.237520  3.123020 91.3509
3 -6.190690  4.098580 91.3136
2 -0.346636  2.351200 90.8414
2  1.410050  3.772100 90.2572
2  0.057880  3.429830 89.9397
2  1.846810  2.917740 91.3384
2  3.129860  2.343580 91.2493
2  4.069920  2.681190 90.2116
3  7.905520  3.182460 91.2917
3  8.061470  2.579900 89.7013
3 -4.417570  5.216910 89.7454
3 -5.723380  4.481510 89.7606
3 -3.945300  5.484110 91.3331
3 -2.643450  6.086300 91.3564
3  5.789570  5.895320 89.7753
3  6.790460  4.867950 89.7244
3  7.252510  4.480960 91.2845
3 -2.081280  6.359140 89.7844
3 -0.184730  6.972150 91.2861
3 -0.717181  6.879650 89.7347
3  1.928530  7.231910 89.7612
3  1.307350  7.262410 91.3068
3  3.941830  6.844930 91.3114
3  3.364040  6.974740 89.7134
3  5.194940  6.107710 91.3190
3 -8.241700  1.327450 92.8954
2  0.966091  0.645010 92.0168
2  2.312010  0.111066 92.0728
2  3.365470  0.996351 91.6516
3  8.367190  1.207420 92.8270
3 -7.668370  2.701660 92.9554
2  0.735117  1.999010 91.7654
3  8.060180  2.612970 92.8739
3 -5.713950  4.412310 92.9056
3 -4.502290  5.178100 92.8985
3  5.745940  5.949550 92.8974
3  6.864950  4.966030 92.8604
3 -2.112750  6.321520 92.9047
3 -0.735918  6.921940 92.8956
3  1.923050  7.214550 92.8642
3  3.349550  6.954010 92.8516
3 -8.474270  0.821621 94.5031
1  0.839321  0.418744 95.2794
3  8.443970  0.646868 94.4717
3 -7.349890  3.185630 94.4932
3  7.783180  3.179240 94.4580
3 -6.235920  4.118310 94.4663
3 -3.927340  5.431490 94.5064
3 -2.586520  6.017660 94.5086
3  5.180110  6.160600 94.4923
3  7.168510  4.478070 94.4747
3 -0.164474  6.935140 94.4613
3  1.337570  7.151760 94.4570
3  3.889370  6.845950 94.4422
3 -8.314320  1.342660 96.0383
1 -1.288510  0.393984 96.5114
1 -0.400220  1.077130 95.7098
1 -1.888440  1.007410 97.6714
1  3.198760  0.930048 95.7484
1  1.924430  1.358000 95.3247
1  4.049100  1.717680 96.5828
3  8.392250  1.213120 96.0392
3 -7.773740  2.732930 96.0381
1 -0.611977  3.042830 97.2344
1 -0.066563  2.456690 96.0609
1  1.389930  2.616790 95.8222
1  2.202850  3.351770 96.7072
3  8.087910  2.638200 96.0385
3 -5.755400  4.498730 96.0538
3 -4.412330  5.053740 96.0823
3  5.768920  5.938740 96.0559
3  6.833200  4.928880 96.0308
3 -2.109070  6.334300 96.0996
3 -0.734054  6.889800 96.0695
3  1.883950  7.200790 95.9900
3  3.322350  7.016960 95.9953
3 -8.464090  0.827677 97.6756
1  4.810420  0.870876 97.4317
1  4.947970  1.137640 98.8257
3  8.499020  0.631954 97.6269
3 -7.342570  3.151990 97.6010
3 -6.239680  4.149050 97.6181
1 -1.639850  2.367980 98.0149
1  0.199746  3.772650 98.1650
1  1.575970  3.964890 97.8996
1  3.688180  3.227720 98.5142
1  3.555630  2.958100 97.0767
1  2.491290  3.852690 98.9756
3  7.887400  3.201220 97.6407
3 -3.948960  5.412430 97.6856
3 -2.678200  6.121480 97.6662
3  5.194590  6.191750 97.6325
3  7.129630  4.448160 97.6292
3 -0.146269  6.948310 97.6040
3  1.249680  7.272160 97.5800
3  3.864530  6.785670 97.5906