305

3 -4.967570 -6.840590  2.77746
3 -3.743070 -7.480810  2.79176
3 -1.082730 -7.891750  2.68086
3  0.332812 -7.776290  2.67534
3  2.743280 -6.708430  2.72541
3 -6.721560 -4.850260  2.71431
1 -1.049210 -4.715550  2.84304
1 -2.273770 -4.400280  2.07606
1  0.058539 -4.235160  2.08458
3  3.854610 -5.782390  2.69048
3 -7.464540 -3.628390  2.69033
1 -4.175840 -2.815170  2.22785
1 -3.447330 -3.977890  2.74125
1  1.173950 -3.722910  2.67576
1  1.942100 -2.661480  2.07931
3  5.712520 -3.784980  2.69052
3  6.593870 -2.643920  2.67434
3 -8.129880 -1.017860  2.56222
1 -4.370000 -0.079905  1.90006
3  7.824810 -0.306898  2.64902
3 -3.129190 -7.729870  4.17589
3 -1.668730 -7.881330  4.18652
3  0.924229 -7.566570  4.09585
3  2.245700 -6.969770  4.15389
3 -5.435600 -6.390730  4.23964
3 -6.414290 -5.361120  4.18425
1 -2.276860 -4.201550  4.91116
1 -1.024820 -4.593840  4.22601
3  4.320620 -5.223630  4.07684
3  5.335740 -4.256090  4.14317
3 -7.740600 -3.062350  4.13674
1 -3.396540 -3.783450  4.19606
1 -4.186840 -2.596360  4.56564
1  0.076729 -3.974460  4.84016
1  1.200930 -3.591420  4.09898
1  1.901260 -2.403600  4.42147
3 -7.933200 -1.617580  4.07238
1 -4.719880 -2.059930  3.30915
1 -4.705380 -0.703374  3.17929
1  2.364880 -1.810500  3.21681
1  2.318950 -0.426664  2.96664
3  6.878630 -2.122170  4.12566
3  7.608020 -0.889729  4.13271
3 -4.992030 -6.848850  5.62634
3 -3.764880 -7.601570  5.55636
3 -1.072570 -7.964050  5.58817
3  0.372368 -7.789900  5.54877
3  2.771630 -6.646820  5.58333
3 -6.815880 -4.889810  5.59060
3 -5.546490 -6.507510  7.03647
3 -6.561260 -5.460930  7.03849
3  3.869340 -5.681030  5.54886
3  4.324820 -5.293520  7.02129
3  5.275050 -4.233240  7.08810
3 -7.468060 -3.611010  5.57503
3 -7.640850 -3.027610  6.96646
1 -1.835550 -3.308950  6.00262
1 -2.568370 -2.158130  6.40319
1 -0.427951 -3.169900  5.94907
3  5.691910 -3.764700  5.62552
3  6.542250 -2.651460  5.57177
3 -8.014690 -0.995052  5.50756
3 -7.937400 -1.571550  6.92553
1 -3.785140 -1.822220  5.67937
1 -3.831620 -0.368477  5.47651
1 -1.858660 -0.924977  6.61992
1  0.307837 -2.009580  6.25684
1 -0.450883 -0.860598  6.53460
1  1.379920 -0.170111  5.29728
1  1.447330 -1.568740  5.49755
3  7.764120 -0.213825  5.58638
3  7.462730 -0.815639  7.03453
3 -3.123560 -7.640400  7.06885
3 -5.049200 -6.821830  8.42789
3 -3.743470 -7.487800  8.48584
3 -1.694740 -7.948080  7.07359
3 -1.104260 -7.923660  8.50915
3  0.940646 -7.536570  7.01271
3  0.319768 -7.720160  8.49803
3  2.211240 -6.904190  7.00259
3  2.754030 -6.626000  8.43091
3 -6.872460 -4.909060  8.45516
3  3.908840 -5.828410  8.43481
3 -7.468440 -3.579000  8.45148
3  5.594580 -3.749340  8.51760
3  6.495780 -2.590520  8.49080
3  6.787730 -2.051960  7.03592
3 -7.967000 -0.923716  8.41080
3  7.569660 -0.224318  8.52090
3 -3.111650 -7.628930 10.04210
3 -1.673690 -7.934970  9.93891
3  0.907002 -7.445990  9.95267
3  2.204070 -6.884410  9.96838
3 -5.513760 -6.418950  9.91920
3 -6.547420 -5.384070  9.96968
3  4.285890 -5.361570  9.97048
3 -7.662730 -2.979560  9.85193
2 -1.104000 -2.303660  9.86265
2 -0.766595 -3.434710 10.70210
2  0.608210 -3.286480 11.07170
3  5.326920 -4.298250  9.93897
3 -7.989530 -1.531920  9.80509
2 -3.415950 -2.197110 10.80070
2 -2.367360 -1.751660  9.90592
2 -2.523250 -0.329177  9.77456
2  0.113981 -1.527120  9.63243
2 -0.036663 -0.089283  9.50794
2  1.141280 -2.061560 10.45720
2  2.091840 -1.296510 11.13780
3  6.923610 -2.133840  9.93928
3  7.415650 -0.792979  9.92577
3 -4.958170 -6.749410 11.38990
3 -3.690190 -7.434640 11.39930
3 -3.138440 -7.626960 12.87300
3 -1.058230 -7.851360 11.45310
3 -1.689440 -7.894280 12.82460
3  0.386282 -7.778790 11.40720
3  0.933692 -7.441790 12.85620
3  2.302770 -6.958480 12.85740
3  2.740060 -6.665380 11.37960
3 -5.402390 -6.298320 12.82290
3 -6.783840 -4.795130 11.42530
3 -6.382780 -5.226020 12.86130
2 -1.349230 -4.210540 12.98710
2 -0.014280 -4.078200 13.33510
3  3.942340 -5.879980 11.36610
3  4.413020 -5.387220 12.90070
3 -7.502970 -3.509030 11.39270
3 -7.712860 -2.931020 12.90200
2 -3.030300 -3.245670 11.71020
2 -3.361480 -3.178930 13.11320
2 -1.730620 -3.812780 11.65270
2  1.040840 -3.679590 12.41980
2  2.053630 -2.871860 13.13670
3  5.511720 -4.528290 12.89830
3  6.587350 -2.729950 11.40260
3  5.849200 -3.954080 11.42050
3 -8.099150 -0.956188 11.35560
3 -8.155900 -1.531780 12.92220
2 -4.135620 -1.054410 11.38330
2 -4.562670 -1.038250 12.75790
2  2.525170 -1.674690 12.52010
2  2.655950 -0.425288 13.23890
3  6.811020 -2.172870 12.83330
3  7.522320 -0.231532 11.38130
3  7.362530 -0.856125 12.78360
3 -4.940790 -6.691590 14.25770
3 -3.702210 -7.418700 14.32340
3 -1.139160 -7.791870 14.31190
3  0.238267 -7.528830 14.37340
3  2.746400 -6.547180 14.32960
3 -6.713560 -4.701300 14.36750
3  3.886340 -5.699820 14.35960
3 -7.497790 -3.493610 14.37070
2 -2.341460 -3.838280 13.92960
2  0.379649 -3.569970 14.65050
2  1.587030 -2.810920 14.53160
3  5.920440 -4.041490 14.31790
3  6.536270 -2.745900 14.29920
3 -8.310950 -0.975498 14.35020
2 -4.172060 -2.109450 13.61540
2 -3.818810 -0.152606 14.81950
2  2.224950 -0.355951 14.60440
3  7.544130 -0.257571 14.26940
3 -7.967760  0.414593  2.56067
1 -3.650180  1.157870  2.17662
1 -1.380170  2.118650  2.14458
1  1.010700  1.347540  2.10045
1  1.811330  0.149664  1.74042
3  7.969780  1.148260  2.68320
3 -6.874700  2.838040  2.55041
3 -5.962160  3.994820  2.52133
3  7.408670  3.780720  2.70035
3 -3.928120  5.598510  2.59140
3 -2.702770  6.480360  2.65128
3  6.734050  5.046550  2.69175
3 -0.368986  7.569180  2.75588
3  1.151840  7.814100  2.69051
3  3.760240  7.669550  2.70100
3  5.021780  6.986860  2.69736
3 -7.878440  1.033710  3.97893
1 -3.599530  1.299690  3.63247
1 -4.213660  0.106585  4.20644
1 -2.436190  1.742760  4.22026
1 -0.138711  1.935420  4.22399
1  1.039330  1.479640  3.55091
1  1.778110  0.394852  4.08167
3  7.943880  1.796830  4.10341
3 -7.213100  2.331950  4.00359
1 -1.338470  2.227220  3.49831
3  7.709560  3.233890  4.13541
3 -5.643050  4.462890  3.98232
3 -4.470930  5.345330  4.02753
3  6.555840  5.559380  4.14389
3 -2.175480  6.807670  4.14440
3 -0.888754  7.321970  4.19126
3  1.730360  7.801950  4.15294
3  3.153160  7.829550  4.21379
3  5.551130  6.614000  4.16309
3 -8.019020  0.430236  5.50397
3 -7.934770  1.106980  6.95900
1 -1.963070  1.205650  5.43362
1 -2.629260  0.168137  6.06388
1 -0.524772  1.323380  5.45051
1  0.223090  0.283541  5.97108
3  8.020120  1.205500  5.61504
3  8.034750  1.794050  7.01281
3 -7.244610  2.371580  6.90895
3 -6.946510  2.832100  5.45862
3 -6.049330  3.914220  5.44039
3  7.543330  3.818300  5.52770
3 -5.643570  4.393940  6.94022
3 -4.051880  5.791280  5.41781
3 -4.565690  5.336250  6.99700
3 -2.854240  6.615270  5.50258
3  6.918050  5.096550  5.52985
3 -2.342460  6.882570  6.97532
3 -0.335764  7.507570  5.54606
3 -1.001240  7.333170  7.00496
3  1.072640  7.814720  5.58436
3  1.714980  7.854330  7.07452
3  3.179800  7.808510  6.99990
3  3.759200  7.623670  5.62466
3  4.980630  6.887880  5.59231
3  5.504240  6.514490  7.08325
3 -8.023930  0.524674  8.43639
3  7.846150  1.166950  8.50512
3 -7.068160  2.935380  8.46334
3 -6.077960  3.955790  8.49577
3  7.761010  3.209170  6.96235
3  7.576340  3.824190  8.48534
3 -4.071700  5.657910  8.47232
3 -2.883610  6.604670  8.52235
3  6.574770  5.531840  7.05581
3  6.921390  5.119710  8.47224
3 -0.293779  7.403230  8.50299
3  1.133450  7.558180  8.51252
3  3.813370  7.649900  8.45278
3  5.054730  6.905880  8.46018
3 -8.023650  1.084120  9.90696
2 -3.614820  0.139876 10.76920
2 -1.423860  0.488492  9.72902
2 -1.272460  1.697140 10.51360
2  0.141504  1.875970 10.84750
2  0.904866  0.748057 10.24580
2  1.908770  0.130090 11.07870
3  7.743420  1.790270  9.91356
3 -7.406770  2.406520  9.95280
3  7.710660  3.196090  9.89561
3 -5.700240  4.442210  9.91973
3 -4.581910  5.317600  9.88812
3  6.631550  5.631800  9.90470
3 -2.246910  6.723900  9.96883
3 -0.913936  7.202620  9.96811
3  1.754770  7.707940  9.93930
3  3.201190  7.752430  9.88297
3  5.512680  6.592620  9.91657
3 -8.171140  0.503613 11.33420
3 -8.084880  1.067150 12.77840
2 -3.896480  1.374350 12.86090
2 -3.425230  1.320440 11.45720
2  1.505950  1.715450 12.89850
2  2.259160  0.665614 12.35080
3  7.701300  1.173400 11.36340
3  7.790000  1.787090 12.87790
3 -7.547650  2.441550 12.75660
3 -7.175090  2.947740 11.38850
3 -6.203090  4.038540 11.40720
2 -2.291140  2.149610 11.34380
2 -1.933090  2.640470 12.60720
2  0.452899  2.341560 12.13570
2 -0.593041  2.730700 13.01330
3  7.674370  3.901890 11.30680
3  7.779420  3.233450 12.86050
3 -5.773220  4.458820 12.89530
3 -4.046870  5.612310 11.41700
3 -4.547010  5.215840 12.88060
3  6.599230  5.583600 12.83710
3  7.008080  5.196770 11.38160
3 -2.853410  6.484480 11.41510
3 -2.272510  6.746150 12.89290
3 -0.916320  7.222680 12.90840
3 -0.311574  7.386130 11.45650
3  1.106660  7.664030 11.40640
3  1.691370  7.756470 12.85340
3  3.144800  7.732100 12.75860
3  3.758060  7.520780 11.39770
3  4.964510  6.829480 11.37010
3  5.497830  6.561800 12.80770
3 -8.221650  0.487007 14.37060
2 -4.268090  0.179407 13.52800
2  1.199590  1.898910 14.34470
3  7.743910  1.174450 14.25990
3 -7.110050  2.894460 14.30180
3 -6.154990  3.999400 14.29460
2 -2.896660  2.210030 13.60190
2 -0.145277  2.455640 14.40290
3  7.623390  3.808450 14.26710
3 -3.993550  5.603930 14.31620
3  7.003240  5.118400 14.25490
3 -2.870790  6.484670 14.29260
3 -0.341284  7.390240 14.32280
3  1.088210  7.705340 14.32140
3  3.761560  7.613340 14.25580
3  5.040740  6.989770 14.20370