317

3 -5.426300 -6.196280 56.6272
3 -4.078860 -6.786350 56.6060
3 -1.432960 -6.821730 56.6522
3  0.012417 -6.716880 56.6455
3 -7.413860 -4.532350 56.6105
3  2.582710 -6.241400 56.6222
3  3.937680 -5.795390 56.5896
3  5.953480 -4.216730 56.6091
3 -8.094120 -3.265960 56.6061
3  6.944730 -3.108700 56.6045
3 -8.679980 -0.683012 56.5801
1  0.654876 -0.756952 56.4074
1  1.273120  0.492389 56.1873
1  1.671930 -1.740270 56.6918
1  2.678700  0.380797 56.2491
1  2.958840 -0.955600 56.6786
3  8.273410 -0.835809 56.6232
3 -3.475290 -6.814300 58.1991
3 -2.017840 -6.900690 58.2656
3  0.577597 -6.777800 58.2477
3  1.968060 -6.360420 58.2273
3 -7.044290 -4.952090 58.2003
3 -5.899410 -5.895000 58.2321
3  4.383390 -5.462940 58.1767
3  5.602020 -4.621260 58.2240
3 -8.236090 -2.687750 58.1291
1  1.444300 -2.642950 57.7865
1  0.126624 -2.672790 58.4664
1  3.567170 -2.011140 58.7838
3  7.315890 -2.742310 58.1835
3 -8.556300 -1.260180 58.1688
1 -0.654535 -0.807254 56.9471
1 -0.860559 -1.714370 58.0346
1  3.889520 -1.100070 57.7078
1  4.701660 -0.016557 58.2582
3  7.965980 -1.421280 58.1763
3 -4.031950 -6.663460 59.8059
3 -1.482420 -6.827570 59.8541
3 -0.014849 -6.767150 59.8323
3  2.530510 -6.225490 59.7633
3 -7.454620 -4.559900 59.7942
3 -5.403940 -6.175970 59.8167
3  3.922450 -5.760530 59.7669
3  5.982550 -4.200550 59.7925
3 -8.113720 -3.267780 59.7222
1  0.346168 -2.894570 59.8712
1  2.425390 -2.826600 58.8278
1  1.764510 -3.011410 60.1071
3  7.016090 -3.206550 59.7923
3 -8.591330 -0.713146 59.7660
1 -1.779750 -1.142160 58.9854
1 -1.555080 -1.343780 60.3474
1  4.152380 -1.509230 59.9722
1  4.844550 -0.293310 59.6996
3  8.249380 -0.907308 59.7972
3 -4.039760 -6.750070 63.0058
3 -3.475960 -6.843000 61.4105
3 -2.050890 -7.040400 61.4208
3 -1.371340 -7.055120 62.9592
3  0.033142 -6.834460 62.9574
3  0.566887 -6.796830 61.3739
3  1.953100 -6.325470 61.3628
3  2.527250 -6.242170 62.9412
3 -7.016210 -4.997920 61.3682
3 -7.500720 -4.554760 62.9497
3 -5.359240 -6.044390 62.9843
3 -5.799830 -5.815260 61.3573
3  3.933720 -5.761030 62.9687
3  4.421160 -5.464130 61.3845
3  5.552780 -4.588230 61.3854
3  5.923540 -4.157880 62.9925
3 -8.358960 -2.748600 61.3038
3 -8.150600 -3.265510 62.9286
1 -0.484832 -2.172640 60.7620
1  2.362540 -2.560950 61.2762
3  7.381640 -2.796850 61.3019
3  7.070130 -3.260820 62.9096
3 -8.536550 -1.337610 61.3408
3 -8.628450 -0.745034 62.9334
1 -0.634948 -0.437597 62.3339
1  0.152263 -1.595200 61.8807
1  1.486250 -1.820300 62.2779
1  3.586520 -1.746180 61.2315
1  3.485370 -0.618377 62.1459
1  2.208000 -0.632120 62.7746
3  8.064130 -1.439850 61.3229
3  8.174800 -0.896248 62.9019
3 -3.406860 -6.935730 64.5580
3 -1.964560 -7.126640 64.5352
3  0.608192 -6.727730 64.5595
3  1.997400 -6.352110 64.5656
3 -7.077900 -4.973570 64.5377
3 -5.843490 -5.828110 64.5606
3  4.354900 -5.361950 64.5435
3  5.601850 -4.605030 64.5835
3 -8.479120 -2.763210 64.5063
3  7.419260 -2.813710 64.4982
3 -8.630740 -1.310840 64.5473
3  8.092630 -1.473510 64.5071
3 -4.047160 -6.739820 66.1192
3 -1.316770 -7.123650 66.1247
3  0.071900 -6.776750 66.1421
3  2.555740 -6.314170 66.1604
3 -7.429460 -4.477770 66.0554
3 -5.268750 -6.015540 66.1283
3  3.855690 -5.704550 66.0554
3  6.085360 -4.274600 66.0442
3 -8.221570 -3.230330 66.1349
2 -2.661050 -2.572730 66.7808
2 -0.300961 -2.975890 66.5502
3  7.178050 -3.301280 66.0422
3 -8.681610 -0.696259 66.1116
2 -2.111150 -1.655700 65.8288
2 -0.689347 -1.922950 65.6597
2  0.225730 -0.819195 65.5205
2  1.444180 -0.714600 66.2329
3  8.181190 -0.844904 66.0720
3 -3.947270 -6.583360 69.3066
3 -3.407170 -6.802600 67.6881
3 -1.927710 -7.059210 67.6670
3  0.639765 -6.826190 67.7249
3  2.082770 -6.495300 67.6881
3 -7.004220 -4.844850 67.6699
3 -7.402770 -4.412150 69.2723
3 -5.225590 -5.855090 69.3107
3 -5.790160 -5.600010 67.7211
3  4.389080 -5.323670 67.6569
3  5.653440 -4.544130 67.6592
3 -8.400120 -2.639770 67.7203
3 -8.204960 -3.197650 69.2637
2 -3.571540 -2.518060 69.0967
2 -1.511020 -3.352510 67.2790
2 -1.446000 -3.672130 68.6111
2  0.942181 -3.171270 68.6224
2  0.925931 -2.867150 67.2485
3  7.529000 -2.739550 67.6124
3 -8.653140 -1.209110 67.6893
3 -8.747140 -0.631814 69.2804
2 -4.170100 -0.831128 67.6858
2 -4.428100 -0.341736 69.0683
2 -3.596130 -2.146580 67.7589
2  1.829320 -1.783680 67.0031
2  2.477240 -1.439760 68.2658
3  8.117210 -1.420050 67.6794
3 -1.420570 -7.047970 69.2946
3  0.031186 -6.935570 69.3174
3  2.665950 -6.438850 69.2129
3  3.870800 -5.657320 69.2236
3  5.977500 -4.123220 69.1945
2 -2.503840 -3.298270 69.5607
2 -0.211444 -3.551820 69.3066
2  1.942610 -2.358650 69.2232
3  7.135430 -3.205420 69.2135
2 -4.046790 -1.460640 69.9187
2  2.780090 -0.083312 68.6441
2  2.406420  0.378361 69.9782
3  8.224260 -0.870236 69.2963
3 -8.543410  0.746773 56.5659
1 -0.796581  1.636970 56.8730
1  0.551928  1.690520 56.3130
1  3.326920  1.535380 56.7585
3  8.343910  0.657332 56.5798
3 -7.297770  3.108130 56.5974
3 -6.313110  4.187210 56.6303
1  1.211810  2.859950 56.8454
1  2.636900  2.762490 57.1227
3  7.623040  3.058730 56.6784
3 -4.145830  5.541790 56.6533
3  5.062990  6.078060 56.6571
3  7.063700  4.377040 56.6953
3 -2.780390  6.155590 56.6705
3 -0.364680  7.120810 56.6180
3  1.108350  7.140010 56.6069
3  3.716520  6.635600 56.6446
3 -8.385420  1.358380 58.1437
1 -2.004430  0.258568 58.5392
1 -1.362930  0.401186 57.2169
1  4.369600  1.259080 57.7576
3  8.267780  1.155650 58.2048
3 -7.801790  2.694040 58.1514
1 -0.833849  2.724040 57.8848
1 -1.535430  2.591990 59.1311
1  0.428376  3.392850 57.8543
1  0.969882  3.868660 59.0564
1  3.210350  3.203720 58.3567
1  2.349360  3.855460 59.2574
1  4.303900  2.325240 58.7178
3  7.888940  2.539100 58.2629
3 -5.848910  4.465320 58.2254
3 -4.648610  5.291190 58.1962
3  5.529300  5.825040 58.2930
3  6.689370  4.943530 58.2728
3 -2.206580  6.408470 58.2265
3 -0.908867  6.935900 58.1985
3  1.658000  7.082720 58.2209
3  3.077270  6.748010 58.2193
3 -8.571990  0.758710 59.7396
1 -2.120470  1.289450 59.4530
1 -1.950820  1.073960 60.8326
1  4.719970  0.790304 60.5858
3  8.245160  0.509329 59.7997
3 -7.338000  3.069170 59.7610
3 -6.337850  4.136330 59.7754
1 -0.921818  3.101200 60.3578
1  0.274621  3.825410 60.2840
1  1.306040  3.604590 61.3064
1  2.631570  3.750250 60.6713
1  4.464320  2.097380 60.1397
1  3.620280  2.807020 61.0381
3  7.660290  3.092800 59.7906
3 -4.119120  5.623010 59.7573
3 -2.809210  6.223090 59.7828
3  7.116360  4.402830 59.8227
3 -0.332281  6.968510 59.7935
3  1.118470  7.097910 59.8149
3  3.754070  6.671330 59.7662
3  5.123820  6.132300 59.7596
3 -8.519910  0.734046 62.9292
3 -8.360880  1.285780 61.3691
1 -1.657210 -0.261209 61.3199
1  0.112792  0.665994 62.7775
1  1.510740  0.537752 63.0738
1  4.102890  0.635585 61.9687
3  8.209200  1.129180 61.4055
3  8.256040  0.575558 62.9882
3 -7.624530  2.562860 61.3470
3 -7.094720  2.911140 62.9167
3 -6.206940  4.062250 62.9262
1 -1.206350  2.181990 61.4190
1 -0.196862  2.032370 62.3525
1  1.061980  2.744090 62.3389
1  2.080630  1.834550 62.8307
1  3.365740  1.912260 62.1546
3  7.793860  3.121620 62.9473
3  7.992720  2.538430 61.3398
3 -5.735830  4.430980 61.3169
3 -4.594990  5.349770 61.3103
3 -4.152680  5.578060 62.9447
3 -2.827670  6.211220 62.9259
3  5.543490  5.845080 61.3839
3  6.747430  4.901420 61.3831
3  7.070110  4.383580 62.9525
3 -2.295600  6.454270 61.3910
3 -0.912184  6.988290 61.3924
3 -0.322689  6.969800 62.9685
3  1.743040  6.976430 61.3832
3  1.164880  7.110890 63.0008
3  3.189690  6.834270 61.3607
3  3.680660  6.683720 62.9800
3  5.107620  6.148700 62.9970
3 -8.351310  1.278300 64.4979
3  8.229330  1.171180 64.4985
3 -7.608430  2.584650 64.4709
3  8.114700  2.589690 64.4829
3 -5.687530  4.397920 64.5191
3 -4.586370  5.271710 64.5682
3  5.561490  5.791990 64.5562
3  6.655240  4.821570 64.5344
3 -2.280780  6.367950 64.5410
3 -0.907303  6.883510 64.5345
3  1.722080  7.118810 64.6048
3  3.140110  6.948360 64.5770
3 -8.481540  0.709614 66.0713
2 -2.638380 -0.353682 65.8040
2 -3.683940  0.090606 66.7311
2 -1.738600  0.789017 65.6022
2 -0.352914  0.499517 65.4928
2  0.621362  1.459540 66.0221
3  8.322770  0.595137 66.0797
3 -7.303650  3.034370 66.1083
3 -6.241450  4.050740 66.0776
2 -2.226730  1.893530 66.4096
3  7.928540  3.085270 66.0963
3 -4.129530  5.549210 66.1333
3 -2.790720  6.118790 66.1282
3  7.129290  4.394880 66.0910
3 -0.260865  7.027830 66.1401
3  1.208700  7.218120 66.1619
3  3.809460  6.755710 66.1378
3  5.099590  6.087020 66.0928
3 -8.499660  0.807189 69.2649
3 -8.274380  1.312570 67.6445
2 -3.355370  1.444020 67.1272
2 -3.627310  1.911960 68.3796
2  1.739650  0.665633 66.4772
2  2.405370  0.999058 67.6972
3  8.393780  1.153100 67.6977
3 -7.610410  2.576530 67.6775
3 -7.248450  3.105580 69.2508
3 -6.263690  4.182140 69.2811
2 -1.286010  2.758620 66.9973
2  0.096655  2.539740 66.7860
2  0.792872  2.833750 68.0441
3  8.243630  2.574850 67.6949
3 -5.788130  4.494150 67.6683
3 -4.640170  5.342900 67.7103
3 -4.119870  5.706070 69.2916
3 -2.710960  6.191210 69.3024
3  5.552140  5.744920 67.6863
3  6.644400  4.731720 67.7195
3 -2.223580  6.457520 67.6767
3 -0.878629  6.988320 67.6927
3 -0.242179  7.090500 69.2780
3  1.793470  7.200740 67.7599
3  1.292980  7.207390 69.2966
3  3.287300  7.018140 67.6963
3  3.798280  6.761800 69.2843
2 -4.116660  0.991554 69.4169
2  1.891630  2.047520 68.5040
2  1.880350  1.652470 69.8953
3  8.462450  0.597805 69.3336
2 -2.693250  2.791950 69.0037
2 -1.543160  3.192850 68.2995
2 -0.272230  3.299120 68.9737
3  8.010220  3.139490 69.2437
3  7.086850  4.330510 69.2766
3  5.111570  6.061540 69.2538