291

3 -5.112300 -7.012160 69.7788
3 -3.813070 -7.675440 69.6769
3 -1.148380 -8.047070 69.5828
3  0.231695 -7.761930 69.5447
3 -6.951170 -5.181170 69.7315
3  2.623450 -6.679660 69.5473
3  3.802460 -5.738770 69.5324
3 -7.700930 -3.918120 69.7349
3  5.728200 -3.866240 69.4804
3  6.692460 -2.780040 69.4548
3 -8.057720 -1.252890 69.7508
3  7.900030 -0.428144 69.5259
3 -5.619590 -6.670030 71.1871
3 -3.160330 -7.946220 71.0690
3 -1.752200 -8.137910 71.0587
3  0.884864 -7.679270 70.9862
3  2.181850 -7.082060 70.9332
3 -6.675290 -5.685440 71.2141
3  4.335410 -5.443080 70.9866
3  5.322880 -4.385730 71.0202
3 -7.957170 -3.340960 71.1850
2 -1.771580 -2.725140 71.0796
2 -0.331899 -2.790080 71.1210
3  6.995180 -2.277330 71.0574
3 -8.185800 -1.929180 71.1954
2 -3.419740 -0.818720 71.2934
2 -2.218170 -1.347060 70.7965
2 -1.000550 -0.599276 70.7324
2  0.120388 -1.473070 70.9956
2  1.166640 -0.963282 71.7471
3  7.581720 -0.941218 71.0932
3 -5.085890 -7.018540 72.5678
3 -3.776330 -7.683420 72.5356
3 -3.226740 -7.934880 73.9918
3 -1.784500 -8.029010 74.0045
3 -1.171590 -8.098560 72.5289
3  0.234440 -7.825090 72.5432
3  0.768200 -7.576300 73.9448
3  2.047850 -6.873910 73.8954
3  2.621030 -6.686450 72.3889
3 -7.076470 -5.204490 72.6078
2 -0.610140 -4.431130 73.0048
3  3.785520 -5.807890 72.4197
3  4.169110 -5.313740 73.8759
3 -7.740290 -3.945620 72.6187
2 -3.895960 -2.987810 72.3910
2 -3.949900 -3.467020 73.7734
2 -2.614160 -3.525780 71.8314
2 -2.023980 -4.381700 72.8500
2  0.283510 -3.724830 72.0520
2  1.332170 -3.141210 72.8882
3  5.244020 -4.369380 73.8460
3  5.781720 -3.977390 72.4120
3  6.632830 -2.833620 72.5082
3  7.003350 -2.306580 73.9495
3 -8.050550 -1.270530 72.6586
2 -4.334220 -1.670360 72.1250
2 -4.813540 -0.837628 73.2635
2  1.900520 -1.836130 72.6398
2  2.309990 -1.024860 73.7985
3  7.719810 -0.369010 72.5229
3  7.606580 -1.003320 73.9402
3 -5.540150 -6.614060 73.9888
3 -5.108030 -7.133680 75.4373
3 -3.773930 -7.774140 75.4569
3 -1.154830 -8.062660 75.4925
3  0.215972 -7.694800 75.3830
3  2.657850 -6.641270 75.4527
3 -6.605730 -5.715250 74.0352
3 -7.037630 -5.221330 75.4601
2 -2.221060 -4.387350 75.3388
2 -0.008855 -4.434320 74.3497
2 -0.792227 -4.509570 75.4824
3  3.752840 -5.743770 75.3583
3 -7.851100 -3.288260 74.0614
3 -7.725350 -3.964230 75.5141
2 -4.487320 -2.703770 74.8268
2 -2.797240 -4.292130 74.0675
2  1.131680 -3.567400 74.2343
2  1.596630 -2.884400 75.3526
3  5.692190 -3.955790 75.3337
3  6.608720 -2.774740 75.3812
3 -8.011360 -1.869310 74.0535
3 -7.991620 -1.361520 75.5294
2 -4.875340 -1.275090 74.5894
2 -4.485660 -0.498375 75.7408
2  2.160180 -1.520300 75.1484
2  1.529540 -0.684744 76.1186
3  7.831290 -0.392062 75.4417
3 -5.525760 -6.644250 76.8788
3 -3.181700 -7.954610 76.9126
3 -1.735860 -8.122450 76.9075
3  0.893002 -7.544310 76.8490
3  2.192920 -6.887910 76.8719
3 -6.586790 -5.686000 76.8377
3  4.338060 -5.447960 76.8222
3 -7.949120 -3.361610 76.9589
2 -3.864550 -2.702450 76.1715
2 -2.738010 -3.539140 76.3548
2 -1.601300 -3.097480 77.1724
2 -0.412383 -3.609780 76.5897
2  0.775075 -2.882830 76.5484
3  5.428710 -4.495900 76.7988
3  7.052150 -2.280160 76.8639
3 -8.067280 -1.957970 76.9741
2 -3.797780 -1.332360 76.6621
2 -2.787720 -0.832769 77.4363
2 -1.672350 -1.770130 77.7409
2 -0.447814 -1.009330 77.5783
2  0.746448 -1.478480 77.0151
3  7.603360 -0.960523 76.8847
3 -5.552810 -6.808170 79.8125
3 -5.059260 -7.078780 78.3564
3 -3.771870 -7.772460 78.3769
3 -3.138260 -8.020400 79.8047
3 -1.704700 -8.162940 79.7803
3 -1.164030 -8.058420 78.2938
3  0.262559 -7.781990 78.2560
3  0.812408 -7.474370 79.7429
3  2.161420 -6.985920 79.7785
3 -7.022160 -5.285300 78.3536
3 -6.605780 -5.814150 79.8548
3  2.766100 -6.665340 78.3469
3  3.916140 -5.760760 78.3966
3  4.379930 -5.435370 79.8010
3 -7.621250 -4.005950 78.4171
3 -7.701800 -3.415610 79.9247
3  5.428030 -4.435120 79.8333
3  6.773700 -2.846770 78.2811
3  5.863630 -3.956870 78.2684
3  7.063430 -2.280100 79.7763
3 -7.877180 -1.364410 78.4013
3 -7.910240 -1.990700 79.9871
3  7.763640 -0.349888 78.3456
3  7.639790 -0.930976 79.7729
3 -5.086390 -7.251460 81.2670
3 -3.728660 -7.871220 81.2730
3 -1.125170 -8.076940 81.2359
3  0.271799 -7.774940 81.1737
3 -6.952080 -5.317260 81.3177
3  2.690100 -6.633490 81.2721
3  3.860020 -5.768780 81.2537
3 -7.567200 -4.001230 81.3530
3  5.805310 -3.876600 81.2519
3  6.670760 -2.722600 81.2825
3 -7.867010 -1.367590 81.4291
1  0.435687 -0.985581 80.6217
1  0.981232 -1.932650 81.5321
1 -0.855101 -0.431279 80.8818
1  1.580670 -0.074268 80.2645
1  2.742150 -0.568881 80.9253
1  2.415060 -1.681950 81.7107
3  7.808000 -0.369344 81.3118
3 -7.981730  0.192624 69.7763
3  8.145040  0.994599 69.5546
3 -6.921210  2.674160 69.7542
3 -5.946270  3.780550 69.7162
3  7.583710  3.620720 69.5081
3 -3.959170  5.572630 69.7114
3 -2.844940  6.483220 69.6821
3  6.836200  4.885830 69.5139
3 -0.373083  7.382900 69.5958
3  1.039660  7.581740 69.6166
3  3.644650  7.404080 69.6450
3  4.951450  6.838630 69.6114
3 -7.807470  0.769346 71.2269
3 -7.271720  2.151240 71.2337
2 -0.985940  0.680096 71.3239
2 -2.236610  1.317050 71.7681
3  8.214790  1.602500 71.0083
3 -5.483700  4.200570 71.2536
3  7.829730  3.008770 71.0002
3 -4.406010  5.182650 71.2887
3  6.562670  5.406880 70.9438
3  5.483300  6.385890 70.9756
3 -2.356330  6.806630 71.1921
3 -1.003430  7.300620 71.1684
3  1.607140  7.819410 71.0373
3  3.049990  7.590440 71.0313
3 -7.870380  0.143310 72.6598
3 -7.684900  0.732870 74.0946
3 -7.130220  2.080820 74.1351
2 -3.331160  0.457472 71.9084
2 -4.214300  0.513439 73.0674
2 -1.841470  2.085560 72.9813
2  0.122090  1.279470 72.0077
2 -0.384127  2.092770 73.0617
2  1.204620  0.367085 72.2684
2  1.891700  0.336520 73.5783
3  8.131610  0.990345 72.5242
3  8.190920  1.636970 73.9127
3 -6.898650  2.640930 72.6756
3 -5.964460  3.766250 72.6945
3 -5.598030  4.229670 74.1146
3  7.673900  3.604150 72.4778
3  7.901830  3.079500 73.8891
3 -4.069880  5.717560 72.7375
3 -4.582700  5.292170 74.0643
3 -2.891240  6.601550 72.6714
3  6.621050  5.476410 73.9409
3  6.983950  4.865420 72.4820
3  5.505440  6.400190 73.9278
3 -2.319920  6.804800 74.1501
3 -0.926243  7.124350 74.0852
3 -0.379502  7.362380 72.5635
3  1.012340  7.648050 72.5226
3  1.657350  7.605490 73.9385
3  3.108880  7.527250 73.9045
3  3.668360  7.357380 72.5045
3  4.963130  6.713880 72.4637
3 -7.692200  0.040572 75.5473
2 -3.768460  1.263200 74.1583
2 -3.889160  0.780051 75.5246
2  0.189084  2.033140 74.3352
2 -0.600505  2.055610 75.5017
2  1.365160  1.183440 74.5671
2  1.227920  0.651599 75.8346
3  8.086350  1.024570 75.3756
3 -6.825090  2.580770 75.5922
3 -5.984940  3.724840 75.6247
2 -2.624900  2.116050 74.1186
2 -2.014530  2.189580 75.4696
3  7.634700  3.671320 75.4301
3 -4.136120  5.726610 75.5660
3 -2.869460  6.546040 75.5540
3  7.008300  4.951650 75.4236
3 -0.333322  7.305420 75.4793
3  1.035450  7.545560 75.3976
3  3.732500  7.311420 75.3744
3  4.984460  6.725120 75.3409
3 -7.573770  0.659190 76.9870
3 -7.068370  1.967570 76.9801
2 -2.797630  1.327020 76.3013
2 -2.188410  0.477120 77.2171
2 -0.020014  1.168310 76.4682
2 -0.795740  0.354127 77.3200
3  8.182510  1.680690 76.8610
3 -5.551580  4.236480 77.0160
3  7.849140  3.120010 76.8404
3 -4.618490  5.390840 76.9832
3  6.654220  5.516790 76.8475
3  5.554250  6.446500 76.8616
3 -2.306170  6.670990 76.9532
3 -0.920070  7.141000 76.8858
3  1.643800  7.755320 76.8744
3  3.068890  7.437270 76.8999
3 -7.474780  0.631252 79.9732
3 -7.585710  0.041222 78.4470
3 -6.924500  1.986770 79.9572
3  8.019310  1.088760 78.3367
3  8.095940  1.722200 79.7526
3 -6.658820  2.533030 78.5433
3 -5.799310  3.702220 78.4686
3 -5.382520  4.144510 79.9400
3  7.795130  3.785680 78.2919
3  7.857810  3.121440 79.7770
3 -4.136820  5.711980 78.4677
3 -4.449110  5.236720 79.9189
3 -2.956870  6.555160 78.4217
3  7.060470  5.036150 78.3161
3  6.658260  5.538360 79.7288
3  5.541780  6.418910 79.7140
3 -2.290040  6.779610 79.8337
3 -0.889845  7.204510 79.7849
3 -0.326953  7.310810 78.2998
3  1.079430  7.718820 78.3582
3  1.688480  7.797490 79.7817
3  3.110430  7.552910 79.7591
3  3.724140  7.338430 78.3259
3  5.027530  6.769230 78.3011
3 -7.578570  0.000845 81.4335
1 -1.030460  0.985591 80.7061
1 -2.007540  1.399630 81.6347
1  0.007943  1.802100 80.3322
1  1.366700  1.298740 80.0422
1  3.456860  1.827340 81.2039
1  3.622690  0.406182 81.4098
3  8.096650  1.058290 81.3236
3 -6.659910  2.530280 81.4071
3 -5.729310  3.660050 81.3611
1  0.140140  3.076870 80.9077
1  2.275350  2.189980 80.6232
1  1.603060  3.311540 81.1050
3  7.576480  3.701350 81.1787
3 -3.898390  5.620570 81.3352
3  7.005140  5.036980 81.1419
3 -2.783550  6.479780 81.3089
3 -0.306527  7.406270 81.2498
3  1.075750  7.689250 81.2199
3  3.747170  7.403490 81.1475
3  5.049860  6.914100 81.1762