240

3 -4.022440 -6.731030 113.447
3 -1.402430 -7.042310 113.431
3  0.053016 -6.945830 113.441
3  2.634370 -6.306960 113.394
3 -7.388550 -4.559980 113.455
3 -5.401500 -6.227300 113.498
3  4.005410 -5.788410 113.407
3 -8.069660 -3.222660 113.456
3  6.034350 -4.214960 113.435
3  6.837740 -2.986190 113.457
3 -8.638330 -0.649555 113.398
3  8.232070 -0.693880 113.450
3 -3.419830 -6.901060 115.016
3 -2.003900 -7.138890 114.998
3  0.673225 -6.919060 114.948
3  2.041070 -6.518360 114.981
3 -6.951190 -5.062850 115.043
3 -5.938380 -6.075080 115.057
3  4.455820 -5.500860 115.012
3  5.656890 -4.646140 115.034
3 -8.251260 -2.688930 114.989
3  7.272260 -2.486590 115.040
3 -8.575700 -1.236800 114.963
3  8.002700 -1.214510 115.037
3 -3.957350 -6.661090 116.575
3 -1.383590 -7.227520 116.554
3  0.091928 -7.054950 116.551
3  2.620020 -6.388660 116.544
3 -7.347890 -4.518690 116.602
3 -5.319680 -6.229460 116.587
3  3.965580 -5.818910 116.594
3 -7.958200 -3.231240 116.571
3  6.035600 -4.188350 116.576
3  6.994180 -3.092130 116.575
3 -8.518410 -0.678804 116.568
3  8.191740 -0.653783 116.621
3 -3.330200 -6.839190 118.121
3 -1.937130 -7.177310 118.173
3  0.632618 -7.036610 118.146
3  0.108740 -7.187130 119.759
3  2.069620 -6.642430 118.117
3 -6.963970 -5.041650 118.140
3 -5.822890 -5.919210 118.088
3  4.461000 -5.491150 118.189
3  5.649110 -4.657040 118.164
3  3.907510 -5.708300 119.693
3 -8.254930 -2.712090 118.147
3  7.206910 -2.531520 118.141
3 -8.526020 -1.280360 118.127
3 -8.491590 -0.761132 119.732
3  8.024440 -1.283690 118.149
3 -3.892530 -6.575420 119.704
3 -3.341840 -6.742120 121.315
3 -1.948440 -7.177430 121.294
3 -1.346420 -7.291430 119.742
3  0.696134 -7.169230 121.334
3  2.113520 -6.711120 121.272
3  2.621780 -6.462900 119.697
3 -7.251600 -4.532870 119.731
3 -6.913050 -4.978170 121.356
3 -5.276850 -6.211070 119.676
3 -5.778630 -6.088970 121.291
3  4.373130 -5.362080 121.309
3  5.554230 -4.626880 121.330
3 -8.026900 -3.288250 119.737
3 -8.170460 -2.712390 121.349
3  5.998260 -4.163280 119.773
3  6.934620 -2.976450 119.781
3  7.266500 -2.517710 121.337
3 -8.469510 -1.286450 121.322
3  8.008920 -1.303760 121.360
3  8.276790 -0.814594 119.734
3 -3.867700 -6.659010 122.905
3 -1.358810 -7.144510 122.813
3  0.076311 -7.280190 122.858
3  2.609470 -6.378710 122.839
3 -7.229500 -4.523620 122.933
3 -5.285390 -6.277220 122.876
3  3.904810 -5.739440 122.914
3  5.959040 -4.179540 122.910
3 -7.940690 -3.286860 122.934
3  6.904910 -3.041000 122.921
3 -8.559590 -0.719503 122.905
3  8.262710 -0.710221 122.934
3 -3.297470 -6.881520 124.506
3 -1.869580 -7.205910 124.455
3  0.684263 -7.281940 124.462
3  2.081070 -6.737260 124.438
3 -6.818500 -5.055330 124.490
3 -5.816080 -6.060090 124.482
3  5.613440 -4.604070 124.466
3  4.476500 -5.546410 124.474
3 -8.132570 -2.671390 124.531
3  7.363470 -2.620480 124.505
3 -8.488780 -1.272530 124.500
3  8.077260 -1.324480 124.476
3 -3.886000 -6.744260 126.029
3 -3.327000 -6.830550 127.646
3 -1.963150 -7.214120 127.649
3 -1.378040 -7.307340 126.029
3  0.120320 -7.326870 126.044
3  0.653402 -7.092170 127.633
3  1.987290 -6.631320 127.590
3 -7.112710 -4.490040 126.107
3 -6.824030 -4.996860 127.573
3 -5.219930 -6.273280 126.043
3 -5.764670 -5.951870 127.615
3  2.630220 -6.522440 126.020
3  3.938240 -5.783320 126.037
3  5.512880 -4.553940 127.662
3  4.293790 -5.343800 127.637
3  5.950670 -4.157200 126.073
3 -8.213330 -2.707260 127.621
3 -7.906980 -3.284460 126.096
3  7.411650 -2.675050 127.585
3  7.011050 -3.096330 126.075
3 -8.582370 -0.707239 126.084
3 -8.567340 -1.344890 127.593
3  8.267270 -0.774042 125.992
3  8.077870 -1.339410 127.552
3 -8.521690  0.847758 113.390
3  8.434150  0.729200 113.404
3 -7.204080  3.093130 113.438
3  7.917570  3.386150 113.465
3 -6.321850  4.304630 113.454
3 -4.052580  5.569640 113.412
3  7.145560  4.584840 113.449
3 -2.718000  6.171660 113.440
3 -0.251244  6.965010 113.404
3  1.222140  7.130360 113.423
3  3.802310  6.804080 113.403
3  5.076340  6.109190 113.430
3 -8.309460  1.360300 114.982
3  8.622120  1.318560 115.019
3 -7.540150  2.611910 115.022
3  8.164920  2.735080 115.016
3 -5.799450  4.510600 115.069
3 -4.546050  5.240520 115.047
3  5.633780  5.976930 115.029
3  6.814690  5.047090 115.031
3 -2.227710  6.349210 115.052
3 -0.819070  6.884290 115.006
3  1.837790  7.217450 115.035
3  3.275130  7.005550 115.030
3 -8.453850  0.805773 116.585
3  8.535150  0.762568 116.582
3 -7.248310  3.045890 116.626
3 -6.310680  4.155900 116.650
3  7.958670  3.275080 116.612
3 -4.082640  5.655500 116.650
3 -2.750960  6.180190 116.658
3  7.188420  4.510990 116.604
3 -0.232391  6.888220 116.611
3  1.201130  7.125590 116.620
3  3.815760  6.789360 116.560
3  5.152860  6.195050 116.591
3 -8.276070  1.307310 118.184
3  8.598030  1.326270 118.201
3 -7.536150  2.554910 118.131
3  8.110360  2.674000 118.185
3 -5.890300  4.565670 118.235
3 -4.623390  5.369170 118.228
3  5.695280  5.915500 118.201
3  6.875820  5.015000 118.191
3 -2.142190  6.282230 118.216
3 -0.805247  6.845550 118.153
3  1.824240  7.243010 118.117
3  3.311290  6.956670 118.146
3  3.868250  6.786090 119.756
3 -8.468010  0.744204 119.727
3 -8.317410  1.302120 121.311
3  8.636770  0.654088 119.735
3  8.549170  1.264920 121.334
3 -7.232680  3.061540 119.755
3 -7.553190  2.562880 121.315
3  7.953130  3.265950 119.773
3  8.284240  2.710810 121.332
3 -6.349400  4.208870 119.800
3 -5.810190  4.636130 121.369
3 -4.536530  5.314480 121.363
3 -4.063100  5.663250 119.786
3  5.684590  5.887050 121.291
3  7.238980  4.544250 119.750
3  6.855930  4.998390 121.276
3 -2.656100  6.056240 119.810
3 -2.122310  6.252180 121.377
3 -0.182233  6.938540 119.772
3 -0.754733  6.866000 121.368
3  1.293450  7.207180 119.751
3  1.850470  7.147330 121.333
3  3.309650  6.898350 121.325
3  5.210140  6.221170 119.805
3 -8.548820  0.767921 122.897
3  8.555700  0.684394 122.890
3 -7.225820  3.091630 122.894
3  8.008710  3.334340 122.865
3 -6.239780  4.202060 122.933
3 -4.054760  5.626560 122.915
3  7.277130  4.590570 122.892
3 -2.675030  6.052200 122.852
3 -0.208348  7.028010 122.906
3  1.274110  7.180000 122.914
3  3.862940  6.671860 122.865
3  5.243960  6.209830 122.868
3 -8.234310  1.300730 124.495
3  8.579080  1.305540 124.385
3 -7.493070  2.592300 124.503
3  8.177290  2.698110 124.399
3 -5.747120  4.556030 124.510
3 -4.496450  5.333510 124.523
3  5.802210  5.974480 124.427
3  6.901080  5.040740 124.482
3 -2.180620  6.352860 124.463
3 -0.791089  6.794500 124.454
3  1.855310  7.114620 124.496
3  3.265020  6.836670 124.475
3 -8.358700  0.734398 126.073
3 -8.177970  1.301270 127.658
3  8.481920  0.726963 125.971
3  8.479280  1.285150 127.559
3 -7.109890  3.052000 126.094
3 -7.568160  2.675690 127.648
3  7.929590  3.275990 126.006
3  8.150160  2.687430 127.557
3 -6.203230  4.152420 126.101
3 -5.806420  4.654900 127.690
3 -4.546860  5.374660 127.678
3 -4.044050  5.581880 126.090
3  5.727440  5.985090 127.611
3  7.273180  4.539820 126.037
3  6.817090  4.918230 127.641
3 -2.665160  6.089990 126.043
3 -2.137660  6.333090 127.632
3 -0.711710  6.717260 127.584
3 -0.226269  6.847000 126.034
3  1.238340  7.081450 126.064
3  1.845930  6.955480 127.574
3  3.323940  6.776270 127.598
3  3.875930  6.743440 125.999
3  5.260790  6.276610 126.003