294

1 -2.076660 -4.154960  6.72712
1 -0.639927 -4.267340  6.90210
1  1.781130 -2.794270  6.35275
3 -5.696720 -6.457580  7.42571
3 -3.323170 -7.699710  7.34365
3 -1.975890 -8.095650  7.34797
3  0.669376 -7.657030  7.35083
3  2.004760 -7.199110  7.36801
3 -6.625710 -5.377320  7.41640
3  4.302520 -5.751440  7.36907
3  5.295420 -4.740410  7.37142
3 -7.815550 -3.000070  7.38936
1 -2.499500 -3.050270  7.55235
1 -3.596070 -2.254160  7.14376
1 -0.225987 -3.162860  7.78012
1 -1.376880 -2.435670  8.14571
1  0.996280 -2.438260  7.47601
3  6.973980 -2.644210  7.40620
3 -8.116370 -1.618650  7.40766
1 -3.559370 -0.802447  7.39671
1 -2.370810 -0.149071  7.94603
1 -1.333080 -1.012220  8.44905
1 -0.048414 -0.321367  8.15911
1  1.063760 -1.057220  7.66660
1  1.895860 -0.442578  6.62560
3  7.597030 -1.349820  7.46825
3 -5.104880 -6.707900  8.75058
3 -5.572080 -6.384990 10.08020
3 -3.949260 -7.473000  8.75792
3 -3.367210 -7.883820 10.07710
3 -1.327040 -8.096570  8.71053
3 -1.942480 -8.214560 10.02980
3  0.047197 -7.847240  8.71508
3  0.686293 -7.745360 10.07470
3  1.979010 -7.179790 10.05960
3  2.532870 -6.905080  8.69773
3  3.776030 -6.161610  8.71401
3 -6.976550 -4.873690  8.76457
3 -6.484540 -5.281320 10.07520
3  4.227420 -5.615730 10.05450
3  5.294770 -4.757480 10.05650
3 -7.580910 -3.617450  8.79986
3 -7.715220 -2.995340 10.11930
3  5.753300 -4.315240  8.72199
3  6.665380 -3.229400  8.72620
3  6.966840 -2.595650 10.07840
3 -7.927030 -1.631690 10.10440
3 -7.943050 -0.986524  8.76304
3  7.723040 -0.704458  8.78930
3  7.476580 -1.291470 10.10450
3 -5.068970 -6.806220 11.42690
3 -3.899980 -7.573450 11.43020
3 -1.334450 -8.283580 11.40950
3  0.043711 -7.999750 11.38600
3  2.599850 -6.937570 11.36950
3  3.773950 -6.025250 11.37380
3 -6.823610 -4.828850 11.41460
3 -7.426440 -3.577620 11.47070
2 -0.548945 -3.724380 12.40140
2 -1.068550 -2.622390 11.65340
3  5.716480 -4.247780 11.33690
3  6.628890 -3.173040 11.37360
3 -8.068400 -0.972854 11.41620
2 -2.451680 -2.350320 11.71750
2 -2.638810 -0.900415 11.63700
2 -0.309343 -1.390700 11.50870
2  0.940230 -1.285310 12.18860
3  7.614600 -0.682889 11.40690
3 -5.554050 -6.382440 12.77140
3 -5.189000 -6.889390 14.11900
3 -3.308260 -7.790470 12.73400
3 -3.868230 -7.556660 14.09300
3 -1.288080 -8.135700 14.05840
3 -1.952900 -8.209760 12.76680
3  0.702339 -7.770240 12.73340
3  0.118829 -7.930000 14.07690
3  2.030520 -7.274610 12.72380
3  2.543290 -6.886990 14.10330
3  3.750460 -6.104290 14.07990
3 -6.510680 -5.353240 12.74720
3 -6.981830 -4.891410 14.11770
2 -0.672942 -4.662460 14.50060
2 -1.414450 -4.415310 13.29200
2  0.672425 -4.181490 14.32460
3  4.202950 -5.618140 12.73350
3  5.295310 -4.751480 12.66140
3 -7.613750 -2.956370 12.78660
3 -7.624600 -3.631630 14.10670
2 -4.340010 -2.427950 13.39120
2 -3.358650 -3.066840 12.55110
2 -2.784750 -4.108810 13.34460
2  0.709640 -3.558400 13.02750
2  1.556910 -2.455700 12.86260
3  5.689620 -4.235340 14.06050
3  6.564650 -3.093050 14.07060
3  6.846120 -2.537890 12.76090
3 -7.910080 -1.566730 12.78830
3 -7.837280 -0.955730 14.13690
2 -4.437870 -1.029080 13.43290
2  1.982110 -0.453466 14.05450
2  2.215250 -1.888050 14.06210
3  7.348310 -1.223140 12.76200
3  7.531140 -0.598304 14.09390
3 -5.616520 -6.390800 15.49840
3 -3.303100 -7.744270 15.39240
3 -1.915160 -8.049360 15.42970
3  0.656786 -7.671680 15.43430
3  1.967100 -7.133910 15.39260
3 -6.597710 -5.383830 15.47960
2 -3.436210 -4.205100 14.65680
2 -2.697010 -4.511910 15.81360
2 -1.277660 -4.877010 15.72320
3  4.248900 -5.646840 15.37940
3  5.322880 -4.770320 15.37660
3 -7.776100 -3.012570 15.46290
2 -4.403190 -3.111570 14.72000
2 -4.492360 -2.410380 15.91460
2  1.337500 -3.703310 15.45300
2  0.782556 -3.810840 16.78920
2  2.124490 -2.516370 15.33300
3  6.795930 -2.446030 15.43450
3 -7.835800 -1.564430 15.46850
2 -4.558570 -0.271787 14.64290
2 -4.650840 -0.948417 15.89630
2  2.006220 -1.772680 16.54840
3  7.449790 -1.183600 15.43130
3 -5.150560 -6.803200 16.79150
3 -5.503400 -6.355870 18.11810
3 -3.961540 -7.632810 16.75310
3 -3.331970 -7.836930 18.12370
3 -1.925900 -7.978000 18.11620
3 -1.276370 -7.987390 16.82430
3  0.146285 -7.811750 16.78080
3  0.798179 -7.794250 18.10720
3  2.050120 -7.089980 18.02850
3  2.522120 -6.747250 16.71580
3 -6.894810 -4.860140 16.82110
3 -6.502070 -5.359110 18.09320
2 -2.873520 -3.852260 17.09230
2 -0.553214 -4.290360 16.83470
2 -1.546320 -3.665630 17.68540
3  3.737670 -6.020650 16.70560
3  4.191950 -5.475200 18.03330
3  5.296650 -4.633590 18.03280
3 -7.845010 -2.979720 18.19980
3 -7.535880 -3.577800 16.82810
2 -3.770870 -2.734310 17.10350
2 -1.227010 -2.421550 18.34490
2  1.161930 -2.535970 17.46480
2  0.108504 -1.926190 18.14820
3  5.730450 -4.124960 16.74750
3  6.624650 -3.037670 16.74280
3  6.965010 -2.530910 18.07190
3 -8.020990 -1.581050 18.16400
3 -7.971190 -0.958166 16.82630
2 -3.432330 -1.528930 17.81180
2 -3.958930 -0.362261 17.04850
2 -0.002425 -0.457196 18.15630
2  0.825640  0.316562 17.30230
2  1.840210 -0.368585 16.50260
3  7.346330 -1.181680 18.08610
3  7.569780 -0.545530 16.75330
2 -2.167450 -1.343670 18.41000
2 -1.365640 -0.122547 18.24290
3 -7.401920  1.005810  7.39153
1 -2.401680  1.635010  6.31578
1 -1.752020  1.002130  7.36890
1 -0.335634  0.890749  7.46541
1  0.499813  1.476200  6.49245
3  7.858160  1.457670  7.47905
3 -6.909110  2.336620  7.39839
3  7.501900  2.832260  7.46607
3 -5.433730  4.484030  7.41080
3 -4.393310  5.438450  7.42260
3  6.371830  5.243940  7.40577
3 -2.129230  6.937760  7.34972
3 -0.820330  7.476930  7.39533
3  1.798240  7.931520  7.44944
3  3.196530  7.771940  7.39022
3  5.529110  6.377630  7.41382
3 -7.613800  0.385106  8.67722
3 -7.497370  0.983429 10.06270
3  7.713750  1.407050 10.12090
3  7.865140  0.761584  8.82390
3 -6.622250  2.846050  8.71529
3 -6.952540  2.284090 10.04450
3 -5.820790  4.041620  8.73896
3  7.306470  3.390350  8.77749
3  7.395390  2.797790 10.12180
3 -5.429640  4.541670 10.06780
3 -4.397520  5.519360 10.06510
3 -3.900600  5.839130  8.75746
3  6.739520  4.695010  8.77117
3  6.456920  5.284370 10.07240
3 -2.736460  6.713540  8.69280
3 -2.222460  7.097490 10.06390
3 -0.914031  7.640190 10.11590
3 -0.240367  7.673380  8.73394
3  1.156610  7.956930  8.76412
3  1.789490  7.949170 10.05510
3  3.181250  7.740080 10.06530
3  3.860070  7.574960  8.69890
3  5.501890  6.338490 10.06970
3  5.031510  6.774500  8.71925
3 -7.753870  0.388587 11.35460
2 -1.296770 -0.303033 11.53560
3  7.736180  0.729230 11.40760
3 -6.696450  2.938770 11.39890
3 -5.853550  4.079450 11.37430
3  7.215050  3.382930 11.40760
3 -3.954300  5.966460 11.41320
3  6.825240  4.755400 11.40240
3 -2.790780  6.736390 11.40240
3 -0.275779  7.755260 11.44100
3  1.142750  7.911600 11.41150
3  3.786960  7.456270 11.43020
3  5.026520  6.747620 11.39950
3 -7.528380  1.059090 12.69680
3 -7.605700  0.412053 14.06800
2 -3.605250 -0.278312 12.51260
2 -3.239880  0.959462 13.12790
2 -0.926086  0.820918 12.23920
2 -1.931960  1.480490 13.08750
2  1.273350 -0.081313 12.85870
2  0.338508  0.943870 12.88330
3  7.719540  0.800195 14.09570
3  7.632490  1.358790 12.76540
3 -6.920210  2.337210 12.69990
3 -6.683170  2.885840 14.04760
3 -5.935960  4.110970 14.06330
3  7.395220  2.768400 12.73490
3  7.345180  3.447590 14.09060
3 -5.523770  4.627360 12.72670
3 -4.515300  5.617850 12.77260
3 -3.989060  5.938560 14.09900
3  6.547620  5.310780 12.75550
3  6.765120  4.695150 14.12530
3 -2.749170  6.573090 14.03300
3 -2.174700  6.890130 12.69530
3 -0.896469  7.526310 12.74440
3 -0.250275  7.725240 14.05950
3  1.172890  7.996230 14.10060
3  1.799310  7.853350 12.81400
3  3.224950  7.666390 12.79910
3  3.838150  7.537780 14.09950
3  5.545200  6.343480 12.77680
3  5.101980  6.850320 14.11170
3 -7.590350  1.078740 15.38260
2 -3.859030  0.992125 14.47750
2 -3.172690  1.513840 15.59550
2 -1.891630  2.194030 15.45830
2  0.913003  1.406650 15.22710
2  1.847060  0.320068 15.20810
2  0.145096  1.703110 14.10490
3  7.702220  1.503870 15.46240
3 -6.932810  2.329610 15.41970
2 -1.235900  2.050720 14.22060
3  7.489850  2.853680 15.44170
3 -5.598320  4.629550 15.42260
3 -4.486790  5.588160 15.43220
3  6.492400  5.337910 15.44680
3 -2.098410  6.857590 15.39860
3 -0.876375  7.532530 15.39370
3  1.806030  8.057720 15.41510
3  3.209250  7.792220 15.41340
3  5.639720  6.505140 15.42300
3 -7.789750  0.449653 16.74780
3 -7.687360  1.079640 18.11390
2 -3.296880  0.821498 16.88410
2 -1.125670  1.725560 16.62810
2 -1.945110  0.956731 17.51840
2  0.247162  1.387150 16.49510
3  7.722180  0.854221 16.82420
3  7.626980  1.502240 18.11900
3 -7.094090  2.372090 18.13210
3 -6.743850  2.922020 16.76610
3 -5.924200  4.075140 16.79640
3  7.354360  3.519950 16.78920
3  7.434220  2.926830 18.11730
3 -5.497310  4.475630 18.17720
3 -4.365070  5.380740 18.13690
3 -3.865370  5.823160 16.77070
3  6.817390  4.832820 16.75860
3  6.521690  5.440620 18.05860
3 -2.621430  6.498780 16.78900
3 -2.037160  6.789330 18.10670
3 -0.795199  7.405320 18.07370
3 -0.210987  7.737590 16.74690
3  1.182750  8.016330 16.72970
3  1.867640  7.980530 18.06150
3  3.272020  7.886580 18.04620
3  3.873050  7.622130 16.76070
3  5.590210  6.499080 18.07010
3  5.163960  6.924360 16.75650