369

3  5.982470 -6.445950 102.071
3  7.097510 -5.564310 102.051
1  0.094420 -2.122670 102.062
3  8.803670 -3.295250 102.035
1 -1.739320 -0.457957 102.154
1 -1.280490 -1.824840 102.146
3  9.568530 -2.106570 102.070
3 -3.009300 -6.931170 103.053
3 -1.000020 -7.623270 104.297
3 -2.329160 -7.196860 104.265
3 -0.282938 -7.636970 103.094
3  1.137590 -7.661940 103.112
3  3.859160 -7.138290 103.212
3  5.164480 -6.612070 103.239
3 -5.458660 -4.566100 104.268
3 -4.120340 -6.114430 103.030
3 -4.522890 -5.579960 104.245
3  7.319180 -4.875200 103.271
3  6.672770 -5.267710 104.459
3 -7.075160 -2.309120 104.285
3 -6.722450 -2.933070 103.071
3 -5.890090 -4.052070 103.065
3  8.093620 -3.700450 103.216
3  8.214620 -3.016680 104.426
3 -7.451790 -0.289032 103.013
3 -7.458700 -0.953315 104.233
3  9.591790 -1.335380 103.255
3  8.892650 -1.793640 104.388
3 -2.928160 -6.880760 105.495
3  1.027330 -7.766720 105.548
3 -0.364910 -7.808020 105.553
3  1.765970 -7.596550 104.366
3  3.103660 -7.295320 104.399
3  3.664020 -7.072020 105.627
3  4.885460 -6.409700 105.663
3 -4.044000 -6.067760 105.458
3  5.565620 -6.075710 104.473
3  7.173960 -4.796270 105.670
3 -6.825730 -2.967430 105.472
3 -5.966100 -4.045710 105.475
2 -1.059620 -2.988530 106.363
2  0.338004 -3.118480 106.268
2  1.096770 -2.147950 105.518
3  7.981820 -3.667420 105.644
3 -7.678130 -0.320794 105.451
2 -2.835540 -1.457190 106.541
2 -1.742340 -1.897150 105.704
2 -3.139830 -0.078541 106.613
2 -0.978173 -0.929925 105.061
2  0.438047 -1.056910 104.963
2  2.359810 -1.929160 106.177
2  2.900010 -0.626665 106.182
3  8.969230 -1.064180 105.592
3 -3.028330 -6.891390 107.909
3 -1.108150 -7.815310 106.745
3 -2.376350 -7.223350 106.729
3 -0.516519 -8.119970 107.977
3  0.881125 -8.136050 107.991
3  1.621670 -7.806080 106.802
3  2.927790 -7.318590 106.818
3  3.501550 -7.060980 108.054
3  4.679850 -6.330840 108.067
3 -5.616080 -4.678100 106.681
3 -4.646310 -5.665350 106.684
3 -4.164820 -6.116580 107.883
3  5.442930 -6.105200 106.900
3  6.598660 -5.288110 106.899
3  6.915360 -4.662310 108.093
3 -7.014750 -3.057660 107.850
3 -7.219150 -2.356240 106.681
3 -6.266260 -4.251500 107.850
2 -2.827540 -2.286890 107.729
2 -1.728810 -3.230500 107.619
2 -0.957635 -3.590500 108.738
2  0.484889 -3.736400 108.636
2  1.134140 -3.511870 107.409
2  2.387300 -2.776320 107.352
2  2.959790 -2.268150 108.530
3  8.405870 -3.079110 106.847
3  7.826340 -3.568950 108.046
3 -7.802960 -0.357587 107.845
3 -7.644770 -1.022630 106.640
2  3.495580 -0.112196 107.392
2  3.505440 -0.922610 108.540
3  8.897330 -1.737050 106.800
3  9.043030 -1.007340 107.993
3 -3.215310 -7.063380 110.336
3 -4.337810 -6.230190 110.327
3 -1.266920 -7.945930 109.162
3 -2.558540 -7.364410 109.130
3 -0.631172 -8.054610 110.427
3  0.768451 -8.099400 110.436
3  1.517890 -7.975870 109.240
3  2.793730 -7.390400 109.230
3  3.312950 -6.975030 110.446
3 -5.863730 -4.821330 109.069
3 -6.466260 -4.407460 110.258
3 -4.754150 -5.722170 109.065
3  4.408080 -6.124320 110.449
3  5.041030 -5.704710 109.285
3  6.198650 -4.927960 109.257
3  6.635740 -4.376580 110.456
3 -7.415960 -2.488390 109.036
3 -7.247300 -3.211590 110.250
2 -1.253920 -2.973530 110.011
2 -0.000904 -2.739350 110.695
2  1.075980 -3.208890 109.847
2  2.282300 -2.485820 109.792
3  8.069220 -2.864380 109.241
3  7.608480 -3.376380 110.457
3 -7.744510 -1.118530 109.011
3 -7.915980 -0.489627 110.236
2 -3.419980 -0.281389 109.049
2 -2.308310 -2.047840 110.118
2 -3.113040 -1.695810 108.969
2  2.426820 -1.283630 110.581
2  3.177690 -0.321325 109.810
3  8.677360 -1.606690 109.199
3  8.807740 -0.916872 110.423
3 -1.393390 -7.910440 111.605
3 -2.704060 -7.421060 111.579
3  1.408800 -7.909560 111.683
3  2.679820 -7.298280 111.636
3 -6.093190 -4.971180 111.477
3 -4.989550 -5.806060 111.517
3  5.027070 -5.742450 111.626
3  6.066290 -4.822640 111.656
3 -7.652180 -2.585800 111.469
3  7.934130 -2.767700 111.662
3 -7.955220 -1.225820 111.445
2 -2.139140 -0.855422 110.916
2 -0.930435 -0.631852 111.586
2  0.151370 -1.585380 111.478
2  1.390410 -0.845763 111.419
3  8.511510 -1.501900 111.655
3 -3.373040 -7.089220 112.766
3 -4.537560 -6.302790 112.751
3 -1.453710 -7.751100 114.013
3 -2.779880 -7.342330 113.987
3  0.655904 -7.929970 112.860
3 -0.737246 -7.962340 112.837
3  1.337720 -7.652220 114.068
3  2.648790 -7.161240 114.069
3  3.294560 -6.930730 112.849
3 -6.337830 -5.073630 113.935
3 -5.271440 -5.991180 113.921
3 -6.721260 -4.504860 112.677
3  4.460440 -6.124200 112.850
3  4.951250 -5.623710 114.077
3  6.017980 -4.712100 114.060
3  6.596450 -4.347490 112.847
3 -7.465030 -3.304740 112.663
3 -7.655550 -2.655280 113.939
3  7.495500 -3.313730 112.865
3  7.762910 -2.627540 114.071
3 -7.945270 -0.520531 112.673
3 -7.861480 -1.273860 113.899
3  8.533740 -0.781006 112.834
3  8.289940 -1.358990 114.035
3 -3.549290 -7.169050 115.168
3 -4.813240 -6.475200 115.172
3 -2.934650 -7.463880 116.400
3 -1.560550 -7.753940 116.419
3  0.556224 -7.571420 115.232
3 -0.806053 -7.765750 115.229
3  1.171770 -7.369420 116.465
3  2.507730 -6.948870 116.491
3  3.201300 -6.747550 115.274
3 -6.845720 -4.544520 115.141
3 -6.426070 -5.078580 116.398
3 -5.430230 -6.084920 116.388
3  4.331160 -5.957020 115.276
3  4.773850 -5.422540 116.473
3  5.828190 -4.499730 116.529
3  6.382790 -4.125150 115.299
3 -7.502180 -3.302890 115.165
3 -7.742300 -2.642960 116.368
3  7.314250 -3.088790 115.306
3  7.642390 -2.455490 116.506
3 -7.818710 -0.596182 115.107
3 -7.922260 -1.258330 116.343
3  8.518890 -0.654988 115.215
3  8.337230 -1.244460 116.478
3 -7.912350 -0.588637 117.529
1 -0.813950  0.569455 102.023
3 10.115300  0.681521 101.968
3 -7.373820  1.096290 103.032
3 -7.413090  1.784970 104.247
3 10.002300  0.025318 103.218
3  9.799940  0.881591 104.366
3 -6.660160  3.803790 102.982
3 -6.989450  3.124910 104.215
3  9.570090  2.874590 103.093
3  9.732390  2.313800 104.361
3 -5.882930  4.981480 103.024
3 -5.310700  5.294570 104.255
3 -3.456890  6.257990 103.001
3 -4.106350  5.991700 104.222
3 -2.083740  6.264500 102.917
3 -1.380840  6.235300 104.112
3 -0.012228  6.116030 104.078
3  0.659993  5.766770 102.873
3  2.063080  5.712960 102.871
3  4.847600  5.621750 102.860
3  6.239160  5.357130 102.872
3  6.967400  5.424400 104.058
3  8.202690  4.715970 104.114
3  8.773330  4.066400 102.980
3  2.796130  6.070680 104.046
3  4.195700  6.015400 104.002
3 -7.666950  1.078290 105.432
2 -2.383200  0.898460 105.850
2 -1.306250  0.463912 105.076
2 -0.075202  1.211220 104.981
2  1.005290  0.256547 104.908
2  2.240390  0.479853 105.514
2  2.401530  1.670730 106.319
3  9.340470  0.290196 105.558
3 -6.690410  3.672530 105.431
2 -2.212800  2.088950 106.655
2 -1.002000  2.813920 106.600
2  0.082767  2.372960 105.745
2  1.337680  2.591100 106.433
3  9.275770  3.051360 105.486
3 -5.766190  4.701520 105.429
3 -3.398470  6.040990 105.411
3 -2.050740  6.344090 105.334
3  6.901050  5.832090 106.415
3  8.631100  4.317180 105.424
3  7.995140  4.954380 106.525
3  0.690894  6.443910 105.243
3  2.087750  6.390140 105.186
3  2.785140  6.749560 106.351
3  4.914790  6.276060 105.155
3  4.210100  6.607390 106.338
3  6.262100  5.908190 105.168
3 -7.747670  1.028170 107.827
3 -7.610830  1.754570 106.642
2 -3.445330  0.521345 107.895
2 -2.874060  1.856070 107.920
2  2.879430  1.884530 108.714
2  3.189550  1.304850 107.475
3  9.236930  1.014450 106.740
3  9.134280  0.379579 107.972
3 -7.071680  3.031320 106.619
3 -6.699670  3.563210 107.855
2 -0.409033  3.328560 107.818
2  1.031470  3.192540 107.712
3  9.110030  2.403320 106.714
3  8.812880  3.140820 107.861
3 -5.732040  4.525710 107.843
3 -5.160400  4.990610 106.642
3 -3.947630  5.661180 106.596
3 -3.350170  6.022880 107.780
3  8.210870  4.403990 107.786
3 -1.401300  6.701380 106.487
3 -2.096150  6.634400 107.707
3 -0.030779  6.812040 106.405
3  0.648892  7.175390 107.569
3  2.056340  7.117020 107.530
3  4.881820  6.735330 107.534
3  6.204010  6.263700 107.557
3 -7.691720  1.659960 109.071
3 -7.873870  0.900324 110.247
2 -2.819560  0.236070 110.256
2 -2.270800  1.528660 110.284
2  1.792880  1.489750 110.739
2  2.865060  1.044330 109.887
3  9.026660  1.106550 109.171
3  8.975670  0.443151 110.396
3 -7.100700  2.936660 109.019
3 -6.647600  3.466270 110.210
2 -2.288840  2.351910 109.095
2 -1.049420  3.099600 109.047
2 -0.264473  2.733730 110.207
2  1.128260  2.595270 110.094
2  1.799090  2.845450 108.836
3  8.880340  2.512800 109.104
3  8.679140  3.199220 110.283
3 -5.200990  4.964050 109.006
3 -5.704220  4.508280 110.204
3 -4.024340  5.740730 108.959
3  6.746990  5.995680 108.841
3  7.732770  5.009830 108.935
3  8.061960  4.479380 110.215
3 -3.379630  6.150690 110.119
3 -2.151070  6.816300 110.059
3 -1.436800  7.021250 108.865
3 -0.086374  7.314500 108.759
3  0.634811  7.469360 109.950
3  2.045120  7.514570 109.921
3  2.765060  7.294720 108.728
3  4.166880  7.074550 108.703
3  4.814670  7.037100 109.941
3  6.117890  6.469570 110.034
3 -7.677910  1.587070 111.455
2 -1.019380  1.763540 110.971
2 -0.362268  0.695851 111.605
2  1.072200  0.562378 111.500
3  8.897850  1.175480 111.551
3 -7.014650  2.827750 111.426
3  8.729720  2.548260 111.516
3 -5.098380  4.936950 111.369
3 -3.964930  5.786750 111.327
3  7.525960  5.070820 111.370
3  6.630120  6.154530 111.305
3  7.834040  4.530810 112.631
3 -3.378460  6.195970 112.501
3 -1.469980  7.063360 111.262
3 -2.129200  6.820120 112.471
3 -0.100721  7.371820 111.163
3  0.554146  7.578520 112.362
3  2.700270  7.619920 111.139
3  1.938660  7.637950 112.329
3  4.091100  7.400600 111.095
3  4.715740  7.266770 112.360
3  5.982510  6.643640 112.432
3 -7.728920  0.867625 112.664
3 -7.428360  1.457040 113.883
3  8.767300  0.572461 112.770
3  8.741850  1.311560 113.953
3 -6.875320  2.743840 113.851
3 -6.497540  3.322210 112.612
3  8.429350  3.277780 112.668
3  8.564320  2.668000 113.912
3 -5.585520  4.401980 112.579
3 -5.059660  4.915280 113.786
3  7.414850  5.207960 113.777
3 -4.001950  5.792320 113.683
3 -1.473890  7.111330 113.647
3 -0.147386  7.527620 113.576
3  2.642490  7.731360 113.558
3  4.021560  7.501530 113.595
3  6.442180  6.216800 113.681
3 -7.537580  0.777020 115.090
3 -7.329840  1.445800 116.280
3  8.788840  0.726529 115.206
3  8.770030  1.494680 116.382
3 -6.700840  2.683110 116.258
3 -6.422710  3.353020 115.052
3  8.325280  3.451180 115.070
3  8.531950  2.877550 116.344
3 -5.559020  4.438310 114.993
3 -5.096520  4.954810 116.180
3 -4.033180  5.907630 116.107
3  7.387380  5.399670 116.213
3  7.785400  4.739990 115.028
3 -3.433970  6.252890 114.884
3 -2.190130  6.882290 114.816
3 -1.568820  7.217160 116.040
3 -0.229069  7.660950 115.988
3  0.496760  7.800150 114.794
3  1.918100  7.850220 114.788
3  2.560660  7.903260 116.014
3  3.940620  7.652860 116.052
3  4.608270  7.280510 114.857
3  5.841800  6.666770 114.883
3  6.395330  6.412410 116.137
3 -7.643680  0.788328 117.492
3 -6.368210  3.262960 117.464
3  8.299360  3.586060 117.520
3 -5.565870  4.420820 117.397
3  7.742100  4.876200 117.451
3 -3.457750  6.308580 117.313
3 -2.193420  6.934160 117.264
3  0.434703  7.808930 117.225
3  1.841480  8.045760 117.230
3  4.592910  7.568850 117.276
3  5.861160  6.989040 117.306