406

3 -7.366550 -0.253128 81.7557
3 -1.704730 -8.974640 71.0333
3  1.092450 -9.160720 70.7664
3 -5.108730 -6.560540 71.1065
3 -2.940230 -8.331120 71.0787
3 -5.816350 -5.359340 71.0536
3  6.243410 -5.845010 71.5639
3  6.970320 -4.670350 71.5180
3 -6.908250 -2.775420 70.9505
2 -2.097820 -3.475400 71.6404
2  2.016090 -3.021100 71.4595
3  7.905250 -2.060150 71.4730
3 -7.277080 -1.426850 70.8563
2 -3.606000 -1.513390 71.5279
2  3.018840 -0.764146 71.2099
3  8.226740 -0.697094 71.4825
3 -1.387760 -8.619820 73.4190
3 -0.893153 -9.069270 72.1885
3  0.493355 -9.272620 72.0597
3  1.327110 -9.139490 73.2220
3  2.699890 -8.855420 73.1050
3  3.193340 -8.623850 71.7994
3 -3.341900 -7.756010 72.2828
3 -4.402210 -6.882530 72.2568
3 -2.631620 -7.979460 73.4278
3  4.368630 -7.882130 71.6868
3  5.062330 -7.458380 72.8634
3  6.031420 -6.439640 72.7868
3 -6.047370 -4.592340 72.1885
3 -5.576950 -5.069670 73.4069
3 -4.809180 -6.259770 73.4243
3  7.474320 -4.093120 72.6975
3 -6.720810 -2.569990 73.3495
3 -6.591840 -3.345240 72.1951
2 -2.748870 -2.399520 72.2764
2 -0.714919 -3.784500 71.9492
2 -0.016452 -3.010500 72.8833
2  1.362420 -2.623560 72.6409
3  7.917450 -2.771670 72.6653
3 -7.420030 -0.663761 72.0435
3 -7.279510 -1.291670 73.2898
2 -3.436580 -0.172813 72.0429
2 -2.047770 -1.608890 73.2646
2 -2.463310 -0.222054 73.1165
2 -0.694648 -1.892480 73.4878
2  0.239385 -0.814471 73.5760
2  1.514470 -1.260230 73.0893
2  2.359090 -0.355746 72.4337
3  8.397210 -0.006279 72.6752
3  0.775550 -8.952300 74.4930
3 -0.585704 -8.599360 74.5482
3  1.542260 -8.856530 75.6615
3  2.918530 -8.664890 75.5839
3  3.467510 -8.567650 74.2940
3 -3.128040 -7.479030 74.6179
3 -4.292940 -6.706250 74.6551
3  4.661800 -7.855720 74.1766
3  5.369270 -7.433390 75.3444
3  6.394680 -6.476400 75.2191
3 -5.919560 -4.435070 74.6007
3  6.668720 -5.948740 73.9627
3  7.405760 -4.749840 73.8932
3  7.914310 -4.182410 75.0496
3 -6.534180 -3.186120 74.6002
3  8.268600 -2.137720 73.8430
3  8.366530 -2.873760 75.0248
3 -7.521160 -0.583622 74.5079
3  8.586340 -0.116479 75.0436
3  8.444450 -0.764435 73.8496
3 -1.138310 -8.137090 75.7417
3 -0.446347 -8.323510 76.9682
3  0.882459 -8.706990 76.9074
3 -3.009110 -7.225530 77.0105
3 -4.157310 -6.473600 77.0293
3 -2.416180 -7.586350 75.7906
3  3.663910 -8.399760 76.7505
3  4.956400 -7.862710 76.6183
3 -5.611350 -5.037890 75.8305
3 -6.020170 -4.398440 77.0223
3 -4.718270 -6.092140 75.8401
3  7.056770 -5.993710 76.3535
3  7.837090 -4.831800 76.2926
3  8.359300 -4.258120 77.4440
3 -6.869820 -2.524500 75.7727
3 -6.585580 -3.133240 76.9916
1  1.082960 -3.409820 77.1321
1 -0.192010 -2.722050 77.0257
1  2.108760 -2.532250 76.5922
1  3.389000 -2.437490 77.1574
3  8.741290 -2.206770 76.2011
3  8.803000 -2.929680 77.3974
3 -7.447390 -1.246400 75.7257
3 -7.769020 -0.552718 76.9018
1 -1.657290 -0.383765 77.8087
1 -0.663862 -0.293921 76.7788
1  0.074555 -1.427040 76.4676
1  1.471640 -1.311800 76.2034
1  2.104550 -0.068992 76.2181
1  4.037780 -1.137810 77.2671
3  8.849290 -0.825006 76.2161
3  9.036140 -0.106558 77.4135
3  1.045320 -8.350400 79.2978
3 -0.352398 -8.239980 79.3461
3  1.671370 -8.600120 78.0768
3 -2.966160 -7.225400 79.3829
3 -2.368590 -7.565830 78.1891
3 -1.104020 -8.077530 78.1652
3  3.046350 -8.440300 78.0038
3  3.756290 -8.037390 79.1539
3  5.086120 -7.584800 79.0457
3  5.670130 -7.394610 77.7506
3  6.799810 -6.580800 77.5990
3 -5.676050 -4.991580 78.2270
3 -4.760570 -6.050470 78.2141
3 -4.150180 -6.484630 79.4006
1  0.364113 -4.225570 79.3610
1  1.357870 -4.115670 78.3128
1  2.662950 -4.000270 78.9237
3  7.398010 -6.049520 78.8063
3  8.212460 -4.872550 78.7130
3 -6.974500 -2.478960 78.1612
3 -6.684300 -3.084240 79.3503
3 -6.010010 -4.340360 79.4035
1 -1.176670 -2.822040 78.0275
1 -0.887833 -3.585770 79.2289
1  3.659370 -3.177660 78.3666
1  4.492250 -2.351640 79.2062
3  9.120350 -2.223970 78.5763
3 -7.572660 -1.188530 78.1540
3 -7.621960 -0.424988 79.3571
1 -1.905950 -1.625770 78.4206
1 -2.090850 -1.666810 79.8550
1  4.728190 -1.094190 78.5359
3  9.192730 -0.822588 78.5932
3 -2.356540 -7.636140 80.5768
3 -3.044070 -7.424640 81.7607
3 -1.009690 -7.982590 80.5431
3  1.069560 -7.843130 81.6710
3 -0.308049 -7.963220 81.7326
3  1.743090 -8.004130 80.4794
3  3.116360 -7.809780 80.3829
3  3.787070 -7.398720 81.5509
3  5.140990 -7.033800 81.4752
3  5.731350 -7.093670 80.2180
3 -5.413390 -4.811340 80.5660
3 -4.650620 -6.009110 80.5927
3 -4.149750 -6.556710 81.7651
1  1.068000 -4.192180 80.6283
1  2.486750 -4.051740 80.3559
3  6.956810 -6.412770 80.1032
3  7.574180 -5.815730 81.2288
3  8.523490 -4.814810 81.1323
3  8.742610 -4.223160 79.8556
3 -6.229810 -2.824810 81.7009
3 -5.520120 -4.055950 81.7293
1 -1.462130 -2.873290 80.3546
1 -0.785057 -2.851300 81.5881
1  0.500416 -3.516450 81.7199
1  3.312770 -3.256700 81.1680
1  4.327280 -2.401000 80.5925
3  9.247730 -2.901820 79.8024
3  9.553380 -2.199570 80.9887
3 -7.371710 -1.046430 80.5870
3 -6.898840 -2.373030 80.5683
1 -2.030160 -0.465366 80.5851
1 -1.339760 -0.438195 81.8561
1  4.375460 -1.172470 81.3502
3  9.256090 -0.145431 79.8290
3  9.514170 -0.790483 81.0386
3 -2.414030 -7.693160 82.9736
3 -1.001260 -7.914920 82.9368
3  1.755400 -7.565300 82.8301
3  3.132990 -7.307650 82.7483
3  5.833270 -6.577660 82.6242
3 -5.195700 -4.710300 82.8898
3 -4.546350 -5.934200 82.9554
3  7.097690 -6.025340 82.5484
3  9.041590 -4.180190 82.2981
3  7.693890 -5.497470 83.7114
3  8.774300 -4.630590 83.6093
1  1.354090 -2.679110 82.5329
1  2.731190 -2.559450 82.2879
3  9.553370 -2.851860 82.2405
3  9.813020 -2.108710 83.4371
3 -6.869770 -0.815015 82.9182
3 -6.320150 -2.106610 82.8527
1 -0.714931 -1.606050 82.3258
1  1.243440 -0.271452 82.9864
1  0.605053 -1.506310 82.8921
1  2.653950 -0.141487 82.7531
1  3.392280 -1.275860 82.4022
3  9.481360 -0.055739 82.2429
3  9.724050 -0.697108 83.4681
3 -3.017650 -7.276460 84.1654
3 -2.281080 -7.362970 85.3430
3 -0.910265 -7.613810 85.3164
3 -0.258139 -7.792780 84.0987
3  1.106720 -7.586890 84.0761
3  1.871520 -7.367250 85.1963
3  3.237480 -7.114760 85.1496
3  3.876240 -6.996870 83.9201
3  5.190030 -6.599960 83.8514
3  5.830580 -6.181660 85.0430
3 -5.401330 -4.727800 85.2341
3 -4.115440 -6.447360 84.1428
3 -4.601480 -5.860270 85.2541
3  7.105880 -5.629120 84.9685
3  9.268490 -4.019370 84.7701
3 -6.014480 -2.727030 84.0560
3 -5.593470 -4.071670 84.0450
3  9.894130 -2.771360 84.6725
3 -6.324360 -0.633848 85.2385
3 -6.096890 -2.023170 85.2517
2 -1.161750 -0.344171 85.8119
2  0.632359 -2.063770 85.9689
2 -0.729986 -1.725400 85.8913
2  1.621350 -1.016040 85.9767
3  4.011160 -6.990680 86.3107
3  5.285710 -6.417330 86.3163
3  7.727480 -5.160790 86.1302
3  8.917200 -4.428750 86.0529
3 10.235900 -2.037150 85.8680
3 10.100300 -0.657097 85.8596
3 -7.839710  1.297610 70.7761
2 -3.433340  0.907234 71.1454
2  2.312620  1.452240 70.9540
3 -7.608740  2.669060 70.7770
2 -2.485510  1.984990 71.3087
2  0.233562  2.747810 70.8010
3 -5.903640  4.787210 70.7497
3 -4.690000  5.486090 70.7681
3 -2.042900  6.297010 70.7433
3 -7.801610  0.667502 72.0133
3 -7.880900  1.416360 73.2037
2 -1.541920  0.837783 73.2716
2 -0.154825  0.515096 73.5294
2  0.694425  1.445800 72.8269
2  1.914130  1.010940 72.2702
3  7.991080  2.104350 71.5571
3  8.359520  1.401310 72.6741
3 -7.407470  3.400600 71.9662
3 -7.696910  2.821750 73.1917
2 -1.543860  1.956210 72.3488
2 -0.164794  2.330260 72.0802
3  6.984640  3.856580 72.7974
3  7.367230  3.336810 71.5704
3 -6.511380  4.465630 71.9401
3 -5.946520  4.960200 73.1129
3 -4.015790  5.692450 71.9447
3 -4.652570  5.491110 73.1369
3  4.116140  5.909840 71.7898
3  3.547640  6.263660 73.0130
3  5.907050  4.764250 72.9088
3  5.325000  5.241720 71.7437
3 -2.675910  6.038360 71.9435
3 -1.946360  6.212430 73.1304
3  0.070560  6.713700 71.8812
3 -0.581308  6.594940 73.1154
3  2.188420  6.641280 73.0513
3  1.456730  6.676660 71.8611
3 -7.896300  0.768220 74.4641
3 -7.997470  1.537730 75.6533
3  8.217010  2.049490 73.8933
3  8.431620  1.293590 75.0437
3 -7.324190  3.497590 74.3871
3 -7.627470  2.887720 75.6279
3  7.139450  3.764000 75.1797
3  7.527540  3.263300 73.9533
3 -6.489010  4.623640 74.3416
3 -5.868610  4.981340 75.5518
3 -4.570650  5.481340 75.5700
3 -3.948040  5.667930 74.3412
3  1.531020  6.778350 74.2811
3  2.256340  6.559000 75.4677
3  3.567740  6.060300 75.4270
3  4.201090  5.868050 74.1872
3  6.000130  4.567080 75.2889
3  5.339230  5.028290 74.1540
3 -2.601060  6.038650 74.3341
3 -1.882050  6.191150 75.4993
3  0.147397  6.649930 74.3191
3 -0.537107  6.513410 75.5387
3 -8.044020  0.854978 76.8861
1 -0.639477  1.727280 77.9381
1  1.347430  1.110720 76.5684
1 -0.028283  0.998214 76.8472
1  2.192660  1.944030 77.3947
1  3.476590  1.279430 77.5435
3  8.382130  1.929840 76.2492
3  8.782470  1.270030 77.4227
3 -7.308680  3.557260 76.8217
3  7.640220  3.153660 76.3258
3 -6.387420  4.595860 76.7753
3 -5.870510  5.174300 77.9180
3 -4.615360  5.802190 77.9013
3  1.538450  6.519840 76.6799
3  4.224700  5.592450 76.5661
3  5.386190  4.815840 76.4843
3 -3.905260  5.849580 76.7218
3 -2.579550  6.098400 76.6908
3  0.151231  6.659070 76.7272
3 -7.944050  1.598720 78.0871
3 -7.764280  0.984079 79.3614
1 -1.643900  0.861707 78.5401
1 -1.807530  0.808012 79.9320
1  3.571040  2.001980 79.9022
1  4.158360  1.309720 78.7740
3  8.515920  1.862670 78.6558
3 -7.557560  2.950860 78.0606
3 -7.137610  3.667650 79.1890
1  0.189439  2.505580 78.7651
1  1.613070  2.598310 78.4928
1  2.303510  2.577930 79.7566
3  7.096090  3.496810 77.5582
3  7.593180  2.926520 78.7307
3 -6.380140  4.850990 79.1205
3  2.198400  6.053330 77.7944
3  3.563620  5.744710 77.7746
3  4.204090  5.315450 78.9233
3  5.936380  4.274160 77.6267
3  5.397710  4.607880 78.8628
3 -3.974980  6.222320 79.0706
3 -1.919790  6.314730 77.8791
3 -2.621300  6.396980 79.0563
3 -0.551889  6.469870 77.8827
3  0.129850  6.217260 79.0636
3  1.505490  5.968990 78.9942
3 -7.573500  1.118720 81.7111
1 -0.968164  1.615850 80.7832
1 -0.687771  0.853578 81.9836
1  1.606380  1.794890 81.9848
1  2.888580  1.133600 82.1166
1  3.855040  1.236710 81.0995
3  8.842020  1.185830 79.8645
3  8.560510  1.842270 81.0867
3 -7.599710  1.755220 80.4911
3 -7.364650  3.101410 80.4121
1  0.016387  2.431940 80.2010
1  1.323020  2.479770 80.8014
3  7.141830  3.369220 79.9868
3  7.665020  2.891130 81.1853
3 -7.074670  3.927410 81.5152
3 -6.395310  5.149460 81.4656
3 -5.881510  5.490950 80.2479
3  1.441450  5.538370 81.3461
3  2.152980  5.649860 80.1623
3  3.531660  5.401370 80.1424
3  4.160140  5.046120 81.3233
3  5.486430  4.618110 81.2861
3  6.064780  4.291080 80.0378
3 -4.658980  6.194650 80.2498
3 -3.999650  6.489670 81.4443
3 -2.604170  6.509950 81.4532
3 -1.929450  6.378680 80.2406
3  0.100558  5.844970 81.4092
3 -0.569686  6.180740 80.2464
1  0.594338  0.931939 82.5504
3  9.029570  1.267000 82.2639
3  8.821670  1.890970 83.4946
3 -7.271680  1.937270 82.7940
3 -7.268430  3.335300 82.7444
3  5.580520  4.485710 83.7106
3  6.170230  4.285690 82.4594
3  7.312090  3.441520 82.4191
3  7.919850  2.954030 83.5681
3 -6.460930  5.299220 83.8722
3 -5.914930  5.738450 82.6445
3 -2.568870  6.532130 83.8918
3 -1.884210  6.400800 82.6566
3 -0.535181  6.000120 82.6343
3  0.156693  5.774600 83.8178
3  1.493040  5.336560 83.8084
3  2.101560  5.219680 82.5457
3  3.489880  4.990340 82.5156
3  4.199810  4.761880 83.7254
3 -4.646480  6.422280 82.6606
3 -3.964250  6.581660 83.8680
3 -6.937900  1.334120 83.9892
3 -6.649350 -0.010454 84.0397
2 -0.203595  0.676194 85.8260
2  1.195210  0.318571 85.9215
3  9.278650  1.325240 84.6910
3 -7.051520  2.069220 85.1940
3 -7.217820  3.457960 85.1808
3  6.214200  4.075870 84.8773
3  7.452880  3.385490 84.7965
3 -7.119800  4.090840 83.9292
3 -5.942740  5.820740 85.0758
3 -1.866240  6.384330 85.0793
3 -0.490485  5.999730 85.0536
3  2.199650  5.111830 84.9690
3  3.524870  4.756530 84.9296
3 -4.648350  6.407900 85.0685
3  8.964460  1.868020 85.9483
3  5.519780  4.121200 86.0853
3  8.006730  2.871580 85.9928
3 -6.463760  5.430420 86.3341
3  0.203894  5.803640 86.2392
3  1.550170  5.421230 86.1529
3  4.182910  4.510230 86.1030
3 -3.938160  6.526930 86.2740
3 -2.546660  6.476210 86.2711
1  4.784010  0.102422 79.2716
3  9.758120  0.002409 84.6683
1  3.417380  0.035468 76.8020
1  4.597780  0.058125 80.7063