313

3 -4.046970 -6.850510 28.2879
3 -1.462000 -7.101960 28.2877
3 -0.024845 -7.018350 28.3135
3  2.433920 -6.260750 28.3245
3 -7.370300 -4.650590 28.1697
3 -5.349570 -6.314170 28.2380
3  3.715930 -5.582720 28.3013
3  5.800360 -3.955200 28.2859
3 -8.069510 -3.369250 28.2320
2 -3.264750 -1.794020 27.3174
2 -4.182830 -2.024740 28.4043
2 -2.208050 -2.797080 27.4109
2 -2.456460 -3.615970 28.5581
2  0.245919 -2.812440 27.9970
3  6.779340 -2.869920 28.2740
3 -8.570260 -0.744552 28.1355
2 -3.669790  0.597583 27.5249
2  1.218280 -1.751230 28.1288
2  0.767163 -0.679164 27.3306
3  8.280090 -0.683786 28.3464
3 -3.469830 -6.984050 29.8679
3 -2.048030 -7.169890 29.8923
3  0.620368 -7.053170 29.8831
3  2.022990 -6.683450 29.8078
3 -7.003840 -5.033730 29.7997
3 -5.943710 -6.029270 29.7765
3  5.453550 -4.398830 29.8916
3  4.313400 -5.333380 29.8812
3 -8.356160 -2.844740 29.8190
2 -4.887230 -0.979867 29.0186
2 -3.662800 -3.126060 29.1522
2 -1.363630 -4.033460 29.3309
2 -0.032298 -3.599100 29.1205
2  0.670796 -3.439250 30.3474
3  7.235740 -2.451850 29.8448
3 -8.630250 -1.391670 29.7141
2 -4.586490  0.355607 28.5845
2  1.600590 -2.386410 30.4886
2  1.881190 -1.555340 29.3407
3  8.018340 -1.265620 29.9057
3 -5.433910 -6.344950 31.3815
3 -4.055300 -6.841840 31.4226
3 -1.437840 -7.265700 31.4685
3  0.056453 -7.102130 31.4637
3  2.092960 -6.788040 32.9917
3  2.572440 -6.398010 31.3858
3 -7.407530 -4.636300 31.3801
3 -5.929200 -6.036220 32.9734
3  3.851140 -5.690850 31.4364
3  5.477990 -4.473500 32.9802
3 -8.118600 -3.383020 31.3476
2 -4.550530 -2.102680 31.2396
2 -3.873850 -3.237730 30.5729
2 -3.830060 -1.877730 32.5013
2 -2.741490 -3.577860 31.3897
2 -1.562780 -4.066530 30.7759
2 -0.251945 -3.756740 31.4262
2 -0.290597 -2.862850 32.5071
3  5.871800 -4.075930 31.4571
3  6.978440 -3.043550 31.4449
3  7.151180 -2.481080 33.0233
3 -8.670730 -0.805300 31.2946
2 -5.070140 -1.029520 30.4844
2 -4.793790  0.294566 30.9077
2 -4.082170  0.569243 32.0866
2  0.611144 -1.767500 32.6934
2  1.547080 -1.524840 31.6976
3  7.935620 -1.236290 33.0545
3  8.184830 -0.736440 31.4351
3 -3.434830 -6.886650 33.0089
3 -4.050140 -6.741430 34.5882
3 -2.001110 -7.194670 33.0116
3 -1.447580 -7.134850 34.5821
3  0.699149 -7.066200 33.0195
3  0.067657 -7.106860 34.5715
3  2.635520 -6.557170 34.6041
3 -6.980110 -5.084690 32.9673
3 -7.384180 -4.581770 34.4641
3 -5.464850 -6.307490 34.5442
3  3.877300 -5.798850 34.6203
3  4.305340 -5.416300 33.0219
3  5.872580 -4.025120 34.6086
3 -8.357010 -2.795360 32.9205
3 -8.208720 -3.404670 34.5064
2 -2.702790 -2.751810 32.5439
2 -1.524920 -2.424600 33.1558
3  6.915680 -2.968700 34.6112
3 -8.716290 -1.421530 32.8910
3 -8.714310 -0.859382 34.4961
2 -3.749330 -0.549701 32.9421
2 -2.397300 -0.162106 33.5723
2 -1.354740 -1.065830 33.7243
2 -0.003841 -0.651898 33.3909
3  8.112110 -0.664052 34.6312
3 -3.468230 -6.872410 36.1512
3 -2.003470 -6.961530 36.1750
3  0.653999 -7.028310 36.1486
3  2.048360 -6.722340 36.1330
3 -7.018160 -4.987320 36.0741
3 -5.973830 -5.932390 36.1290
3  5.432540 -4.482850 36.1915
3  4.289760 -5.336580 36.2104
3 -8.568290 -2.882150 36.0873
3  7.261270 -2.551630 36.1254
3 -8.861560 -1.491460 36.0718
1 -0.306962 -1.327870 37.2010
1  2.023760 -0.463631 36.8461
3  7.860260 -1.214900 36.1191
3 -5.501560 -6.233340 37.7439
3 -4.119690 -6.657820 37.6953
3 -1.430200 -7.103750 37.7634
3  0.051678 -7.185010 37.7194
3  2.627650 -6.484250 37.6897
3 -7.423910 -4.634180 37.6906
3  3.838930 -5.689440 37.6929
3  5.912950 -4.160120 37.7707
3 -8.284400 -3.451930 37.6760
1 -0.412449 -2.724950 39.1618
1  0.236326 -2.441210 37.8654
1  1.670650 -2.576870 38.1454
1  1.876150 -3.062200 39.4957
3  6.905330 -3.037910 37.7023
3 -8.719040 -0.855191 37.6839
1 -1.470640 -0.577213 37.6150
1 -1.612190 -2.142900 39.5819
1 -2.081660 -0.985678 38.7916
1  2.581820 -1.606850 37.5595
1  3.714350 -1.185100 38.3212
3  8.086080 -0.765732 37.6998
3 -5.439420 -6.146290 40.8565
3 -3.990150 -6.637530 40.8753
3 -3.508650 -6.866410 39.2647
3 -2.054380 -7.058020 39.2276
3 -1.379750 -7.054730 40.7973
3  0.062379 -7.044910 40.8276
3  0.617588 -6.977340 39.2901
3  2.039670 -6.704450 39.2491
3  2.531410 -6.444880 40.8665
3 -7.020840 -4.952740 39.2891
3 -7.434360 -4.504260 40.8803
3 -5.989520 -5.973860 39.2717
3  3.927610 -5.850650 40.9104
3  4.362450 -5.470200 39.3040
3  5.524830 -4.667920 39.3388
3  6.030400 -4.200260 40.9016
3 -8.653200 -2.893330 39.2803
3 -8.321760 -3.303340 40.8846
1  0.561869 -3.237170 40.1336
1  0.436805 -2.932370 41.4891
1  2.965470 -2.617650 40.2316
3  7.278620 -2.529430 39.2253
3  6.877260 -3.034600 40.8020
3 -8.807320 -1.410430 39.2887
3 -8.771230 -0.756512 40.8599
1 -1.735080 -1.804780 40.9658
1 -2.301950 -0.522319 41.1028
1  3.839020 -1.616940 39.6368
1  4.286050 -0.743519 40.7180
3  7.957730 -1.282760 39.2112
3  8.195930 -0.787113 40.8382
3 -8.353660  0.717653 28.1870
2 -2.665590  1.693540 27.6755
2 -2.656660  2.538780 28.8108
2 -0.235075  1.599600 27.7250
2  0.922938  0.648328 27.7974
2  1.576820  0.931377 29.0099
3  8.475720  0.714177 28.3110
3 -7.129530  3.020620 28.2407
3 -6.224990  4.137000 28.2680
2 -0.211583  2.448630 28.8812
3  7.909570  3.353160 28.3781
3 -4.007050  5.470180 28.2121
3 -2.676520  6.092800 28.1826
3  7.118350  4.525880 28.3799
3 -0.204098  6.965590 28.2432
3  1.261080  7.076050 28.3033
3  3.857060  6.819550 28.3087
3  5.248130  6.357250 28.3091
3 -8.051210  1.182270 29.7581
2 -3.566180  2.192390 29.9079
2 -4.441990  1.126040 29.7883
2  2.087910 -0.177462 29.7787
2  1.851000 -0.213122 31.2185
3  8.434850  1.346370 29.8818
3 -7.491410  2.482430 29.7999
2 -1.398310  2.986530 29.4364
2 -1.554750  2.905450 30.8478
2  0.919311  2.064480 29.6658
2  0.739947  2.022710 31.0586
3  8.110880  2.755720 29.9289
3 -5.748370  4.439750 29.8092
3 -4.525730  5.202930 29.8094
3  5.707960  5.998430 29.9367
3  6.712020  4.968350 29.9264
3 -2.170640  6.360880 29.8128
3 -0.793892  6.817110 29.7957
3  1.823130  7.084920 29.8038
3  3.282230  7.048950 29.8120
3 -8.273700  0.599270 31.3194
2 -2.842040  2.411300 31.1727
2 -3.137240  1.592220 32.2721
2 -0.775294  1.631290 32.8534
2  0.310268  0.674635 32.9994
2  1.242170  0.905304 31.8503
3  8.432030  0.727496 31.4701
3  8.422790  1.314650 33.0777
3 -7.231050  2.992530 31.4116
3 -6.203930  4.024440 31.3687
2 -0.509737  2.436540 31.6784
3  7.844980  3.202670 31.4669
3  8.086730  2.672060 33.0684
3 -4.578550  5.273610 32.9418
3 -5.765960  4.431310 32.9517
3 -4.057970  5.615350 31.4042
3 -2.723880  6.173460 31.4119
3  5.655810  6.054870 33.0646
3  7.026590  4.415710 31.5022
3  6.723110  5.003640 33.0755
3 -0.206043  6.992530 31.3856
3  1.221230  7.116680 31.3744
3  3.873850  7.032380 31.4218
3  3.255950  7.140410 32.9730
3  5.182400  6.367920 31.4611
3 -8.100430  1.143400 32.9275
3 -8.338770  0.605131 34.4632
2 -2.113960  1.231210 33.1709
3  8.388430  0.803721 34.6434
3 -7.561120  2.485270 32.9645
3 -7.146360  2.910050 34.5480
3 -6.143780  3.981350 34.5533
3  7.786750  3.234020 34.6774
3 -4.080860  5.495120 34.5405
3 -2.836310  6.277120 34.5364
3  7.110010  4.499950 34.6873
3 -2.219150  6.388700 32.9922
3 -0.759578  6.778880 32.9739
3 -0.235236  6.940980 34.5141
3  1.789810  7.200230 32.9734
3  1.223370  7.052760 34.5331
3  3.837350  6.945630 34.5650
3  5.126930  6.311240 34.5868
3 -8.166910  1.078050 36.0865
1 -1.299100  0.828299 37.3382
1  0.010330  1.009090 36.7213
1  0.639719 -0.357103 36.6661
1  2.834480  0.677237 37.1793
3  8.289090  1.329640 36.2556
3 -7.426460  2.310410 36.0833
1  0.807789  2.089850 37.0722
1  2.176980  1.883430 37.3820
3  8.059910  2.701760 36.2658
3 -4.531860  5.289240 36.1641
3 -5.745290  4.362640 36.1576
3  5.609900  5.927360 36.1368
3  6.772800  5.056230 36.1672
3 -2.222640  6.414650 36.0666
3 -0.877382  6.883950 36.0816
3  1.761370  7.213500 36.1168
3  3.199170  7.096110 36.1177
3 -8.391490  0.613498 37.6625
1 -2.422440  1.384900 39.4865
1  3.855460  0.259367 38.0982
1  4.301630  1.155540 39.1449
3  8.258870  0.706907 37.7206
3 -7.109560  2.872560 37.6750
3 -6.205850  4.043040 37.6818
1 -1.737900  1.805520 38.2549
1 -0.943974  2.996670 38.5855
1  0.312422  3.207940 37.9615
1  1.454320  3.519100 38.7951
1  2.594880  2.795770 38.3712
1  3.656280  2.482120 39.2220
3  7.891810  3.314760 37.7433
3 -3.969450  5.503070 37.7583
3 -2.732110  6.257370 37.6863
3  7.255920  4.623910 37.7131
3 -0.300795  7.119700 37.6785
3  1.158310  7.287120 37.6983
3  3.824820  6.850700 37.6631
3  5.086430  6.168950 37.6240
3 -8.340930  0.635642 40.8312
3 -8.228580  1.192680 39.2513
1 -2.619850 -0.000512 39.7751
1  4.498880  0.663298 40.4758
3  8.297430  1.287970 39.3248
3  8.336740  0.692949 40.8675
3 -7.473230  2.445600 39.2054
3 -7.123530  2.889750 40.8072
3 -6.139240  3.959860 40.7943
1 -1.127570  3.272370 40.0207
1 -2.046380  2.295050 40.5621
1 -0.037405  3.633410 40.7857
1  1.280240  3.885620 40.1304
1  2.303260  3.447640 41.0654
1  3.561910  2.824450 40.6597
3  7.767890  3.270020 40.8461
3  8.006530  2.758780 39.3012
3 -5.720110  4.394200 39.2779
3 -4.472260  5.235590 39.2642
3 -4.039860  5.591610 40.8781
3 -2.682810  6.228910 40.8282
3  5.564670  5.823700 39.2273
3  6.871400  5.095350 39.2394
3  7.225180  4.614670 40.8601
3 -2.156790  6.449530 39.2114
3 -0.824404  6.957150 39.2436
3 -0.244507  7.203020 40.8314
3  1.771950  7.267180 39.2740
3  1.235450  7.298440 40.8129
3  3.194590  6.970690 39.2140
3  3.724600  6.597230 40.7977
3  5.121770  6.132660 40.7826
1  3.995440  1.616530 41.3958