174

2   0.854408 -0.285230 25.7845
2   2.169920 -0.663805 26.0385
2   1.405960 -2.341110 27.6669
2   0.047360 -1.919640 27.4283
2  -0.227134 -0.926826 26.4800
2   2.458160 -1.719250 26.9745
2   3.681020 -1.365600 27.6639
2   4.115830 -0.079021 27.1601
2   0.261909 -2.366970 29.7125
2   1.542650 -2.622730 29.0796
2   2.710410 -2.240480 29.7560
2  -1.633360 -0.965870 28.9440
2  -1.743000 -0.360971 30.2534
2  -0.656730 -1.939270 28.6871
2   3.805250 -1.608300 29.0459
2   4.358610 -0.595043 29.9195
2   0.146701 -1.775680 30.9785
2  -0.870454 -0.787811 31.2752
2   2.596920 -1.627920 31.0595
2   1.355080 -1.426990 31.6923
2   1.098480 -0.191824 32.4079
2   3.632150 -0.631553 31.1675
3  -5.032200 -3.768270 34.8942
3  -3.772440 -3.852890 34.6339
3  -2.479570 -3.761450 34.7573
3  -1.173530 -3.653040 34.5461
3   0.077453 -3.070850 34.4992
3  -0.610784 -5.294200 35.5331
3   2.957380 -4.765750 36.5307
3  -8.321410 -1.841540 36.7350
3  -6.220620 -3.858460 35.5158
3   1.233960 -2.543930 35.0030
3   2.529720 -2.723610 35.5898
3   3.262820 -3.371040 36.5789
1  -2.343690 -1.485100 36.6323
1  -2.123800 -0.328451 35.8893
1   0.067139 -0.070392 36.9613
3  -1.048290 -5.718880 36.7277
3  -0.146369 -6.337010 37.6951
3   1.218390 -6.577910 37.5222
3   1.733460 -7.618630 38.2932
3   2.094130 -5.709310 36.8694
3  -6.039130 -4.673690 37.7026
3  -2.249920 -5.271090 37.4090
3  -7.561960 -2.769140 37.5601
3  -6.658530 -3.707140 36.8971
1  -3.505250 -2.458220 38.3993
1  -2.076710 -2.556660 38.6923
1  -1.375170 -1.960310 37.5784
3   3.782900 -2.902540 37.9201
3  -9.016030 -0.718005 37.0963
3  -9.544040 -0.842121 38.4318
1  -5.490300 -0.492441 37.9714
1  -4.665430 -0.863086 36.8663
1  -3.661100 -1.842990 37.0737
1  -0.198111 -1.231380 37.7741
1   0.252663 -0.960384 39.0929
3  -0.772064 -6.162810 39.0578
3  -5.630650 -5.054140 38.9452
3  -2.140840 -5.666180 38.8529
3   3.664640 -5.593680 38.7305
3  -7.979180 -2.676330 38.9705
1  -4.334070 -2.066150 39.4581
3   3.485360 -4.312050 38.4040
3   4.362900 -2.052290 38.9235
3  -8.847310 -1.618360 39.3640
1  -5.352950 -1.083580 39.2198
3   4.723650 -0.658709 39.0238
2   0.532732  1.108420 25.6101
2  -0.776043  1.335780 26.1659
2   1.545160  2.074960 25.6722
2   2.902820  1.674010 25.9433
2   3.210390  0.318505 26.1066
2  -1.226400  0.081944 26.7322
2   4.723460  0.873642 27.9944
2  -1.715210  2.501260 28.1064
2  -1.018910  2.546370 26.8351
2   0.035338  3.547790 26.9297
2   1.297620  3.338940 26.3266
2   2.502780  3.679230 27.0691
2   4.393480  2.278400 27.8383
2   3.497350  2.656260 26.8181
2  -2.193590  1.288070 28.6391
2  -2.062060  1.037610 30.0567
2   4.610410  1.832820 30.1229
2   4.882300  0.605966 29.4083
2  -1.105700  3.479490 28.9741
2  -0.027256  4.123170 28.2575
2   3.341780  3.832960 29.4065
2   4.342500  2.875910 29.1549
2   2.431720  4.231880 28.3559
2   1.141580  4.494760 28.9507
2  -1.478480  1.995360 30.8963
2  -0.560413  1.571390 31.9230
2  -0.268055  0.214193 32.1366
2   3.864570  1.795480 31.3102
2   3.398280  0.552422 31.8753
2   0.475187  2.578610 32.0346
2  -0.990757  3.236910 30.3450
2   0.206669  3.608600 31.0534
2   1.789130  2.180730 32.2910
2   2.616680  3.841720 30.6598
2   2.874050  2.810680 31.5829
2   1.252670  4.268580 30.3833
3  -9.990590  6.445260 32.3683
3 -10.403200  5.875150 31.2260
2   2.104110  0.787635 32.4701
3 -11.098300  5.019330 35.0133
3  -9.591380  6.827670 33.6935
3 -10.157800  6.111450 34.8277
3  -8.445950  7.862290 33.8526
3  -7.697890  8.481510 32.8014
3  -6.414120  8.359960 32.2485
3  -5.004050  8.226380 32.2939
3  -3.798190  8.413120 32.8043
3  -2.737070  8.282220 33.7488
3  -9.247320  0.501602 36.5055
3  -9.541600  1.890010 36.4714
1  -5.211280  1.416150 36.6701
1  -4.446770  0.335852 36.0792
1  -3.169310  0.608617 35.5659
1  -2.582350  1.935290 35.6104
1  -0.904780  0.394943 36.0723
1  -1.169660  1.792520 35.8893
3 -10.469300  2.437210 35.4868
3 -10.801100  3.834750 35.7669
1  -4.586790  2.662300 36.8071
1  -3.316050  2.963590 36.2165
1  -0.553596  2.720880 36.7414
3 -10.170500  4.200390 37.0259
3  -9.520990  6.409800 36.0753
3  -8.666750  7.547380 36.1959
3  -7.979140  8.084300 35.1156
3  -4.573520  6.835620 36.3096
3  -4.050610  8.002530 35.8289
3  -6.233890  9.663210 36.2336
3  -6.859910  8.792320 35.5042
3  -3.272880  9.010430 36.5084
3  -1.812330  8.560540 34.7178
3  -1.924120  8.801060 36.1031
1  -5.865050  0.875899 37.8410
1   0.773250  0.912308 37.7756
3   4.494850  1.001790 36.9484
3  -9.526630  2.972220 37.5317
3  -8.911740  3.189470 38.8066
1  -4.745970  3.490150 37.9693
1  -2.665180  3.951560 37.0588
1  -1.299140  3.809110 37.3322
1  -0.802092  4.030060 38.6698
1   0.457784  2.291380 37.6754
1   0.289677  3.089710 38.8898
3  -9.540750  5.411840 37.1069
3  -8.687150  5.530900 38.2158
1  -3.560520  4.285130 38.1482
3  -8.121380  6.752420 38.3930
3  -8.392960  7.825220 37.5321
3  -5.806830  7.054390 38.6869
3  -5.286710  6.848890 37.4462
3  -0.693063  9.469560 38.4219
3   2.326330  8.814780 38.9708
3  -3.729340  9.905980 37.5187
3  -0.865913  8.995440 37.0872
3 -10.123200  0.269434 38.9884
1  -5.899510  1.644020 38.9999
1   0.905120  0.326106 39.1108
1  -5.424500  2.990610 39.0682
3  -8.476050  4.479900 39.1177
1  -3.093650  4.544660 39.4603
3   4.755270  6.007140 39.3614
3  -7.019800  6.741940 39.2175
3   3.496440  8.110530 38.9777
3  -3.266850 10.027000 38.8214
2  -1.910400  0.051368 27.9525
3   4.504680  0.254495 38.0205