# Fix print output for fix Step
0 0 0.726018880374677
0.000495000000000006 0.00552143156400007 1.61932552872633
0.000995000000000074 0.0110986351640008 -0.18378353495644
0.00149500000000001 0.0166758387640002 1.64746465328336
0.00199499999999996 0.0222530423639995 -0.0660024285696067
0.00249500000000002 0.0278302459640003 1.80243070234057
0.00299500000000009 0.033407449564001 1.9599481989735
0.0034949999999999 0.0389846531639989 3.1714889200495
0.00399499999999997 0.0445618567639997 4.47602988275326
0.00449500000000004 0.0501390603640004 3.02082556035147
0.00499500000000011 0.0557162639640012 3.56524303148246
0.00549499999999992 0.0612934675639991 2.0743308809821
0.00599499999999999 0.0668706711639999 3.36724491741481
0.00649500000000006 0.0724478747640006 2.68031484919947
0.00699500000000012 0.0780250783640014 2.81695698598765
0.00749499999999994 0.0836022819639993 3.96589744527153
0.00799500000000001 0.0891794855640001 3.82411132369402
0.00849500000000007 0.0947566891640008 4.94617171098087
0.00899500000000001 0.100333892764 5.42947493631209
0.00949499999999995 0.105911096363999 4.84333255253954
0.00999500000000002 0.111488299964 5.28987557846836
0.0104950000000001 0.117065503564001 5.46651146092323
0.0109949999999999 0.122642707163999 6.22964816725026
0.011495 0.128219910764 5.77099004150508
0.011995 0.133797114364 6.44174008400618
0.0124950000000001 0.139374317964001 6.73583895512436
0.0129949999999999 0.144951521563999 6.68956959557361
0.013495 0.150528725164 6.90408461406917
0.0139950000000001 0.156105928764001 6.95964119382463
0.0144950000000001 0.161683132364001 7.58627078670407
0.0149949999999999 0.167260335963999 7.1945880472889
0.015495 0.172837539564 7.81202846077102
0.0159950000000001 0.178414743164001 7.74299529129344
0.016495 0.183991946764 8.09852811381512
0.016995 0.189569150363999 8.5741293900117
0.017495 0.195146353964 8.32444227050658
0.0179950000000001 0.200723557564001 8.58364202914924
0.0184949999999999 0.206300761163999 8.82460928368211
0.018995 0.211877964764 8.89152079819189
0.019495 0.217455168364 9.10766079424332
0.0199950000000001 0.223032371964001 8.94840613577833
0.0204949999999999 0.228609575563999 9.79062266765666
0.020995 0.234186779164 9.64320494681174
0.0214950000000001 0.239763982764001 10.0045325159749
0.0219950000000001 0.245341186364001 10.1798710701477
0.0224949999999999 0.250918389963999 10.2275712421574
0.022995 0.256495593564 10.6376316269979
0.0234950000000001 0.262072797164001 10.7344092647591
0.023995 0.267650000764 11.0012902904907
0.024495 0.273227204363999 11.2392845334449
0.024995 0.278804407964 11.1283902604697
0.0254950000000001 0.284381611564001 11.6696247563639
0.0259949999999999 0.289958815163999 11.6499372801058
0.026495 0.295536018764 12.1692318052261
0.026995 0.301113222364 12.1481473417684
0.0274950000000001 0.306690425964001 12.3392272077569
0.0279949999999999 0.312267629563999 12.4954682921789
0.028495 0.317844833164 12.7611237117657
0.0289950000000001 0.323422036764001 12.9420429912542
0.0294950000000001 0.328999240364001 13.0306846237648
0.0299949999999999 0.334576443963999 13.3409242921691
0.030495 0.340153647564 13.2599530446517
0.0309950000000001 0.345730851164001 13.5231896128948
0.031495 0.351308054764 14.0052713465554
0.031995 0.356885258363999 14.3657994255635
0.032495 0.362462461964 14.2688706181656
0.0329950000000001 0.368039665564001 14.4947010930221
0.0334949999999999 0.373616869163999 14.780615223339
0.033995 0.379194072764 15.0599719430092
0.034495 0.384771276364 14.8826377897848
0.0349950000000001 0.390348479964001 15.2141098014488
0.0354949999999999 0.395925683563999 15.4360582919155
0.035995 0.401502887164 16.0554483994831
0.0364950000000001 0.407080090764001 15.7728905467503
0.0369950000000001 0.412657294364001 15.6958421583026
0.0374949999999999 0.418234497963999 15.9732933894837
0.037995 0.423811701564 16.2521432516718
0.0384950000000001 0.429388905164001 16.5547746850148
0.038995 0.434966108764 16.869050123823
0.039495 0.440543312363999 17.2084932466286
0.039995 0.446120515964 17.192829955941
0.0404950000000001 0.451697719564001 17.4876973362592
0.0409949999999999 0.457274923163999 17.4984282714728
0.041495 0.462852126764 17.9665962405327
0.041995 0.468429330364 17.6731212159844
0.0424950000000001 0.474006533964001 18.1965238881998
0.0429949999999999 0.479583737563999 18.069030411103
0.043495 0.485160941164 18.5686184580291
0.0439950000000001 0.490738144764001 18.5684491036093
0.0444950000000001 0.496315348364001 18.6641550129935
0.0449949999999999 0.501892551963999 19.2257746310564
0.045495 0.507469755564 19.0873767102284
0.0459950000000001 0.513046959164001 19.7022971767006
0.046495 0.518624162764 19.3678598045368
0.046995 0.524201366363999 19.8772172199176
0.047495 0.529778569964 19.8269578230296
0.0479950000000001 0.535355773564001 20.111343644058
0.048495 0.540932977164 20.3654020026431
0.048995 0.546510180764 20.5480218229982
0.049495 0.552087384364 20.8468858745184
0.0499950000000001 0.557664587964001 21.0230880103367
0.0504949999999999 0.563241791563999 21.1787374530865
0.050995 0.568818995164 21.1977911562432
0.0514950000000001 0.574396198764001 21.6613970872203
0.0519950000000001 0.579973402364001 21.4449922834079
0.0524949999999999 0.585550605963999 21.825515719992
0.052995 0.591127809564 22.1034290435255
0.0534950000000001 0.596705013164001 22.3126469939482
0.053995 0.602282216764 22.3585316605289
0.054495 0.607859420363999 22.5738227219696
0.054995 0.613436623964 22.9333396821718
0.0554950000000001 0.619013827564001 23.0580350275526
0.055995 0.624591031164 22.9334665300911
0.056495 0.630168234764 23.2100305436149
0.056995 0.635745438364 23.4158248265306
0.0574950000000001 0.641322641964001 23.6089932895738
0.0579949999999999 0.646899845563999 23.8715565787497
0.058495 0.652477049164 23.9109168564018
0.0589950000000001 0.658054252764001 24.3567062071048
0.0594950000000001 0.663631456364001 24.2514361146281
0.0599949999999999 0.669208659963999 24.6684287167968
0.060495 0.674785863564 24.7074480849057
0.0609950000000001 0.680363067164001 24.7852185314059
0.061495 0.685940270764 25.2455566907279
0.061995 0.691517474363999 25.2462140725616
0.062495 0.697094677964 25.7895549501197
0.0629950000000001 0.702671881564001 25.6251810017021
0.0634949999999999 0.708249085163999 25.7514059200846
0.063995 0.713826288764 26.1554343283122
0.064495 0.719403492364 26.2781935065016
0.0649950000000001 0.724980695964001 26.4618247092067
0.0654949999999999 0.730557899563999 26.5004689112552
0.065995 0.736135103164 26.9858467627914
0.0664950000000001 0.741712306764001 27.1493306996432
0.0669950000000001 0.747289510364001 27.1231922522509
0.0674949999999999 0.752866713963999 27.3263445944536
0.067995 0.758443917564 27.7108966692502
0.0684950000000001 0.764021121164001 27.7630327062522
0.068995 0.769598324764 28.1198568993429
0.0694949999999999 0.775175528363999 28.0491844796457
0.069995 0.780752731964 28.4833369330548
0.0704950000000001 0.786329935564001 28.45154486054
0.0709949999999999 0.791907139163999 28.8935535197931
0.071495 0.797484342764 29.1372592411549
0.071995 0.803061546364 29.1617157101323
0.0724950000000001 0.808638749964001 29.4198376704504
0.0729949999999999 0.814215953563999 29.3485952408085
0.073495 0.819793157164 29.8013183085384
0.073995 0.825370360764001 29.4283694691373
0.0744950000000001 0.830947564364001 29.9757770681128
0.0749949999999999 0.836524767963999 29.9111699041123
0.075495 0.842101971564 30.2998803959718
0.0759950000000001 0.847679175164001 30.4876176343981
0.076495 0.853256378764 30.4591403125975
0.076995 0.858833582363999 30.937387764585
0.077495 0.864410785964 30.8687787200807
0.0779950000000001 0.869987989564001 31.352336266073
0.0784949999999999 0.875565193163999 31.1140930739204
0.078995 0.881142396764 31.6054746619423
0.079495 0.886719600364 31.6038533697544
0.0799950000000001 0.892296803964001 31.9957306014753
0.0804949999999999 0.897874007563999 32.034865476364
0.080995 0.903451211164 32.0726092700681
0.0814950000000001 0.909028414764001 32.5740904494839
0.0819950000000001 0.914605618364001 32.8857594381474
0.0824949999999999 0.920182821963999 32.9322367979486
0.082995 0.925760025564 32.9437021751778
0.0834950000000001 0.931337229164001 33.4215271617811
0.083995 0.936914432764 33.4897571693934
0.0844949999999999 0.942491636363999 33.6614366884733
0.084995 0.948068839964 33.5547019481075
0.0854950000000001 0.953646043564001 33.9345849380793
0.0859949999999999 0.959223247163999 34.16060112454
0.086495 0.964800450764 34.4603533406147
0.086995 0.970377654364 34.3241811806328
0.0874950000000001 0.975954857964001 34.6283132483771
0.0879949999999999 0.981532061563999 34.9998593956657
0.088495 0.987109265164 35.1172264493749
0.088995 0.992686468764001 35.242709310991
0.0894950000000001 0.998263672364001 35.5070869033792
0.0899949999999999 1.003840875964 35.6652628107083
0.090495 1.009418079564 36.0576615715202
0.0909950000000001 1.014995283164 36.0342178770642
0.0914950000000001 1.020572486764 36.2186328057222
0.091995 1.026149690364 36.4886404032732
0.092495 1.031726893964 36.6125046434536
0.0929950000000001 1.037304097564 37.007035892066
0.0934949999999999 1.042881301164 37.0767496200746
0.093995 1.048458504764 37.3869807445916
0.094495 1.054035708364 37.3081722722373
0.0949950000000001 1.059612911964 37.5731906689215
0.0954949999999999 1.065190115564 37.8465476621661
0.095995 1.070767319164 38.0607065181974
0.0964950000000001 1.076344522764 38.3177995737534
0.0969950000000001 1.081921726364 38.475914362818
0.0974949999999999 1.087498929964 38.7142261967024
0.097995 1.093076133564 38.6222840039368
0.0984950000000001 1.098653337164 38.8689122469559
0.098995 1.104230540764 39.2023057185587
0.0994949999999999 1.109807744364 39.4535866215336
0.099995 1.115384947964 39.5248888566711
0.100495 1.120962151564 39.8370117718635
0.100995 1.126539355164 39.9839248308531
0.101495 1.132116558764 40.1481965080003
0.101995 1.137693762364 40.2354966670276
0.102495 1.143270965964 40.5723098338451
0.102995 1.148848169564 41.1437057515945
0.103495 1.154425373164 40.8244619433294
0.103995 1.160002576764 41.1663241441245
0.104495 1.165579780364 41.0007430956907
0.104995 1.171156983964 41.725237464032
0.105495 1.176734187564 41.5362225593272
0.105995 1.182311391164 41.9484084433503
0.106495 1.187888594764 41.957167030545
0.106995 1.193465798364 42.1482070292229
0.107495 1.199043001964 42.5684006535913
0.107995 1.204620205564 42.5883110337617
0.108495 1.210197409164 42.9192091704285
0.108995 1.215774612764 42.7868075569741
0.109495 1.221351816364 43.219489065224
0.109995 1.226929019964 43.2388877323506
0.110495 1.232506223564 43.7415454610078
0.110995 1.238083427164 43.537513947874
0.111495 1.243660630764 43.8622750670978
0.111995 1.249237834364 44.0660862259211
0.112495 1.254815037964 44.1977530078909
0.112995 1.260392241564 44.559857380648
0.113495 1.265969445164 44.5027590643357
0.113995 1.271546648764 44.9180025776884
0.114495 1.277123852364 44.5981541538343
0.114995 1.282701055964 45.2312065494146
0.115495 1.288278259564 45.1639204375657
0.115995 1.293855463164 45.436496554294
0.116495 1.299432666764 45.5004945469826
0.116995 1.305009870364 45.7213756213304
0.117495 1.310587073964 46.2778783440671
0.117995 1.316164277564 46.0698081313999
0.118495 1.321741481164 46.4534755843598
0.118995 1.327318684764 46.2819659041112
0.119495 1.332895888364 46.9075611464236
0.119995 1.338473091964 46.9395095771455
0.120495 1.344050295564 47.1451539495399
0.120995 1.349627499164 47.0830451954022
0.121495 1.355204702764 47.2819478375084
0.121995 1.360781906364 47.5056439977322
0.122495 1.366359109964 47.7703935448259
0.122995 1.371936313564 47.8750463170992
0.123495 1.377513517164 47.6427311172177
0.123995 1.383090720764 48.2405883776642
0.124495 1.388667924364 48.1945093942467
0.124995 1.394245127964 48.7032999920096
0.125495 1.399822331564 48.4426757285305
0.125995 1.405399535164 48.6985964135038
0.126495 1.410976738764 49.0536610377051
0.126995 1.416553942364 49.0847171351733
0.127495 1.422131145964 49.2231838918647
0.127995 1.427708349564 49.0115798738175
0.128495 1.433285553164 49.6973151823808
0.128995 1.438862756764 49.459103798288
0.129495 1.444439960364 49.9671158369005
0.129995 1.450017163964 49.9761724039965
0.130495 1.455594367564 50.0455113911553
0.130995 1.461171571164 50.2741602286105
0.131495 1.466748774764 50.5598915429497
0.131995 1.472325978364 50.7217648011218
0.132495 1.477903181964 50.4702728863453
0.132995 1.483480385564 50.9459939264096
0.133495 1.489057589164 51.0110440607017
0.133995 1.494634792764 51.385838419816
0.134495 1.500211996364 51.2061409616557
0.134995 1.505789199964 51.5626155559716
0.135495 1.511366403564 51.7017174215001
0.135995 1.516943607164 51.8870856511275
0.136495 1.522520810764 51.9339116253608
0.136995 1.528098014364 52.1111871931488
0.137495 1.533675217964 52.5966824864643
0.137995 1.539252421564 52.311004926596
0.138495 1.544829625164 52.7589717644162
0.138995 1.550406828764 52.5550585577104
0.139495 1.555984032364 53.0766788353965
0.139995 1.561561235964 53.4157512577944
0.140495 1.567138439564 53.2201461032968
0.140995 1.572715643164 53.3502077827593
0.141495 1.578292846764 53.4672453647758
0.141995 1.583870050364 53.9195704420043
0.142495 1.589447253964 53.9424157974034
0.142995 1.595024457564 54.0307782849843
0.143495 1.600601661164 54.049878845372
0.143995 1.606178864764 54.464426733062
0.144495 1.611756068364 54.3959029883752
0.144995 1.617333271964 54.5102954066748
0.145495 1.622910475564 54.7237225149828
0.145995 1.628487679164 54.8381042351613
0.146495 1.634064882764 55.1794689827673
0.146995 1.639642086364 55.0689697876223
0.147495 1.645219289964 55.3077816447664
0.147995 1.650796493564 55.2573622397051
0.148495 1.656373697164 55.5961823770681
0.148995 1.661950900764 55.6451757211138
0.149495 1.667528104364 55.9087387673166
0.149995 1.673105307964 55.9707384673535
0.150495 1.678682511564 55.9461487566335
0.150995 1.684259715164 56.2347331165579
0.151495 1.689836918764 56.4014761313676
0.151995 1.695414122364 56.6453126323165
0.152495 1.700991325964 56.7880703585106
0.152995 1.706568529564 56.7594968804798
0.153495 1.712145733164 56.8916752203032
0.153995 1.717722936764 57.1030615978245
0.154495 1.723300140364 57.3381323345619
0.154995 1.728877343964 57.1801927595256
0.155495 1.734454547564 57.5441737087183
0.155995 1.740031751164 57.7657124488361
0.156495 1.745608954764 58.0370688081314
0.156995 1.751186158364 57.6377318401058
0.157495 1.756763361964 58.0540123405266
0.157995 1.762340565564 58.1296305422762
0.158495 1.767917769164 58.361901160017
0.158995 1.773494972764 58.40993703313
0.159495 1.779072176364 58.6147454827115
0.159995 1.784649379964 58.9907121946792
0.160495 1.790226583564 58.814184775793
0.160995 1.795803787164 59.0650056652019
0.161495 1.801380990764 59.0239800944486
0.161995 1.806958194364 59.239046411811
0.162495 1.812535397964 59.6140799350738
0.162995 1.818112601564 59.576704098795
0.163495 1.823689805164 59.6451922680301
0.163995 1.829267008764 59.6680350117929
0.164495 1.834844212364 60.2201050911088
0.164995 1.840421415964 60.1654080859106
0.165495 1.845998619564 60.0578135602272
0.165995 1.851575823164 60.1147680767387
0.166495 1.857153026764 60.5649536877933
0.166995 1.862730230364 60.5600632700017
0.167495 1.868307433964 60.5565245624037
0.167995 1.873884637564 60.9127156713537
0.168495 1.879461841164 60.9677431875095
0.168995 1.885039044764 61.1026366349348
0.169495 1.890616248364 61.180581161967
0.169995 1.896193451964 61.4395160975305
0.170495 1.901770655564 61.4972858065998
0.170995 1.907347859164 61.6542163982692
0.171495 1.912925062764 61.848734111649
0.171995 1.918502266364 61.7761445703783
0.172495 1.924079469964 62.1111853209472
0.172995 1.929656673564 62.183242756615
0.173495 1.935233877164 62.3128026195379
0.173995 1.940811080764 62.2592947690216
0.174495 1.946388284364 62.5551885732276
0.174995 1.951965487964 62.773285843487
0.175495 1.957542691564 62.7853707117252
0.175995 1.963119895164 62.7722427317163
0.176495 1.968697098764 63.005302480366
0.176995 1.974274302364 63.2960184671991
0.177495 1.979851505964 63.3353152602194
0.177995 1.985428709564 63.4176528728341
0.178495 1.991005913164 63.4977102845792
0.178995 1.996583116764 63.610536967534
0.179495 2.002160320364 63.8624102675807
0.179995 2.007737523964 63.8714226907847
0.180495 2.013314727564 63.9298124119089
0.180995 2.018891931164 64.147255444451
0.181495 2.024469134764 64.3987078485987
0.181995 2.030046338364 64.4955148188847
0.182495 2.035623541964 64.4603372974132
0.182995 2.041200745564 64.5907601495553
0.183495 2.046777949164 64.7338870878154
0.183995 2.052355152764 64.7311877287578
0.184495 2.057932356364 64.8473165712514
0.184995 2.063509559964 65.0930536113667
0.185495 2.069086763564 65.2618728005574
0.185995 2.074663967164 65.4416724023639
0.186495 2.080241170764 65.4680962245404
0.186995 2.085818374364 65.6321693355357
0.187495 2.091395577964 65.7700922533835
0.187995 2.096972781564 65.9046716869441
0.188495 2.102549985164 66.0682466057519
0.188995 2.108127188764 66.0261884328595
0.189495 2.113704392364 66.1652884229061
0.189995 2.119281595964 66.4524031304055
0.190495 2.124858799564 66.4594880523217
0.190995 2.130436003164 66.6438167704864
0.191495 2.136013206764 66.4696766647676
0.191995 2.141590410364 66.8889470829126
0.192495 2.147167613964 66.9442164072762
0.192995 2.152744817564 67.1337782002942
0.193495 2.158322021164 67.2711223408762
0.193995 2.163899224764 67.4627722441781
0.194495 2.169476428364 67.5666250265312
0.194995 2.175053631964 67.3862182847965
0.195495 2.180630835564 67.6135644625182
0.195995 2.186208039164 67.8312956544422
0.196495 2.191785242764 68.136023264523
0.196995 2.197362446364 67.8816635655543
0.197495 2.202939649964 68.1566421129165
0.197995 2.208516853564 68.376507184324
0.198495 2.214094057164 68.4029145257503
0.198995 2.219671260764 68.5163457650325
0.199495 2.225248464364 68.6923761942364
0.199995 2.230825667964 68.9063680711626
0.200495 2.236402871564 68.9520150494713
0.200995 2.241980075164 68.914887993376
0.201495 2.247557278764 68.942834687004
0.201995 2.253134482364 69.4197782521833
0.202495 2.258711685964 69.4847836803403
0.202995 2.264288889564 69.5507934552327
0.203495 2.269866093164 69.7422625614986
0.203995 2.275443296764 69.8752092769631
0.204495 2.281020500364 69.8069920275584
0.204995 2.286597703964 69.9655637207086
0.205495 2.292174907564 70.1959610838795
0.205995 2.297752111164 70.2819652097841
0.206495 2.303329314764 70.4432435791626
0.206995 2.308906518364 70.4916943468094
0.207495 2.314483721964 70.4304637728185
0.207995 2.320060925564 70.6775570339602
0.208495 2.325638129164 70.6305499717899
0.208995 2.331215332764 71.0604501869535
0.209495 2.336792536364 70.9649063668348
0.209995 2.342369739964 71.1018341528061
0.210495 2.347946943564 71.2460821249845
0.210995 2.353524147164 71.3464756079044
0.211495 2.359101350764 71.5591836577741
0.211995 2.364678554364 71.7457990025288
0.212495 2.370255757964 71.8630203471232
0.212995 2.375832961564 71.9156121725923
0.213495 2.381410165164 72.0550127138661
0.213995 2.386987368764 72.1301586257398
0.214495 2.392564572364 72.5692716846182
0.214995 2.398141775964 72.5472865624095
0.215495 2.403718979564 72.4229248598784
0.215995 2.409296183164 72.5952369273481
0.216495 2.414873386764 72.8915428282982
0.216995 2.420450590364 72.8542264153146
0.217495 2.426027793964 72.5633838963956
0.217995 2.431604997564 72.9889173275284
0.218495 2.437182201164 73.3801956366568
0.218995 2.442759404764 73.4594175953922
0.219495 2.448336608364 73.3649020358003
0.219995 2.453913811964 73.5115201441323
0.220495 2.459491015564 73.8430756458642
0.220995 2.465068219164 73.8699892703659
0.221495 2.470645422764 74.1119449053092
0.221995 2.476222626364 73.9621061922664
0.222495 2.481799829964 74.0258192421945
0.222995 2.487377033564 74.3235981489727
0.223495 2.492954237164 74.6186336378466
0.223995 2.498531440764 74.709342777204
0.224495 2.504108644364 74.4706010257469
0.224995 2.509685847964 74.8761501294465
0.225495 2.515263051564 74.9008408652396
0.225995 2.520840255164 74.9344040021245
0.226495 2.526417458764 75.1454279388973
0.226995 2.531994662364 75.300228665427
0.227495 2.537571865964 75.2336301988731
0.227995 2.543149069564 75.3618703493557
0.228495 2.548726273164 75.9177203001917
0.228995 2.554303476764 75.6910611033879
0.229495 2.559880680364 76.101330183912
0.229995 2.565457883964 75.9276131747682
0.230495 2.571035087564 76.222009773493
0.230995 2.576612291164 76.0751363604425
0.231495 2.582189494764 76.5589639218398
0.231995 2.587766698364 76.7787500385262
0.232495 2.593343901964 76.5732674012107
0.232995 2.598921105564 76.6505908982838
0.233495 2.604498309164 76.8602743304722
0.233995 2.610075512764 77.2015623742712
0.234495 2.615652716364 76.8725276250222
0.234995 2.621229919964 77.1329364565031
0.235495 2.626807123564 77.5485035546576
0.235995 2.632384327164 77.4127504863925
0.236495 2.637961530764 77.881740602839
0.236995 2.643538734364 77.2857787133844
0.237495 2.649115937964 77.957555007847
0.237995 2.654693141564 77.8621029109503
0.238495 2.660270345164 78.181940745438
0.238995 2.665847548764 77.996077097203
0.239495 2.671424752364 78.4187220921517
0.239995 2.677001955964 78.8878442789571
0.240495 2.682579159564 78.5116397701111
0.240995 2.688156363164 78.7518590962882
0.241495 2.693733566764 78.7496144822832
0.241995 2.699310770364 79.2349813391256
0.242495 2.704887973964 79.0318488800876
0.242995 2.710465177564 79.3828952737963
0.243495 2.716042381164 79.2033603862459
0.243995 2.721619584764 79.4281407532941
0.244495 2.727196788364 79.6739129931574
0.244995 2.732773991964 79.8199591839141
0.245495 2.738351195564 79.9918736801109
0.245995 2.743928399164 79.8624021916763
0.246495 2.749505602764 80.1658834539424
0.246995 2.755082806364 80.0306629118383
0.247495 2.760660009964 80.478629787195
0.247995 2.766237213564 80.331007824185
0.248495 2.771814417164 80.9005069010027
0.248995 2.777391620764 81.1056610300898
0.249495 2.782968824364 81.0848015486084
0.249995 2.788546027964 80.8392648840674
0.250495 2.794123231564 81.0898273142065
0.250995 2.799700435164 81.4346286814954
0.251495 2.805277638764 81.631780894321
0.251995 2.810854842364 81.2849530383142
0.252495 2.816432045964 81.5094769864162
0.252995 2.822009249564 81.3694157316259
0.253495 2.827586453164 81.8174940895735
0.253995 2.833163656764 82.0563477276798
0.254495 2.838740860364 81.8057249205508
0.254995 2.844318063964 82.165211220936
0.255495 2.849895267564 82.3551515631475
0.255995 2.855472471164 82.5351105979646
0.256495 2.861049674764 82.6424415526101
0.256995 2.866626878364 82.6293244740387
0.257495 2.872204081964 82.9547199335425
0.257995 2.877781285564 82.8850753847307
0.258495 2.883358489164 83.1645911893
0.258995 2.888935692764 83.1710121828866
0.259495 2.894512896364 83.5002365001864
0.259995 2.900090099964 83.7548234552577
0.260495 2.905667303564 83.5850926504021
0.260995 2.911244507164 84.1671634345786
0.261495 2.916821710764 84.024536121395
0.261995 2.922398914364 84.3729056356073
0.262495 2.927976117964 84.3092453335865
0.262995 2.933553321564 84.1988407045412
0.263495 2.939130525164 84.6601533917892
0.263995 2.944707728764 85.0237349791913
0.264495 2.950284932364 84.5312410497757
0.264995 2.955862135964 85.4478053104851
0.265495 2.961439339564 85.0302250365577
0.265995 2.967016543164 85.1607582361651
0.266495 2.972593746764 85.1736554793132
0.266995 2.978170950364 84.9520608665728
0.267495 2.983748153964 85.8176842390408
0.267995 2.989325357564 85.8108795658877
0.268495 2.994902561164 86.4547052966542
0.268995 3.000479764764 86.3105519340834
0.269495 3.006056968364 86.3866794117649
0.269995 3.011634171964 85.9141950987544
0.270495 3.017211375564 86.6360755017766
0.270995 3.022788579164 86.482430730119
0.271495 3.028365782764 86.5642580066174
0.271995 3.033942986364 87.086291426891
0.272495 3.039520189964 87.1297440845151
0.272995 3.045097393564 87.3238312925744
0.273495 3.050674597164 87.6908084955972
0.273995 3.056251800764 87.6849090673916
0.274495 3.061829004364 87.9024761058276
0.274995 3.067406207964 88.0549239557496
0.275495 3.072983411564 88.2831622568289
0.275995 3.078560615164 88.1174792977649
0.276495 3.084137818764 88.2473258985221
0.276995 3.089715022364 88.6399448744144
0.277495 3.095292225964 88.8126828105122
0.277995 3.100869429564 88.567622815323
0.278495 3.106446633164 88.7626403296448
0.278995 3.112023836764 88.8130563063485
0.279495 3.117601040364 89.513006432028
0.279995 3.123178243964 89.5282393488937
0.280495 3.128755447564 90.0301105840838
0.280995 3.134332651164 89.6801203882466
0.281495 3.139909854764 90.4012106743788
0.281995 3.145487058364 89.9994218917491
0.282495 3.151064261964 90.312335432713
0.282995 3.156641465564 90.3608803732277
0.283495 3.162218669164 90.5208207863216
0.283995 3.167795872764 90.706010329504
0.284495 3.173373076364 90.7231073530618
0.284995 3.178950279964 91.1106487424059
0.285495 3.184527483564 91.3904240913535
0.285995 3.190104687164 91.2061552518253
0.286495 3.195681890764 91.8610056925064
0.286995 3.201259094364 91.8302339255978
0.287495 3.206836297964 92.3850623736382
0.287995 3.212413501564 92.0427491637165
0.288495 3.217990705164 92.8038092969386
0.288995 3.223567908764 92.4339929924614
0.289495 3.229145112364 92.7334981912632
0.289995 3.234722315964 93.5388376280516
0.290495 3.240299519564 93.0186250331103
0.290995 3.245876723164 93.679217216025
0.291495 3.251453926764 93.3943805485859
0.291995 3.257031130364 94.190865682808
0.292495 3.262608333964 93.8706843029014
0.292995 3.268185537564 94.1100481292205
0.293495 3.273762741164 94.4768935945608
0.293995 3.279339944764 94.6094929868496
0.294495 3.284917148364 94.6466737081462
0.294995 3.290494351964 95.5266465018942
0.295495 3.296071555564 96.2099367274569
0.295995 3.301648759164 95.9447214108284
0.296495 3.307225962764 95.4238741931802
0.296995 3.312803166364 95.6203628055809
0.297495 3.318380369964 96.4986447871694
0.297995 3.323957573564 95.8718303179863
0.298495 3.329534777164 97.1553651329081
0.298995 3.335111980764 96.7253487749534
0.299495 3.340689184364 97.7173663438873
0.299995 3.346266387964 97.3757701633793
0.300495 3.351843591564 97.2356649841017
0.300995 3.357420795164 98.091274383227
0.301495 3.362997998764 98.4276227172953
0.301995 3.368575202364 98.8417456976303
0.302495 3.374152405964 98.566724701308
0.302995 3.379729609564 100.126571144638
0.303495 3.385306813164 99.405470129102
0.303995 3.390884016764 100.114289633832
0.304495 3.396461220364 99.0666307404371
0.304995 3.402038423964 99.7475836680389
0.305495 3.407615627564 101.064443914476
0.305995 3.413192831164 100.161589702976
0.306495 3.418770034764 100.78419340623
0.306995 3.424347238364 101.179281008053
0.307495 3.429924441964 101.302101920566
0.307995 3.435501645564 101.085377675215
0.308495 3.441078849164 101.819875860126
0.308995 3.446656052764 102.348160369036
0.309495 3.452233256364 102.877433402936
0.309995 3.457810459964 103.000654909794
0.310495 3.463387663564 103.477719548418
0.310995 3.468964867164 103.118489412337
0.311495 3.474542070764 104.368287288853
0.311995 3.480119274364 103.540786882587
0.312495 3.485696477964 103.935534806129
0.312995 3.491273681564 104.881418141379
0.313495 3.496850885164 105.219290076189
0.313995 3.502428088764 105.628233356503
0.314495 3.508005292364 105.791572665374
0.314995 3.513582495964 105.864517187614
0.315495 3.519159699564 106.377228487538
0.315995 3.524736903164 107.004700143005
0.316495 3.530314106764 107.656517943946
0.316995 3.535891310364 107.390359603817
0.317495 3.541468513964 108.475834917997
0.317995 3.547045717564 108.045042784146
0.318495 3.552622921164 109.126030319044
0.318995 3.558200124764 108.736685010855
0.319495 3.563777328364 109.398831533838
0.319995 3.569354531964 109.372816602012
0.320495 3.574931735564 110.102210449769
0.320995 3.580508939164 109.511830544843
0.321495 3.586086142764 110.503524541774
0.321995 3.591663346364 110.994831985922
0.322495 3.597240549964 111.051821402188
0.322995 3.602817753564 111.615017838027
0.323495 3.608394957164 111.877734352104
0.323995 3.613972160764 113.104495455089
0.324495 3.619549364364 112.720977327878
0.324995 3.625126567964 113.443276547547
0.325495 3.630703771564 114.141800445477
0.325995 3.636280975164 114.299493878383
0.326495 3.641858178764 114.125057742737
0.326995 3.647435382364 115.473134330073
0.327495 3.653012585964 114.782186266394
0.327995 3.658589789564 116.808587127239
0.328495 3.664166993164 116.074443085949
0.328995 3.669744196764 117.073973701375
0.329495 3.675321400364 117.324577141068
0.329995 3.680898603964 117.377931737454
0.330495 3.686475807564 118.31700589939
0.330995 3.692053011164 118.703286104817
0.331495 3.697630214764 119.154151084595
0.331995 3.703207418364 119.847841257573
0.332495 3.708784621964 120.004876086941
0.332995 3.714361825564 120.710023429856
0.333495 3.719939029164 121.290168841551
0.333995 3.725516232764 121.550909246706
0.334495 3.731093436364 121.850946310947
0.334995 3.736670639964 121.754431272232
0.335495 3.742247843564 123.218365172376
0.335995 3.747825047164 122.77995164072
0.336495 3.753402250764 122.969912498897
0.336995 3.758979454364 123.860315894718
0.337495 3.764556657964 124.35997178735
0.337995 3.770133861564 125.735198770586
0.338495 3.775711065164 125.287725906163
0.338995 3.781288268764 126.164811344297
0.339495 3.786865472364 126.343859951733
0.339995 3.792442675964 127.566576769269
0.340495 3.798019879564 127.911462628923
0.340995 3.803597083164 127.693191383871
0.341495 3.809174286764 129.104033373309
0.341995 3.814751490364 128.351337518861
0.342495 3.820328693964 129.840750468882
0.342995 3.825905897564 130.24679082422
0.343495 3.831483101164 130.069959307055
0.343995 3.837060304764 132.299362736503
0.344495 3.842637508364 131.205933612682
0.344995 3.848214711964 133.306788609775
0.345495 3.853791915564 132.399126679615
0.345995 3.859369119164 133.185001680734
0.346495 3.864946322764 134.430958001235
0.346995 3.870523526364 134.665145192332
0.347495 3.876100729964 135.42109586649
0.347995 3.881677933564 134.852802462847
0.348495 3.887255137164 135.937467018873
0.348995 3.892832340764 137.243788336705
0.349495 3.898409544364 135.954424404841
0.349995 3.903986747964 137.181066191898
0.350495 3.909563951564 138.187791449584
0.350995 3.915141155164 139.439624052661
0.351495 3.920718358764 139.07815934039
0.351995 3.926295562364 140.270783778925
0.352495 3.931872765964 140.233105545112
0.352995 3.937449969564 142.464121552486
0.353495 3.943027173164 141.273137277224
0.353995 3.948604376764 141.462304217692
0.354495 3.954181580364 143.321696518315
0.354995 3.959758783964 142.777738301195
0.355495 3.965335987564 144.500240926016
0.355995 3.970913191164 144.55150493649
0.356495 3.976490394764 145.111531685378
0.356995 3.982067598364 146.470346559597
0.357495 3.987644801964 146.027793632919
0.357995 3.993222005564 146.42888395139
0.358495 3.998799209164 147.202180694312
0.358995 4.004376412764 149.441862535342
0.359495 4.009953616364 149.109695478532
0.359995 4.015530819964 148.920076919586
0.360495 4.021108023564 149.650693138657
0.360995 4.026685227164 151.089211262266
0.361495 4.032262430764 151.712495966571
0.361995 4.037839634364 151.846582175287
0.362495 4.043416837964 153.638963109913
0.362995 4.048994041564 153.464979598497
0.363495 4.054571245164 153.793266746823
0.363995 4.060148448764 155.592191809957
0.364495 4.065725652364 156.047761904279
0.364995 4.071302855964 155.707560536112
0.365495 4.076880059564 157.142531870541
0.365995 4.082457263164 158.002411305849
0.366495 4.088034466764 158.81791933114
0.366995 4.093611670364 158.594184406237
0.367495 4.099188873964 158.300635928821
0.367995 4.104766077564 160.145671106696
0.368495 4.110343281164 160.595300892556
0.368995 4.115920484764 162.93664254721
0.369495 4.121497688364 161.257940648583
0.369995 4.127074891964 162.507152075801
0.370495 4.132652095564 163.700032665508
0.370995 4.138229299164 164.384059961476
0.371495 4.143806502764 165.786504753372
0.371995 4.149383706364 165.718676485401
0.372495 4.154960909964 166.115502253773
0.372995 4.160538113564 167.877314970569
0.373495 4.166115317164 167.555277169404
0.373995 4.171692520764 169.599080430668
0.374495 4.177269724364 168.922635333877
0.374995 4.182846927964 170.307238810353
0.375495 4.188424131564 171.715029203898
0.375995 4.194001335164 171.540018917167
0.376495 4.199578538764 174.109388233865
0.376995 4.205155742364 173.728720997212
0.377495 4.210732945964 173.7668236397
0.377995 4.216310149564 175.588291499606
0.378495 4.221887353164 177.50666434639
0.378995 4.227464556764 178.676347748508
0.379495 4.233041760364 178.578690023834
0.379995 4.238618963964 178.344981150371
0.380495 4.244196167564 179.347251209847
0.380995 4.249773371164 179.903717507035
0.381495 4.255350574764 182.101295840156
0.381995 4.260927778364 180.705345477163
0.382495 4.266504981964 172.040174612946
0.382995 4.272082185564 145.974426535866
0.383495 4.277659389164 105.043235959005
0.383995 4.283236592764 68.0567771230562
0.384495 4.288813796364 53.5260005321421
0.384995 4.294390999964 42.3164226037446
0.385495 4.299968203564 28.8244860949128
0.385995 4.305545407164 18.4268622592646
0.386495 4.311122610764 4.96965026768869
0.386995 4.316699814364 -9.0302298030828
0.387495 4.322277017964 -19.3981341987187
0.387995 4.327854221564 -18.7377331051302
0.388495 4.333431425164 -10.589649003081
0.388995 4.339008628764 -1.91723915666262
0.389495 4.344585832364 7.42411947596036
0.389995 4.350163035964 11.2407287136052
0.390495 4.355740239564 11.1395237252396
0.390995 4.361317443164 8.33612118015062
0.391495 4.366894646764 3.48190546792306
0.391995 4.372471850364 -1.40235860103648
0.392495 4.378049053964 -6.4567711665411
0.392995 4.383626257564 -6.99310474961223
0.393495 4.389203461164 -5.57053232313831
0.393995 4.394780664764 -2.6844305266027
0.394495 4.400357868364 -0.04519447531674
0.394995 4.405935071964 2.32286482326993
0.395495 4.411512275564 3.55794120295967
0.395995 4.417089479164 3.53873315857285
0.396495 4.422666682764 1.95888387317833
0.396995 4.428243886364 0.890902505973139
0.397495 4.433821089964 -0.554912105513376
0.397995 4.439398293564 -2.12883805134586
0.398495 4.444975497164 -4.10622831705063
0.398995 4.450552700764 -3.97007029511411
0.399495 4.456129904364 -3.2732511679663
0.399995 4.461707107964 -1.16239261673578
0.400495 4.467284311564 0.671961517651542
0.400995 4.472861515164 2.37503955348579
0.401495 4.478438718764 3.20192386194393
0.401995 4.484015922364 3.16776932411957
0.402495 4.489593125964 2.37016966879493
0.402995 4.495170329564 0.719202186197797
0.403495 4.500747533164 -0.929416680588138
0.403995 4.506324736764 -2.42491437527807
0.404495 4.511901940364 -2.89066416369286
0.404995 4.517479143964 -2.23686884363822
0.405495 4.523056347564 -1.22772203167803
0.405995 4.528633551164 -0.32473253688597
0.406495 4.534210754764 1.28238749073517
0.406995 4.539787958364 1.93665460743892
0.407495 4.545365161964 2.19051665268597
0.407995 4.550942365564 1.26768949710432
0.408495 4.556519569164 0.381564492149002
0.408995 4.562096772764 -0.0880642177378457
0.409495 4.567673976364 -0.936694757013937
0.409995 4.573251179964 -1.7287296555616
0.410495 4.578828383564 -1.81353422576341
0.410995 4.584405587164 -1.04187254247269
0.411495 4.589982790764 -0.717282565572073
0.411995 4.595559994364 0.520938276902893
0.412495 4.601137197964 1.22792565342609
0.412995 4.606714401564 2.04333867443456
0.413495 4.612291605164 1.72018089583968
0.413995 4.617868808764 0.681193349351997
0.414495 4.623446012364 0.0919373367230187
0.414995 4.629023215964 -1.54073398640965
0.415495 4.634600419564 -1.95279919475065
0.415995 4.640177623164 -1.80819863410929
0.416495 4.645754826764 -1.31466882406127
0.416995 4.651332030364 -0.560934445778778
0.417495 4.656909233964 0.115633064082527
0.417995 4.662486437564 0.738955314981359
0.418495 4.668063641164 1.01553055454481
0.418995 4.673640844764 0.82629218748998
0.419495 4.679218048364 0.50691766354476
0.419995 4.684795251964 -0.0790613354041271
0.420495 4.690372455564 -0.72884266600707
0.420995 4.695949659164 -1.20093469993447
0.421495 4.701526862764 -1.10881579000123
0.421995 4.707104066364 -0.329988557680818
0.422495 4.712681269964 0.261064649916915
0.422995 4.718258473564 1.36068144434954
0.423495 4.723835677164 1.77293373817999
0.423995 4.729412880764 2.23725396996632
0.424495 4.734990084364 1.2895065760297
0.424995 4.740567287964 0.354587538200075
0.425495 4.746144491564 -0.33358151062337
0.425995 4.751721695164 -1.3128675884389
0.426495 4.757298898764 -1.51086823694553
0.426995 4.762876102364 -1.59827213014164
0.427495 4.768453305964 -0.589574630262885
0.427995 4.774030509564 0.363995532168287
0.428495 4.779607713164 1.03874073593077
0.428995 4.785184916764 1.7186910428653
0.429495 4.790762120364 1.36300566954493
0.429995 4.796339323964 1.2643484265225
0.430495 4.801916527564 0.640029595353045
0.430995 4.807493731164 -0.237169896573176
0.431495 4.813070934764 -1.03998358989791
0.431995 4.818648138364 -1.61157909218852
0.432495 4.824225341964 -0.792097208913016
0.432995 4.829802545564 -0.918805799413604
0.433495 4.835379749164 -0.226874152862864
0.433995 4.840956952764 1.04073175647024
0.434495 4.846534156364 1.18035981176045
0.434995 4.852111359964 1.13354644665262
0.435495 4.857688563564 0.686924853851681
0.435995 4.863265767164 0.277428301080994
0.436495 4.868842970764 -0.672161878235661
0.436995 4.874420174364 -1.94013105592527
0.437495 4.879997377964 -1.04930167171143
0.437995 4.885574581564 -0.809068139079159
0.438495 4.891151785164 -0.78650629035417
0.438995 4.896728988764 -0.339695314179737
0.439495 4.902306192364 0.96572150075529
0.439995 4.907883395964 0.930584918615682
0.440495 4.913460599564 0.882484035766886
0.440995 4.919037803164 0.471208381395189
0.441495 4.924615006764 0.526005512735126
0.441995 4.930192210364 -0.766436945160365
0.442495 4.935769413964 -0.768112921467509
0.442995 4.941346617564 -1.28733261322844
0.443495 4.946923821164 -0.499508860708026
0.443995 4.952501024764 -0.357115315847466
0.444495 4.958078228364 0.506073970829784
0.444995 4.963655431964 0.877032034498849
0.445495 4.969232635564 0.890475608220237
0.445995 4.974809839164 0.395205916283981
0.446495 4.980387042764 0.504447238286531
0.446995 4.985964246364 -0.152642956544113
0.447495 4.991541449964 -0.43259712479192
0.447995 4.997118653564 -0.146645530767176
0.448495 5.002695857164 -0.268040290000968
0.448995 5.008273060764 0.0446861270987448
0.449495 5.013850264364 -0.0168201756708062
0.449995 5.019427467964 0.992413800360697
0.450495 5.025004671564 0.5801850226281
0.450995 5.030581875164 -0.196439329195153
0.451495 5.036159078764 -0.155064767169035
0.451995 5.041736282364 -0.277662573500067
0.452495 5.047313485964 -0.551481948962981
0.452995 5.052890689564 -0.495379479520745
0.453495 5.058467893164 0.0174589181810776
0.453995 5.064045096764 0.262911771991296
0.454495 5.069622300364 0.17298805211627
0.454995 5.075199503964 0.396470587313045
0.455495 5.080776707564 0.39747026671273
0.455995 5.086353911164 -0.0991055829320067
0.456495 5.091931114764 -0.632414703508286
0.456995 5.097508318364 -0.579063406981484
0.457495 5.103085521964 -0.588164628393226
0.457995 5.108662725564 -0.110262262710371
0.458495 5.114239929164 -0.0777608263303329
0.458995 5.119817132764 0.567545963482004
0.459495 5.125394336364 1.02088443653954
0.459995 5.130971539964 0.762397343823154
0.460495 5.136548743564 0.72166239716549
0.460995 5.142125947164 0.106494449214819
0.461495 5.147703150764 0.0775032589025363
0.461995 5.153280354364 -0.837452838114192
0.462495 5.158857557964 -0.649396648516889
0.462995 5.164434761564 -0.607027839082283
0.463495 5.170011965164 -0.243016167123894
0.463995 5.175589168764 -0.198768637423341
0.464495 5.181166372364 0.516868818424863
0.464995 5.186743575964 0.433978718572322
0.465495 5.192320779564 0.528832386310345
0.465995 5.197897983164 0.229293987505538
0.466495 5.203475186764 0.145908134928324
0.466995 5.209052390364 0.136849548119564
0.467495 5.214629593964 -0.433626332536152
0.467995 5.220206797564 -0.499164226510715
0.468495 5.225784001164 -0.0755400086966157
0.468995 5.231361204764 0.147645955932166
0.469495 5.236938408364 -0.0579321661668685
0.469995 5.242515611964 0.30075718511118
0.470495 5.248092815564 0.360878183973736
0.470995 5.253670019164 0.299019532718569
0.471495 5.259247222764 0.0357471637256806
0.471995 5.264824426364 0.226546783885184
0.472495 5.270401629964 -0.127992607788279
0.472995 5.275978833564 -0.379032601971426
0.473495 5.281556037164 -0.12163058453364
0.473995 5.287133240764 -0.382608293588358
0.474495 5.292710444364 -0.174676938582185
0.474995 5.298287647964 -0.114640384739248
0.475495 5.303864851564 0.152411228329409
0.475995 5.309442055164 0.415889602421047
0.476495 5.315019258764 -0.10752498424397
0.476995 5.320596462364 0.347183557342546
0.477495 5.326173665964 0.0947988962170628
0.477995 5.331750869564 -0.240496253640393
0.478495 5.337328073164 -0.308723197378433
0.478995 5.342905276764 -0.516807572384035
0.479495 5.348482480364 -0.515597439588353
0.479995 5.354059683964 -0.530500816813529
0.480495 5.359636887564 0.0671735653287065
0.480995 5.365214091164 0.490464413641891
0.481495 5.370791294764 0.50554169909421
0.481995 5.376368498364 0.411678474935098
0.482495 5.381945701964 0.6297807633034
0.482995 5.387522905564 0.269633291794931
0.483495 5.393100109164 -0.534567530728975
0.483995 5.398677312764 -0.855336465863862
0.484495 5.404254516364 -0.46664323748866
0.484995 5.409831719964 -1.00879940486037
0.485495 5.415408923564 -0.344200106078522
0.485995 5.420986127164 0.184674766772424
0.486495 5.426563330764 0.879752771361883
0.486995 5.432140534364 0.415507230000629
0.487495 5.437717737964 0.670867375677712
0.487995 5.443294941564 0.541133533675084
0.488495 5.448872145164 0.182674189626641
0.488995 5.454449348764 -0.297230470594879
0.489495 5.460026552364 -0.577638107319728
0.489995 5.465603755964 -0.534609377972843
0.490495 5.471180959564 -0.795591049221564
0.490995 5.476758163164 -0.245603519938206
0.491495 5.482335366764 0.230721029754311
0.491995 5.487912570364 0.551707306938514
0.492495 5.493489773964 0.776934694162502
0.492995 5.499066977564 0.60931946486156
0.493495 5.504644181164 0.914722706471113
0.493995 5.510221384764 -0.0954561894682662
0.494495 5.515798588364 -0.273907686604528
0.494995 5.521375791964 -0.781212739928184
0.495495 5.526952995564 -0.517364108037558
0.495995 5.532530199164 -0.577198617344447
0.496495 5.538107402764 -0.0386946507831521
0.496995 5.543684606364 0.531670659977561
0.497495 5.549261809964 0.840221350844989
0.497995 5.554839013564 0.46276299567458
0.498495 5.560416217164 0.58682360972127
0.498995 5.565993420764 0.586685497471946
0.499495 5.571570624364 -0.48221889204067
0.499995 5.577147827964 -0.869481860328353
0.500495 5.582725031564 -0.791376419893682
0.500995 5.588302235164 -0.548914401264887
0.501495 5.593879438764 -1.25357799709303
0.501995 5.599456642364 -0.00728746116710566
0.502495 5.605033845964 0.417305908660604
0.502995 5.610611049564 0.749435033419272
0.503495 5.616188253164 0.784258192624856
0.503995 5.621765456764 0.971482867970024
0.504495 5.627342660364 0.556145582970528
0.504995 5.632919863964 0.114509168257428
0.505495 5.638497067564 -0.67156895162179
0.505995 5.644074271164 -0.426877547933411
0.506495 5.649651474764 -0.623446595562545
0.506995 5.655228678364 -0.449799589324449
0.507495 5.660805881964 -0.046641364753694
0.507995 5.666383085564 0.522178067782599
0.508495 5.671960289164 0.362964924922061
0.508995 5.677537492764 0.866251052359789
0.509495 5.683114696364 0.626502905561176
0.509995 5.688691899964 0.21427224802434
0.510495 5.694269103564 0.018302009033387
0.510995 5.699846307164 -0.522259653868857
0.511495 5.705423510764 -0.717923345680747
0.511995 5.711000714364 -0.911670833919613
0.512495 5.716577917964 -0.491189880104596
0.512995 5.722155121564 -0.132503983498891
0.513495 5.727732325164 0.31882394017904
0.513995 5.733309528764 0.568456237788627
0.514495 5.738886732364 0.417847891492492
0.514995 5.744463935964 0.180999785149232
0.515495 5.750041139564 0.121076611421404
0.515995 5.755618343164 -0.255234025526847
0.516495 5.761195546764 -0.613747550164456
0.516995 5.766772750364 -0.52250334099724
0.517495 5.772349953964 -0.173346799731644
0.517995 5.777927157564 -0.233188788583333
0.518495 5.783504361164 0.0465607999617453
0.518995 5.789081564764 0.672576995797255
0.519495 5.794658768364 0.678525541210546
0.519995 5.800235971964 0.169511386101219
0.520495 5.805813175564 0.0680318530869098
0.520995 5.811390379164 -0.0456390493276746
0.521495 5.816967582764 -0.342335014588119
0.521995 5.822544786364 -0.504929392051869
0.522495 5.828121989964 -0.293885960799229
0.522995 5.833699193564 -0.1643961503496
0.523495 5.839276397164 -0.257562704680811
0.523995 5.844853600764 -0.117724894776336
0.524495 5.850430804364 0.163016016378088
0.524995 5.856008007964 0.0766374467635237
0.525495 5.861585211564 0.213764270757942
0.525995 5.867162415164 0.0653539176379531
0.526495 5.872739618764 0.366900001553844
0.526995 5.878316822364 0.254619012770513
0.527495 5.883894025964 0.288100419621346
0.527995 5.889471229564 0.435514155875959
0.528495 5.895048433164 -0.0432669342537309
0.528995 5.900625636764 -0.150204576281571
0.529495 5.906202840364 -0.0179411619343945
0.529995 5.911780043964 0.270205302404023
0.530495 5.917357247564 0.0257418358026279
0.530995 5.922934451164 0.0963796673452572
0.531495 5.928511654764 0.163802871063189
0.531995 5.934088858364 -0.0547485184400943
0.532495 5.939666061964 -0.157928382104524
0.532995 5.945243265564 -0.153447048050442
0.533495 5.950820469164 0.187558774589264
0.533995 5.956397672764 0.0627114896833775
0.534495 5.961974876364 0.491602455213607
0.534995 5.967552079964 0.146183578929456
0.535495 5.973129283564 0.120414110428004
0.535995 5.978706487164 0.0515914855102834
0.536495 5.984283690764 -0.27175989647684
0.536995 5.989860894364 -0.163447740563487
0.537495 5.995438097964 -0.662055250242896
0.537995 6.001015301564 0.0201501253052597
0.538495 6.006592505164 -0.547898072416642
0.538995 6.012169708764 0.147777181673842
0.539495 6.017746912364 0.0650671407176944
0.539995 6.023324115964 0.500059980362988
0.540495 6.028901319564 0.340084976177755
0.540995 6.034478523164 -0.0176687608203428
0.541495 6.040055726764 0.132418885318363
0.541995 6.045632930364 -0.0146544332921999
0.542495 6.051210133964 -0.182879664924472
0.542995 6.056787337564 -0.198977233635351
0.543495 6.062364541164 -0.215245153276858
0.543995 6.067941744764 -0.315476727767533
0.544495 6.073518948364 0.0337005484139265
0.544995 6.079096151964 0.0727070141538225
0.545495 6.084673355564 0.00804095535355248
0.545995 6.090250559164 0.579138505061845
0.546495 6.095827762764 0.702359899369769
0.546995 6.101404966364 0.117184247561906
0.547495 6.106982169964 -0.116960372958758
0.547995 6.112559373564 -0.237801130656155
0.548495 6.118136577164 -0.373921493634954
0.548995 6.123713780764 -0.932951604722274
0.549495 6.129290984364 -0.278006413705206
0.549995 6.134868187964 -0.192574337858599
0.550495 6.140445391564 -0.104074803514827
0.550995 6.146022595164 0.205217733723791
0.551495 6.151599798764 0.139120965959056
0.551995 6.157177002364 0.147442243078001
0.552495 6.162754205964 -0.363506673773148
0.552995 6.168331409564 -0.0551104120663341
0.553495 6.173908613164 -0.18756346249497
0.553995 6.179485816764 -0.33965483005547
0.554495 6.185063020364 -0.190173519429524
0.554995 6.190640223964 0.252129958227798
0.555495 6.196217427564 0.500652832200185
0.555995 6.201794631164 -0.193580389190509
0.556495 6.207371834764 0.154704981070738
0.556995 6.212949038364 0.249723524568474
0.557495 6.218526241964 0.0872430853149803
0.557995 6.224103445564 -0.0508121953071991
0.558495 6.229680649164 -0.0425141051599355
0.558995 6.235257852764 0.345514518299243
0.559495 6.240835056364 0.187264229738622
0.559995 6.246412259964 0.275624532206435
0.560495 6.251989463564 0.0143307772768365
0.560995 6.257566667164 0.269182305549129
0.561495 6.263143870764 -0.315843348085362
0.561995 6.268721074364 -0.378017435235274
0.562495 6.274298277964 0.0878303508548604
0.562995 6.279875481564 -0.28728491139504
0.563495 6.285452685164 0.283155299430462
0.563995 6.291029888764 0.316375561433407
0.564495 6.296607092364 0.689100618486434
0.564995 6.302184295964 0.0630664178679472
0.565495 6.307761499564 0.365602596694557
0.565995 6.313338703164 -0.3839423018413
0.566495 6.318915906764 -0.318231411808142
0.566995 6.324493110364 -0.605638401291363
0.567495 6.330070313964 0.0387225616386199
0.567995 6.335647517564 -0.295080668904792
0.568495 6.341224721164 0.379854437098889
0.568995 6.346801924764 -0.0399939063798188
0.569495 6.352379128364 0.300244955908049
0.569995 6.357956331964 0.162290055181248
0.570495 6.363533535564 -0.257758522104669
0.570995 6.369110739164 -0.117644280362244
0.571495 6.374687942764 -0.298110355218725
0.571995 6.380265146364 -0.00581009648623719
0.572495 6.385842349964 -0.318886364646993
0.572995 6.391419553564 -0.0257473636159071
0.573495 6.396996757164 -0.122223876035523
0.573995 6.402573960764 0.322075880907522
0.574495 6.408151164364 0.0353009562330444
0.574995 6.413728367964 -0.0231338034798665
0.575495 6.419305571564 0.129179763774472
0.575995 6.424882775164 0.0654229952278642
0.576495 6.430459978764 -0.147949485206458
0.576995 6.436037182364 -0.484419860449403
0.577495 6.441614385964 -0.463894634652479
0.577995 6.447191589564 0.035978166223373
0.578495 6.452768793164 -0.0605389066532032
0.578995 6.458345996764 0.22261559195731
0.579495 6.463923200364 0.298689240427527
0.579995 6.469500403964 0.644973014584443
0.580495 6.475077607564 -0.208512585022231
0.580995 6.480654811164 0.223242641564385
0.581495 6.486232014764 -0.402409347480212
0.581995 6.491809218364 0.111118418034529
0.582495 6.497386421964 -0.269353559738766
0.582995 6.502963625564 -0.097609102335347
0.583495 6.508540829164 -0.160963116460934
0.583995 6.514118032764 0.319633683428179
0.584495 6.519695236364 -0.0726642520476335
0.584995 6.525272439964 -0.00250230087046554
0.585495 6.530849643564 0.00125560615186609
0.585995 6.536426847164 0.303337182940815
0.586495 6.542004050764 0.0863084844723264
0.586995 6.547581254364 -0.279590877726434
0.587495 6.553158457964 -0.147575348140432
0.587995 6.558735661564 0.0701032168906937
0.588495 6.564312865164 -0.219176340044656
0.588995 6.569890068764 -0.183100071845292
0.589495 6.575467272364 -0.223624578672011
0.589995 6.581044475964 0.249713372215019
0.590495 6.586621679564 0.169919120789732
0.590995 6.592198883164 -0.113841442830562
0.591495 6.597776086764 0.413175123798351
0.591995 6.603353290364 0.259753424553013
0.592495 6.608930493964 0.258395386662146
0.592995 6.614507697564 -0.132425201378285
0.593495 6.620084901164 -0.0841099442367145
0.593995 6.625662104764 -0.307792372649059
0.594495 6.631239308364 -0.313336101278677
0.594995 6.636816511964 0.169964058463543
0.595495 6.642393715564 0.492349062668734
0.595995 6.647970919164 0.187411711477786
0.596495 6.653548122764 0.0336514606967708
0.596995 6.659125326364 0.219859063562982
0.597495 6.664702529964 0.178158410309889
0.597995 6.670279733564 -0.313490052529526
0.598495 6.675856937164 0.0509409868157995
0.598995 6.681434140764 -0.111943211629126
0.599495 6.687011344364 -0.235700121205467
0.599995 6.692588547964 -0.318070135863653
0.600495 6.698165751564 0.609444076678141
0.600995 6.703742955164 0.4093914064944
0.601495 6.709320158764 -0.127744172907135
0.601995 6.714897362364 0.354158818230954
0.602495 6.720474565964 -0.265750145640112
0.602995 6.726051769564 0.0725659983761994
0.603495 6.731628973164 -0.579389920014108
0.603995 6.737206176764 0.0285986053373491
0.604495 6.742783380364 -0.131586654286089
0.604995 6.748360583964 0.0956992334124164
0.605495 6.753937787564 0.0256474266474758
0.605995 6.759514991164 0.0688860368497157
0.606495 6.765092194764 0.534972841259707
0.606995 6.770669398364 -0.0813680460933835
0.607495 6.776246601964 -0.355095006201761
0.607995 6.781823805564 -0.109827111342905
0.608495 6.787401009164 -0.19173092874165
0.608995 6.792978212764 -0.19304020672845
0.609495 6.798555416364 -0.244051734766111
0.609995 6.804132619964 0.0699367710257755
0.610495 6.809709823564 -0.0136264322018983
0.610995 6.815287027164 0.305991612154154
0.611495 6.820864230764 0.335784081888485
0.611995 6.826441434364 0.327399320014189
0.612495 6.832018637964 0.289364387007266
0.612995 6.837595841564 0.37568432515971
0.613495 6.843173045164 0.16495133494401
0.613995 6.848750248764 0.0142431917533461
0.614495 6.854327452364 -0.291317346929663
0.614995 6.859904655964 -0.255469487261743
0.615495 6.865481859564 -0.412424375558298
0.615995 6.871059063164 -0.421562643351246
0.616495 6.876636266764 -0.00219016515592049
0.616995 6.882213470364 0.414789664830702
0.617495 6.887790673964 0.324349737909428
0.617995 6.893367877564 0.265079661219747
0.618495 6.898945081164 0.355700124576917
0.618995 6.904522284764 -0.132067844301042
0.619495 6.910099488364 -0.385566089646048
0.619995 6.915676691964 -0.642972325447371
0.620495 6.921253895564 -0.0177137546025772
0.620995 6.926831099164 -0.289328778377541
0.621495 6.932408302764 0.0138319212787009
0.621995 6.937985506364 0.364701568092689
0.622495 6.943562709964 0.540814467775364
0.622995 6.949139913564 0.452813488986125
0.623495 6.954717117164 0.132290211669075
0.623995 6.960294320764 -0.0858979399228784
0.624495 6.965871524364 -0.699877822303095
0.624995 6.971448727964 -0.307949123896208
0.625495 6.977025931564 -0.346387257590528
0.625995 6.982603135164 -0.258949339493366
0.626495 6.988180338764 0.31630766911068
0.626995 6.993757542364 0.248217853011449
0.627495 6.999334745964 0.763507388445551
0.627995 7.004911949564 0.353047842448813
0.628495 7.010489153164 0.495380276415179
0.628995 7.016066356764 0.0106471929222215
0.629495 7.021643560364 -0.113033997991545
0.629995 7.027220763964 -0.712211496471525
0.630495 7.032797967564 -0.241813414072644
0.630995 7.038375171164 -0.635587569167345
0.631495 7.043952374764 -0.254555144800273
0.631995 7.049529578364 0.258126865514406
0.632495 7.055106781964 0.461562643272169
0.632995 7.060683985564 0.719104837118184
0.633495 7.066261189164 0.477682079607064
0.633995 7.071838392764 0.416669691874134
0.634495 7.077415596364 -0.12209376011615
0.634995 7.082992799964 -0.199389995497643
0.635495 7.088570003564 -0.602328221578356
0.635995 7.094147207164 -0.143488915943408
0.636495 7.099724410764 -0.251191188827042
0.636995 7.105301614364 0.0242316497487952
0.637495 7.110878817964 0.313873780296651
0.637995 7.116456021564 0.396023838745963
0.638495 7.122033225164 0.664079644686586
0.638995 7.127610428764 0.0921774692960816
0.639495 7.133187632364 0.141178716316155
0.639995 7.138764835964 -0.322314792061298
0.640495 7.144342039564 -0.0860946322588306
0.640995 7.149919243164 -0.0212580625427495
0.641495 7.155496446764 -0.321843948641063
0.641995 7.161073650364 -0.0828447162341425
0.642495 7.166650853964 -0.0482199654705164
0.642995 7.172228057564 0.55826087117299
0.643495 7.177805261164 -0.149837174366915
0.643995 7.183382464764 0.320397182197641
0.644495 7.188959668364 0.163624296067638
0.644995 7.194536871964 -0.309977764969941
0.645495 7.200114075564 0.123787670519632
0.645995 7.205691279164 0.0433272557333421
0.646495 7.211268482764 0.132116527409382
0.646995 7.216845686364 -0.456356392236947
0.647495 7.222422889964 0.297893592881788
0.647995 7.228000093564 0.125325741914759
0.648495 7.233577297164 -0.138691772558766
0.648995 7.239154500764 0.14848949781311
0.649495 7.244731704364 0.487962338118216
0.649995 7.250308907964 0.0664502256103258
0.650495 7.255886111564 -0.20199319008949
0.650995 7.261463315164 -0.0170868047739017
0.651495 7.267040518764 0.284789731099875
0.651995 7.272617722364 -0.31841443482183
0.652495 7.278194925964 -0.321192606635923
0.652995 7.283772129564 0.00660641473272151
0.653495 7.289349333164 -0.171672932251328
0.653995 7.294926536764 -0.19353617319329
0.654495 7.300503740364 0.0960461654058601
0.654995 7.306080943964 0.282079916263048
0.655495 7.311658147564 0.250416639053206
0.655995 7.317235351164 -0.346002775339828
0.656495 7.322812554764 -0.057498584729386
0.656995 7.328389758364 -0.200497045311534
0.657495 7.333966961964 -0.389035123321828
0.657995 7.339544165564 -0.136124596439905
0.658495 7.345121369164 -0.255900306707035
0.658995 7.350698572764 -0.245596976431989
0.659495 7.356275776364 -0.0232282877782115
0.659995 7.361852979964 0.163908853093253
0.660495 7.367430183564 0.286104147155283
0.660995 7.373007387164 0.39518206120121
0.661495 7.378584590764 0.417361407796161
0.661995 7.384161794364 0.058885358274569
0.662495 7.389738997964 -0.124501271509045
0.662995 7.395316201564 -0.403206829886928
0.663495 7.400893405164 -0.223330774856897
0.663995 7.406470608764 -0.249869726667941
0.664495 7.412047812364 0.201533063981367
0.664995 7.417625015964 -0.277815500146765
0.665495 7.423202219564 0.175534955975882
0.665995 7.428779423164 0.29945172824973
0.666495 7.434356626764 0.514006090421334
0.666995 7.439933830364 0.09364961748449
0.667495 7.445511033964 -0.0792175780575301
0.667995 7.451088237564 0.213128617774198
0.668495 7.456665441164 -0.0527290403331797
0.668995 7.462242644764 -0.207645825537283
0.669495 7.467819848364 -0.0707213318626249
0.669995 7.473397051964 -0.25721226042371
0.670495 7.478974255564 0.233153928767041
0.670995 7.484551459164 0.153300224178375
0.671495 7.490128662764 0.425088800271842
0.671995 7.495705866364 -0.247083512638211
0.672495 7.501283069964 0.19556712814916
0.672995 7.506860273564 0.276912501626595
0.673495 7.512437477164 0.199010011634626
0.673995 7.518014680764 -0.0381102750719783
0.674495 7.523591884364 -0.113365134431127
0.674995 7.529169087964 0.0325245959217836
0.675495 7.534746291564 -0.419002375978121
0.675995 7.540323495164 0.0436401491236029
0.676495 7.545900698764 0.127484128285804
0.676995 7.551477902364 0.265154958812109
0.677495 7.557055105964 0.0674371114773571
0.677995 7.562632309564 -0.184946238775251
0.678495 7.568209513164 0.109794832285785
0.678995 7.573786716764 -0.301210813554379
0.679495 7.579363920364 -0.0787221969030052
0.679995 7.584941123964 -0.452857093713195
0.680495 7.590518327564 0.217785928748153
0.680995 7.596095531164 0.0434850804681696
0.681495 7.601672734764 0.326136044664541
0.681995 7.607249938364 0.230574121839348
0.682495 7.612827141964 0.357000676155553
0.682995 7.618404345564 -0.19769113177081
0.683495 7.623981549164 0.0781784953876952
0.683995 7.629558752764 -0.453510012101256
0.684495 7.635135956364 0.0783764823126093
0.684995 7.640713159964 -0.526485499069204
0.685495 7.646290363564 -0.189576904466456
0.685995 7.651867567164 -0.107280560124563
0.686495 7.657444770764 0.329903006850801
0.686995 7.663021974364 0.481098401243399
0.687495 7.668599177964 -0.357760654292766
0.687995 7.674176381564 0.428035337489784
0.688495 7.679753585164 -0.316978939851859
0.688995 7.685330788764 0.00395932817893501
0.689495 7.690907992364 -0.820330887685846
0.689995 7.696485195964 -0.065803089356228
0.690495 7.702062399564 0.0590301024291549
0.690995 7.707639603164 -0.664386961505676
0.691495 7.713216806764 0.364250778679734
0.691995 7.718794010364 0.145938708458776
0.692495 7.724371213964 0.634490246259111
0.692995 7.729948417564 0.0213823948745288
0.693495 7.735525621164 0.224002307235712
0.693995 7.741102824764 -0.134740708206123
0.694495 7.746680028364 -0.0842102737907611
0.694995 7.752257231964 0.0175187605518003
0.695495 7.757834435564 -0.241635505829768
0.695995 7.763411639164 -0.190430124293283
0.696495 7.768988842764 -0.243655930222441
0.696995 7.774566046364 0.0953427054268794
0.697495 7.780143249964 -0.180319099263117
0.697995 7.785720453564 -0.225185515365784
0.698495 7.791297657164 0.587280804838045
0.698995 7.796874860764 0.18643989886818
0.699495 7.802452064364 0.452782303131382
0.699995 7.808029267964 0.0253406127400344
0.700495 7.813606471564 -0.175662472708641
0.700995 7.819183675164 0.00443705581130708
0.701495 7.824760878764 -0.684765974489545
0.701995 7.830338082364 0.0936357928373674
0.702495 7.835915285964 -0.102035156093202
0.702995 7.841492489564 0.201059101252976
0.703495 7.847069693164 0.169125179321624
0.703995 7.852646896764 0.593419764930998
0.704495 7.858224100364 0.448461699444612
0.704995 7.863801303964 0.0784818183070577
0.705495 7.869378507564 -0.0563825384082061
0.705995 7.874955711164 -0.305628891493472
0.706495 7.880532914764 -0.395245172620805
0.706995 7.886110118364 -0.190177681269835
0.707495 7.891687321964 -0.0862464488000944
0.707995 7.897264525564 -0.236289504138108
0.708495 7.902841729164 -0.0214442811508301
0.708995 7.908418932764 0.351926104774478
0.709495 7.913996136364 0.466883287241847
0.709995 7.919573339964 0.215443706541484
0.710495 7.925150543564 -0.0314976638292491
0.710995 7.930727747164 -0.0121313275428538
0.711495 7.936304950764 0.0953482980284169
0.711995 7.941882154364 -0.778974311575626
0.712495 7.947459357964 -0.226642376586898
0.712995 7.953036561564 0.150688796340658
0.713495 7.958613765164 -0.0608862410908643
0.713995 7.964190968764 0.0637707749266902
0.714495 7.969768172364 0.561254101310812
0.714995 7.975345375964 0.848622924355599
0.715495 7.980922579564 -0.450801557920029
0.715995 7.986499783164 0.142499316075306
0.716495 7.992076986764 -0.199191594043928
0.716995 7.997654190364 -0.388306025970806
0.717495 8.003231393964 -0.328384160804729
0.717995 8.008808597564 -0.452391693393508
0.718495 8.014385801164 0.315301429485818
0.718995 8.019963004764 -0.20054028868032
0.719495 8.025540208364 0.31558610843891
0.719995 8.031117411964 0.423873757528526
0.720495 8.036694615564 0.174264184476726
0.720995 8.042271819164 0.225285969386092
0.721495 8.047849022764 -0.0516324084241872
0.721995 8.053426226364 0.162043227205135
0.722495 8.059003429964 -0.462437356136466
0.722995 8.064580633564 -0.166425855185389
0.723495 8.070157837164 -0.121318610932178
0.723995 8.075735040764 -0.110015507938374
0.724495 8.081312244364 0.348991883181187
0.724995 8.086889447964 0.200296130397695
0.725495 8.092466651564 0.596329903251445
0.725995 8.098043855164 0.0922938870916756
0.726495 8.103621058764 -0.112024972445084
0.726995 8.109198262364 0.320879869757519
0.727495 8.114775465964 -0.890585374704234
0.727995 8.120352669564 0.0888675109648843
0.728495 8.125929873164 -0.251158409013838
0.728995 8.131507076764 0.297433894043316
0.729495 8.137084280364 -0.314147159935013
0.729995 8.142661483964 0.258237967742158
0.730495 8.148238687564 0.647531323388333
0.730995 8.153815891164 -0.313763761683739
0.731495 8.159393094764 -0.0728701701717467
0.731995 8.164970298364 -0.351785106373163
0.732495 8.170547501964 0.163519416639081
0.732995 8.176124705564 -0.552459523061424
0.733495 8.181701909164 0.399702616200209
0.733995 8.187279112764 -0.0768284124037304
0.734495 8.192856316364 0.415564225253685
0.734995 8.198433519964 0.451331087606122
0.735495 8.204010723564 0.279386477316288
0.735995 8.209587927164 0.198491683784121
0.736495 8.215165130764 -0.128058729382629
0.736995 8.220742334364 0.0207484053407739
0.737495 8.226319537964 -0.0949677914995365
0.737995 8.231896741564 -0.548338759366168
0.738495 8.237473945164 0.120309147956682
0.738995 8.243051148764 -0.287319920909116
0.739495 8.248628352364 0.409482789926958
0.739995 8.254205555964 -0.365910314311308
0.740495 8.259782759564 0.25468911335092
0.740995 8.265359963164 0.501664291590215
0.741495 8.270937166764 -0.0048236949263329
0.741995 8.276514370364 -0.00422891463218648
0.742495 8.282091573964 -0.631374572766836
0.742995 8.287668777564 0.226659955678831
0.743495 8.293245981164 -0.217825626231087
0.743995 8.298823184764 -0.134983485163078
0.744495 8.304400388364 -0.0360750948287124
0.744995 8.309977591964 0.256142233676657
0.745495 8.315554795564 0.429042372380424
0.745995 8.321131999164 -0.190246366751063
0.746495 8.326709202764 0.121983679140094
0.746995 8.332286406364 0.0920881124550723
0.747495 8.337863609964 -0.59952386711159
0.747995 8.343440813564 0.0184169979774374
0.748495 8.349018017164 -0.507278683632785
0.748995 8.354595220764 0.347846194050286
0.749495 8.360172424364 -0.213681518784463
0.749995 8.365749627964 0.560293613859978
0.750495 8.371326831564 0.153382060141611
0.750995 8.376904035164 0.178070701561018
0.751495 8.382481238764 0.175645100364296
0.751995 8.388058442364 -0.296182960208903
0.752495 8.393635645964 -0.0120181151375836
0.752995 8.399212849564 -0.583067908161687
0.753495 8.404790053164 0.377329362864991
0.753995 8.410367256764 -0.166931628668233
0.754495 8.415944460364 0.134577036679011
0.754995 8.421521663964 0.434432489351196
0.755495 8.427098867564 0.0488842474801111
0.755995 8.432676071164 -0.130018106685082
0.756495 8.438253274764 -0.0121055922856295
0.756995 8.443830478364 -0.244133502374381
0.757495 8.449407681964 0.0272232128478055
0.757995 8.454984885564 -0.524019552787522
0.758495 8.460562089164 0.140159635590464
0.758995 8.466139292764 -0.0218328457064749
0.759495 8.471716496364 0.157887597632804
0.759995 8.477293699964 0.483750963812545
0.760495 8.482870903564 -0.183636025123187
0.760995 8.488448107164 0.458438692137076
0.761495 8.494025310764 -0.0540952863100266
0.761995 8.499602514364 -0.212022146722471
0.762495 8.505179717964 -0.146981169162348
0.762995 8.510756921564 -0.199622210892831
0.763495 8.516334125164 -0.206577546078326
0.763995 8.521911328764 -0.464116225828924
0.764495 8.527488532364 0.261057687255259
0.764995 8.533065735964 0.11882114787581
0.765495 8.538642939564 0.264060396595938
0.765995 8.544220143164 0.0879302161774715
0.766495 8.549797346764 0.34401448809821
0.766995 8.555374550364 -0.138454324378557
0.767495 8.560951753964 0.244041602841994
0.767995 8.566528957564 -0.342152043330482
0.768495 8.572106161164 -0.374470288084517
0.768995 8.577683364764 0.0938020139517085
0.769495 8.583260568364 -0.0395051002731376
0.769995 8.588837771964 -0.0793049569435976
0.770495 8.594414975564 -0.116696991235925
0.770995 8.599992179164 0.498056810441888
0.771495 8.605569382764 -0.0400702089815018
0.771995 8.611146586364 -0.202898777967699
0.772495 8.616723789964 -0.165214256020887
0.772995 8.622300993564 -0.232529044101839
0.773495 8.627878197164 -0.414767234253004
0.773995 8.633455400764 -0.68513913293824
0.774495 8.639032604364 0.0990293456510077
0.774995 8.644609807964 0.27561852962555
0.775495 8.650187011564 0.112015643409417
0.775995 8.655764215164 0.291251163689646
0.776495 8.661341418764 0.192752748373886
0.776995 8.666918622364 0.169160778685852
0.777495 8.672495825964 -0.397341253847503
0.777995 8.678073029564 -0.0103010124598459
0.778495 8.683650233164 -0.363816751501627
0.778995 8.689227436764 -0.144383898716358
0.779495 8.694804640364 -0.202454592399397
0.779995 8.700381843964 0.339275932041392
0.780495 8.705959047564 0.0301736755320386
0.780995 8.711536251164 0.39373772064572
0.781495 8.717113454764 0.0625674481674055
0.781995 8.722690658364 0.0834441279015975
0.782495 8.728267861964 0.0937660820550795
0.782995 8.733845065564 -0.185449411389072
0.783495 8.739422269164 -0.291239208992756
0.783995 8.744999472764 0.190894100411203
0.784495 8.750576676364 0.39095900759555
0.784995 8.756153879964 0.202552230496197
0.785495 8.761731083564 0.0651182827810832
0.785995 8.767308287164 0.263890016268298
0.786495 8.772885490764 0.254408348997226
0.786995 8.778462694364 -0.177763375249613
0.787495 8.784039897964 -0.143941436342942
0.787995 8.789617101564 0.00522720744793078
0.788495 8.795194305164 -0.0386023867463247
0.788995 8.800771508764 0.0694688307391844
0.789495 8.806348712364 -0.391253555905328
0.789995 8.811925915964 0.309642344058536
0.790495 8.817503119564 -0.0589057637710032
0.790995 8.823080323164 -0.0859993939870398
0.791495 8.828657526764 -0.348904662330048
0.791995 8.834234730364 0.232890186714102
0.792495 8.839811933964 0.200227689970293
0.792995 8.845389137564 0.43135677928452
0.793495 8.850966341164 0.166430244324492
0.793995 8.856543544764 0.235087861797643
0.794495 8.862120748364 -0.0697636325209514
0.794995 8.867697951964 -0.0761073765892142
0.795495 8.873275155564 -0.223875196842656
0.795995 8.878852359164 -0.271817537872119
0.796495 8.884429562764 0.309979946123205
0.796995 8.890006766364 -0.267879349058631
0.797495 8.895583969964 0.373328406758341
0.797995 8.901161173564 -0.0317532997521504
0.798495 8.906738377164 0.190094779603783
0.798995 8.912315580764 0.185637503088178
0.799495 8.917892784364 -0.0860832157135257
0.799995 8.923469987964 -0.186634957253259
0.800495 8.929047191564 -0.463817993438567
0.800995 8.934624395164 -0.185106569803736
0.801495 8.940201598764 -0.109973662615889
0.801995 8.945778802364 0.194426152223857
0.802495 8.951356005964 -0.0739300757712632
0.802995 8.956933209564 0.147503887955072
0.803495 8.962510413164 0.431441786836182
0.803995 8.968087616764 0.428579253416696
0.804495 8.973664820364 0.084294288580606
0.804995 8.979242023964 -0.321772893731788
0.805495 8.984819227564 0.0422304830450173
0.805995 8.990396431164 -0.140169160193221
0.806495 8.995973634764 -0.467953621565372
0.806995 9.001550838364 -0.317976780284802
0.807495 9.007128041964 0.187403596577263
0.807995 9.012705245564 0.145046094350687
0.808495 9.018282449164 0.0126759687249331
0.808995 9.023859652764 0.142998934182625
0.809495 9.029436856364 0.0230061605136729
0.809995 9.035014059964 0.290818477813229
0.810495 9.040591263564 -0.112267489103879
0.810995 9.046168467164 -0.214125550426243
0.811495 9.051745670764 -0.0650448710059641
0.811995 9.057322874364 -0.111828783761621
0.812495 9.062900077964 -0.145248450004386
0.812995 9.068477281564 -0.0400507682891563
0.813495 9.074054485164 -0.115684861777626
0.813995 9.079631688764 0.616599900564045
0.814495 9.085208892364 -0.189227012165491
0.814995 9.090786095964 -0.0561359181144108
0.815495 9.096363299564 0.00223901153461319
0.815995 9.101940503164 0.110508795408677
0.816495 9.107517706764 0.0183696452544616
0.816995 9.113094910364 -0.00867210191490911
0.817495 9.118672113964 0.0723380665784508
0.817995 9.124249317564 0.0758626016509337
0.818495 9.129826521164 -0.0412754907928116
0.818995 9.135403724764 -0.0424871514836924
0.819495 9.140980928364 -0.208722866045565
0.819995 9.146558131964 0.247113126078052
0.820495 9.152135335564 0.185570751772345
0.820995 9.157712539164 0.130178995808115
0.821495 9.163289742764 -0.0792267251232377
0.821995 9.168866946364 0.157695729857806
0.822495 9.174444149964 -0.196961904570603
0.822995 9.180021353564 -0.218382503777501
0.823495 9.185598557164 0.0334599397189261
0.823995 9.191175760764 -0.0680170025178418
0.824495 9.196752964364 0.250468104832372
0.824995 9.202330167964 0.542130679274538
0.825495 9.207907371564 0.0371950064281581
0.825995 9.213484575164 0.00196586971107435
0.826495 9.219061778764 -0.0761731904401809
0.826995 9.224638982364 0.194139294741324
0.827495 9.230216185964 -0.649753658624823
0.827995 9.235793389564 -0.207573534117209
0.828495 9.241370593164 0.13825298517897
0.828995 9.246947796764 -0.0768390596340781
0.829495 9.252525000364 -0.0109767892177431
0.829995 9.258102203964 0.137432565932978
0.830495 9.263679407564 0.520770733366529
0.830995 9.269256611164 -0.280836301706368
0.831495 9.274833814764 -0.197751394471307
0.831995 9.280411018364 -0.228054479292983
0.832495 9.285988221964 -0.279881998593288
0.832995 9.291565425564 -0.134990202868677
0.833495 9.297142629164 -0.0591060273740451
0.833995 9.302719832764 0.557906659661944
0.834495 9.308297036364 0.389794823755553
0.834995 9.313874239964 0.148564539541328
0.835495 9.319451443564 0.41607714343683
0.835995 9.325028647164 -0.13948243680323
0.836495 9.330605850764 0.0523943958867229
0.836995 9.336183054364 -0.649600775186838
0.837495 9.341760257964 -0.348485070216702
0.837995 9.347337461564 -0.94774484702358
0.838495 9.352914665164 -0.273044323718727
0.838995 9.358491868764 -0.283062494132343
0.839495 9.364069072364 0.167153397852476
0.839995 9.369646275964 0.377143513724486
0.840495 9.375223479564 0.36755207368853
0.840995 9.380800683164 0.350349926142043
0.841495 9.386377886764 -0.2136664271073
0.841995 9.391955090364 0.181138826148431
0.842495 9.397532293964 -0.14819916157582
0.842995 9.403109497564 -0.232136343323323
0.843495 9.408686701164 -0.108227220428794
0.843995 9.414263904764 -0.352759110714736
0.844495 9.419841108364 0.272818863957614
0.844995 9.425418311964 0.0283090449492278
0.845495 9.430995515564 0.257696648974479
0.845995 9.436572719164 0.618058720018573
0.846495 9.442149922764 -0.104952819842068
0.846995 9.447727126364 -0.115248636543522
0.847495 9.453304329964 0.00297163182498123
0.847995 9.458881533564 -0.400117987547055
0.848495 9.464458737164 -0.48070537185424
0.848995 9.470035940764 0.0416443901960901
0.849495 9.475613144364 0.17691456991606
0.849995 9.481190347964 0.0691864160267303
0.850495 9.486767551564 -0.0331443630606121
0.850995 9.492344755164 0.421137515806443
0.851495 9.497921958764 0.0533150793570387
0.851995 9.503499162364 0.0240397084224748
0.852495 9.509076365964 -0.255664967428756
0.852995 9.514653569564 0.113853304746146
0.853495 9.520230773164 -0.45523082142747
0.853995 9.525807976764 -0.187224671624784
0.854495 9.531385180364 -0.0444690651131236
0.854995 9.536962383964 0.0828536088164392
0.855495 9.542539587564 0.15764966907526
0.855995 9.548116791164 0.0184964500374064
0.856495 9.553693994764 0.322256606984803
0.856995 9.559271198364 -0.103107033424806
0.857495 9.564848401964 0.0103875074709359
0.857995 9.570425605564 -0.00633500982245733
0.858495 9.576002809164 -0.153737507208353
0.858995 9.581580012764 0.108822766355226
0.859495 9.587157216364 -0.263260203450315
0.859995 9.592734419964 -0.0641921797229691
0.860495 9.598311623564 -0.0541334164057496
0.860995 9.603888827164 0.514792812723069
0.861495 9.609466030764 0.178683183003384
0.861995 9.615043234364 -0.0371456142740536
0.862495 9.620620437964 0.549228312083835
0.862995 9.626197641564 -0.208989108720267
0.863495 9.631774845164 -0.0442890980275152
0.863995 9.637352048764 -0.491528305676451
0.864495 9.642929252364 -0.184525306993993
0.864995 9.648506455964 0.103014493575771
0.865495 9.654083659564 -0.307808436251395
0.865995 9.659660863164 0.2316657821279
0.866495 9.665238066764 -4.58444831116005e-05
0.866995 9.670815270364 0.0676836231142717
0.867495 9.676392473964 0.286480405254549
0.867995 9.681969677564 0.256335874575037
0.868495 9.687546881164 -0.0156585791620442
0.868995 9.693124084764 -0.0362531462931729
0.869495 9.698701288364 0.0947395661631862
0.869995 9.704278491964 0.0228647345255148
0.870495 9.709855695564 -0.0965033162612958
0.870995 9.715432899164 0.28781331792903
0.871495 9.721010102764 -0.524638526043659
0.871995 9.726587306364 0.334440548041355
0.872495 9.732164509964 -0.0217202117996706
0.872995 9.737741713564 0.262633073347962
0.873495 9.743318917164 -0.238607906015687
0.873995 9.748896120764 0.146551321374316
0.874495 9.754473324364 0.445069038214987
0.874995 9.760050527964 -0.386130056713442
0.875495 9.765627731564 -0.310524553010825
0.875995 9.771204935164 -0.213283165054426
0.876495 9.776782138764 0.232081661755828
0.876995 9.782359342364 -0.0592961047460775
0.877495 9.787936545964 -0.722789631219863
0.877995 9.793513749564 0.630358000200512
0.878495 9.799090953164 -0.0695065995159502
0.878995 9.804668156764 0.454132180268426
0.879495 9.810245360364 -0.0411100003312842
0.879995 9.815822563964 0.329943573877232
0.880495 9.821399767564 0.299932679431029
0.880995 9.826976971164 -0.421316801046445
0.881495 9.832554174764 0.511926727086868
0.881995 9.838131378364 0.340882197839859
0.882495 9.843708581964 -0.363622308641127
0.882995 9.849285785564 -0.206000397017018
0.883495 9.854862989164 0.358753336720994
0.883995 9.860440192764 0.15032373651405
0.884495 9.866017396364 -0.309993685245001
0.884995 9.871594599964 -0.0161104968234102
0.885495 9.877171803564 0.135116664503445
0.885995 9.882749007164 -0.202770570287782
0.886495 9.888326210764 -0.208978060899212
0.886995 9.893903414364 -0.0954318884286154
0.887495 9.899480617964 0.0847318553134468
0.887995 9.905057821564 -0.583294304335839
0.888495 9.910635025164 0.0621283686074783
0.888995 9.916212228764 0.310881239327483
0.889495 9.921789432364 0.255864372483248
0.889995 9.927366635964 -0.248705589113049
0.890495 9.932943839564 0.278881921997475
0.890995 9.938521043164 -0.0700083752360185
0.891495 9.944098246764 -0.533828721023083
0.891995 9.949675450364 -0.298051565519221
0.892495 9.955252653964 0.229823826861048
0.892995 9.960829857564 0.234114553082107
0.893495 9.966407061164 -0.719570638896539
0.893995 9.971984264764 0.364592066610251
0.894495 9.977561468364 0.105114945643545
0.894995 9.983138671964 -0.0438490849391934
0.895495 9.988715875564 -0.106987357139303
0.895995 9.994293079164 0.101134683284551
0.896495 9.999870282764 0.202996809456284
0.896995 10.005447486364 -0.683848804661477
0.897495 10.011024689964 -0.135419229215069
0.897995 10.016601893564 0.146253417975987
0.898495 10.022179097164 0.437341176594084
0.898995 10.027756300764 0.0587250580312415
0.899495 10.033333504364 0.173688339013952
0.899995 10.038910707964 0.118720017066067
0.900495 10.044487911564 0.0165374629637372
0.900995 10.050065115164 -0.193424362707677
0.901495 10.055642318764 -0.379758374387898
0.901995 10.061219522364 0.427347012351135
0.902495 10.066796725964 -0.308961145939922
0.902995 10.072373929564 -0.234217764447718
0.903495 10.077951133164 0.268501103842238
0.903995 10.083528336764 0.499531564649057
0.904495 10.089105540364 0.088153850006913
0.904995 10.094682743964 -0.431148688155258
0.905495 10.100259947564 0.301872786492207
0.905995 10.105837151164 -0.186389039260776
0.906495 10.111414354764 -0.044304327310706
0.906995 10.116991558364 -0.234897447679865
0.907495 10.122568761964 0.34541871285155
0.907995 10.128145965564 -0.259900695971036
0.908495 10.133723169164 -0.434290662930676
0.908995 10.139300372764 0.374617910960429
0.909495 10.144877576364 0.166243390879757
0.909995 10.150454779964 -0.328817878634181
0.910495 10.156031983564 0.0313212196513023
0.910995 10.161609187164 0.124435819179223
0.911495 10.167186390764 0.214324743532823
0.911995 10.172763594364 -0.305625780024765
0.912495 10.178340797964 0.425460870817433
0.912995 10.183918001564 0.607661609788273
0.913495 10.189495205164 0.0825664649244693
0.913995 10.195072408764 -0.16142753468828
0.914495 10.200649612364 -0.0393959606036012
0.914995 10.206226815964 0.181985198500746
0.915495 10.211804019564 -0.35943696844074
0.915995 10.217381223164 -0.0973214044251444
0.916495 10.222958426764 -0.0587292818051195
0.916995 10.228535630364 0.19348672138472
0.917495 10.234112833964 -0.147513727698089
0.917995 10.239690037564 -0.0603616682000041
0.918495 10.245267241164 0.19663505856124
0.918995 10.250844444764 -0.000223669006765699
0.919495 10.256421648364 -0.0229000993813382
0.919995 10.261998851964 -0.289064085416555
0.920495 10.267576055564 0.711075094125651
0.920995 10.273153259164 0.0254409932590989
0.921495 10.278730462764 -0.181573089391066
0.921995 10.284307666364 0.041015490441931
0.922495 10.289884869964 0.102845648563352
0.922995 10.295462073564 0.0387590671881651
0.923495 10.301039277164 -0.455713357030115
0.923995 10.306616480764 -0.173280657237671
0.924495 10.312193684364 -0.0983649522680498
0.924995 10.317770887964 -0.0768534653828412
0.925495 10.323348091564 -0.153007820462881
0.925995 10.328925295164 0.579475413191797
0.926495 10.334502498764 0.143016588690818
0.926995 10.340079702364 0.0686843155698238
0.927495 10.345656905964 0.384667576055451
0.927995 10.351234109564 0.295602451575788
0.928495 10.356811313164 -0.492854538666503
0.928995 10.362388516764 -0.428345515298122
0.929495 10.367965720364 0.204032471385705
0.929995 10.373542923964 0.0620558719654901
0.930495 10.379120127564 -0.0490292611074108
0.930995 10.384697331164 0.0105787924415906
0.931495 10.390274534764 0.37023621875856
0.931995 10.395851738364 -0.16012090780279
0.932495 10.401428941964 0.090449191773123
0.932995 10.407006145564 0.156944995412078
0.933495 10.412583349164 0.16474191974178
0.933995 10.418160552764 0.00756302581368161
0.934495 10.423737756364 -0.360944833201761
0.934995 10.429314959964 -0.135699562533494
0.935495 10.434892163564 -0.35750753416135
0.935995 10.440469367164 -0.150901251637899
0.936495 10.446046570764 0.16326611003224
0.936995 10.451623774364 0.00453387775638794
0.937495 10.457200977964 0.0507830364671267
0.937995 10.462778181564 0.013890624601632
0.938495 10.468355385164 -0.0187720064176768
0.938995 10.473932588764 0.0403808266471342
0.939495 10.479509792364 -0.183004672530879
0.939995 10.485086995964 -0.168114259726995
0.940495 10.490664199564 -0.170490697481901
0.940995 10.496241403164 0.322711511481716
0.941495 10.501818606764 0.130333260167595
0.941995 10.507395810364 0.465591214067815
0.942495 10.512973013964 0.42346876465066
0.942995 10.518550217564 0.348242145329336
0.943495 10.524127421164 -0.485775308513903
0.943995 10.529704624764 -0.130369914249578
0.944495 10.535281828364 -0.0464509491710735
0.944995 10.540859031964 -0.398989754510355
0.945495 10.546436235564 0.11441185566678
0.945995 10.552013439164 0.30160331760667
0.946495 10.557590642764 0.253795224656589
0.946995 10.563167846364 0.0866790009654142
0.947495 10.568745049964 0.44421359679607
0.947995 10.574322253564 0.390577783312893
0.948495 10.579899457164 -0.388716110094706
0.948995 10.585476660764 -0.0604737365812823
0.949495 10.591053864364 -0.231450762772721
0.949995 10.596631067964 -0.359684147127787
0.950495 10.602208271564 -0.300366584514131
0.950995 10.607785475164 0.146220472088976
0.951495 10.613362678764 0.377377560218436
0.951995 10.618939882364 0.507972742472233
0.952495 10.624517085964 0.330957618376316
0.952995 10.630094289564 0.283528024492863
0.953495 10.635671493164 0.266081342578646
0.953995 10.641248696764 0.0781156053147967
0.954495 10.646825900364 -0.570221559146927
0.954995 10.652403103964 0.0322435261803163
0.955495 10.657980307564 -0.146801192019525
0.955995 10.663557511164 0.331418505756724
0.956495 10.669134714764 -0.330225659257558
0.956995 10.674711918364 0.505424535139843
0.957495 10.680289121964 0.503007308537318
0.957995 10.685866325564 0.0163148917777664
0.958495 10.691443529164 -0.168968121113528
0.958995 10.697020732764 0.540860587642831
0.959495 10.702597936364 -0.270452370836623
0.959995 10.708175139964 -0.577928793742896
0.960495 10.713752343564 0.142804309463546
0.960995 10.719329547164 0.00617766062750296
0.961495 10.724906750764 0.115254632684128
0.961995 10.730483954364 -0.0380761286067087
0.962495 10.736061157964 0.529681963733658
0.962995 10.741638361564 0.268965159892606
0.963495 10.747215565164 -0.182219787980914
0.963995 10.752792768764 -0.260846947052609
0.964495 10.758369972364 0.0680417201715993
0.964995 10.763947175964 -0.432101444415354
0.965495 10.769524379564 -0.48944423762203
0.965995 10.775101583164 -0.130827915770082
0.966495 10.780678786764 -0.212843017977498
0.966995 10.786255990364 0.00831099276373949
0.967495 10.791833193964 0.0871821867571055
0.967995 10.797410397564 0.520971252504355
0.968495 10.802987601164 -0.172886245195088
0.968995 10.808564804764 0.21526099472067
0.969495 10.814142008364 0.469082696299996
0.969995 10.819719211964 0.0697989484897565
0.970495 10.825296415564 -0.986514889106713
0.970995 10.830873619164 -0.262144944957182
0.971495 10.836450822764 0.415368748876012
0.971995 10.842028026364 -0.511960087433231
0.972495 10.847605229964 0.0867314135467779
0.972995 10.853182433564 0.604651859759198
0.973495 10.858759637164 1.14814436477297
0.973995 10.864336840764 -0.199499296512279
0.974495 10.869914044364 -0.249763187526749
0.974995 10.875491247964 0.785030206701698
0.975495 10.881068451564 -0.497149355897541
0.975995 10.886645655164 -0.371586835429243
0.976495 10.892222858764 -0.558787416655003
0.976995 10.897800062364 0.51476476981801
0.977495 10.903377265964 -0.319390327852058
0.977995 10.908954469564 0.139357843929785
0.978495 10.914531673164 0.515899283088845
0.978995 10.920108876764 0.336739333741687
0.979495 10.925686080364 0.297854244541613
0.979995 10.931263283964 -0.204249061156688
0.980495 10.936840487564 -0.114507525591285
0.980995 10.942417691164 -0.914806619346671
0.981495 10.947994894764 -0.592134827731891
0.981995 10.953572098364 0.224098513316401
0.982495 10.959149301964 -0.169384578633973
0.982995 10.964726505564 0.554861633488777
0.983495 10.970303709164 -0.266799705698777
0.983995 10.975880912764 0.605284416360678
0.984495 10.981458116364 0.220278625222096
0.984995 10.987035319964 -0.794921616867773
0.985495 10.992612523564 -0.00409251577582268
0.985995 10.998189727164 -0.318962156854758
0.986495 11.003766930764 0.0102485514679284
0.986995 11.009344134364 -0.245672334538842
0.987495 11.014921337964 0.361328526315522
0.987995 11.020498541564 1.04752233588489
0.988495 11.026075745164 -0.0802443313668567
0.988995 11.031652948764 0.5731231544733
0.989495 11.037230152364 -0.23636856213118
0.989995 11.042807355964 0.0737427291109838
0.990495 11.048384559564 -0.65312287526953
0.990995 11.053961763164 -0.280455046001181
0.991495 11.059538966764 0.0695745884019005
0.991995 11.065116170364 -0.32026971549088
0.992495 11.070693373964 0.584745928707865
0.992995 11.076270577564 -0.262119419577446
0.993495 11.081847781164 0.514701836221009
0.993995 11.087424984764 -0.0134568011132746
0.994495 11.093002188364 0.0506385126439476
0.994995 11.098579391964 0.0426106082996022
0.995495 11.104156595564 -0.359134881730066
0.995995 11.109733799164 0.225673378601676
0.996495 11.115311002764 -0.14543550515917
0.996995 11.120888206364 0.511260351475108
0.997495 11.126465409964 0.138820305657245
0.997995 11.132042613564 -0.00776281245666423
0.998495 11.137619817164 -0.100767305015174
0.998995 11.143197020764 0.24910320610474
0.999495 11.148774224364 -0.38135507458383
0.999995 11.154351427964 -0.691589172031378
