298

3 -4.867280 -6.588810 55.8328
3 -2.254210 -6.956410 55.7973
3 -0.789616 -6.988130 55.7858
3  1.767860 -6.517740 55.8088
3 -6.069780 -5.789990 55.7937
3  3.207290 -6.131000 55.8210
3  5.491550 -4.775520 55.8320
3 -8.403700 -2.395790 55.7510
3 -7.693210 -3.713170 55.7305
2 -3.120350 -2.786600 55.7631
2 -1.810900 -3.316740 55.5385
2 -0.610823 -2.743900 56.1102
3  6.563450 -3.777030 55.7458
2 -4.237620 -0.696414 55.9056
2 -3.174330 -1.518610 56.5504
2 -2.005480 -0.987159 57.0744
2 -0.726007 -1.545550 56.8513
2  0.240936 -0.463075 56.6249
2  1.219360 -0.612840 55.6479
3  8.050900 -1.596890 55.7216
3  8.239420 -0.130762 55.7358
3 -4.303220 -6.849370 57.4034
3 -4.881110 -6.586230 58.9910
3 -2.858080 -7.000740 57.3916
3 -2.259560 -7.002860 58.9862
3 -0.775089 -6.907800 59.0006
3 -0.231490 -6.967270 57.3793
3  1.268460 -6.641300 57.4595
3  1.837190 -6.541170 58.9981
3 -6.438320 -5.284240 57.3821
3 -7.490680 -4.186540 57.3673
3 -6.185820 -5.825910 58.9241
3  3.206890 -5.954340 58.9920
3  3.748430 -5.780850 57.3964
3  5.055680 -5.220020 57.3804
3  5.504710 -4.758230 58.9584
3 -8.376520 -2.407730 58.9698
3 -7.846360 -3.777580 58.9887
3  6.501850 -3.746090 58.9343
3  6.882960 -3.336900 57.3444
3  7.762670 -2.120560 57.3558
3 -8.529820 -1.798700 57.3577
3 -8.634980 -0.367564 57.3450
3  7.954200 -1.530910 58.9405
3  8.210060 -0.104204 58.9299
3 -4.324420 -6.741760 60.5843
3 -2.915650 -7.138360 60.5593
3 -0.162089 -6.910720 60.5821
3  1.273800 -6.720720 60.5406
3 -6.576170 -5.330280 60.5295
3 -7.629430 -4.297520 60.5385
3  3.772740 -5.803970 60.5435
3  5.029270 -5.063080 60.5779
3  6.823300 -3.249470 60.5349
3  7.753080 -2.118940 60.5282
3 -8.466420 -1.861480 60.5268
3 -8.678370 -0.420159 60.5647
1  0.094068 -1.308830 60.5396
1  1.528730 -1.443050 60.3062
1 -0.227638  0.113604 60.2660
1  2.065740 -0.191529 59.9750
3 -4.825310 -6.371590 62.0908
3 -2.255520 -7.048840 62.1353
3 -0.768480 -7.002720 62.1294
3  1.821110 -6.432090 62.1005
3 -6.099400 -5.742250 62.0885
3  3.187890 -6.047080 62.0930
3  5.400370 -4.676620 62.1611
3 -8.299680 -2.446470 62.1217
3 -7.805680 -3.848390 62.1092
1 -0.543427 -1.849130 61.6565
1  0.269270 -2.707240 62.4884
1  1.614940 -2.936560 62.2976
1  2.279270 -2.200930 61.2209
3  6.417220 -3.632930 62.1254
1 -1.972600  0.045607 62.0699
1 -1.603690 -1.336710 62.3912
1  3.589050 -1.793170 61.6989
1  4.078200 -0.521957 61.3230
3  7.964860 -1.515370 62.1088
3  8.172400 -0.052657 62.0767
3 -4.308710 -6.695400 63.7088
3 -2.872030 -7.020820 63.6962
3 -0.279431 -6.825800 63.6795
3  1.187750 -6.600050 63.6681
3 -6.515370 -5.383360 63.7103
3 -7.545610 -4.318510 63.6935
3  3.678190 -5.802110 63.6871
3  4.961580 -5.033640 63.7002
1 -0.333766 -2.606340 63.8558
1  0.514377 -2.646270 64.9608
1  1.923450 -2.684170 64.7160
1  2.505750 -2.858310 63.4671
1  3.715810 -2.156240 63.0748
3  6.843690 -3.156230 63.7226
3  7.770900 -2.068100 63.6803
3 -8.482530 -1.904170 63.7051
3 -8.550370 -0.469016 63.6905
1 -1.465760 -1.710150 63.7753
1 -1.740050 -0.843005 64.7828
1  4.302970 -1.268780 64.0018
3  7.946330 -1.480690 65.2480
3 -4.334560 -6.859680 66.8615
3 -4.857240 -6.488370 65.2786
3 -2.294700 -7.034330 65.2873
3 -2.876470 -7.143600 66.8721
3 -0.828049 -6.895910 65.2656
3 -0.181737 -6.913640 66.8519
3  1.232160 -6.706250 66.8543
3  1.763030 -6.550170 65.2585
3  3.169530 -6.125600 65.2659
3 -6.565650 -5.413570 66.8211
3 -7.568510 -4.372170 66.8014
3 -6.035440 -5.727670 65.2693
3  3.688370 -5.879140 66.8476
3  5.477780 -4.818600 65.2955
3  4.910040 -5.065840 66.8926
3 -8.434380 -2.480360 65.2105
3 -7.815010 -3.842440 65.1949
3  6.470160 -3.700870 65.3035
3  6.861500 -3.224210 66.8555
3  7.647400 -2.036250 66.8193
3 -8.446650 -1.884660 66.8289
3 -8.656610 -0.421503 66.8023
1 -0.833676 -0.824416 65.9516
1  0.286197 -1.729360 66.0335
1  1.624580 -1.189650 66.5296
1  3.802790 -1.153610 65.3600
1  2.602570 -1.810210 65.6545
3  8.178340 -0.075376 65.2463
3 -4.810400 -6.573200 68.3869
3 -2.228360 -7.054870 68.4412
3 -0.719286 -7.020690 68.3971
3  1.808350 -6.515780 68.4451
3  3.173800 -6.081300 68.4264
3 -6.053010 -5.795320 68.4081
3  5.328620 -4.634610 68.4549
3 -8.429050 -2.529270 68.4121
3 -7.963070 -3.893830 68.4001
3  6.502170 -3.801950 68.4265
2 -0.874435 -1.258180 69.0371
3  7.924640 -1.577030 68.4082
3  8.182330 -0.129798 68.3725
2 -1.391330 -2.545540 69.5819
2 -3.694570 -1.636790 69.6462
2 -3.179970 -0.348262 69.3287
2 -1.737920 -0.174296 68.9693
2  0.427822 -1.026200 69.6766
3 -8.559900  0.189392 55.8022
3 -8.134760  1.637000 55.7992
2 -4.084540  0.719189 55.8831
2 -1.860860  0.469169 57.0055
2 -2.871440  1.324260 56.4257
2 -0.469672  0.821238 56.7800
3 -6.823420  3.826160 55.7847
2 -2.511080  2.352690 55.4418
2 -0.135159  1.868300 55.8671
3  7.467510  3.864370 55.7331
3  7.911770  2.448220 55.7666
3 -5.804200  4.917360 55.8323
3 -3.500900  6.120100 55.7566
3  5.794170  5.910090 55.7247
3 -2.120380  6.684100 55.7985
3  0.522568  7.072070 55.7408
3  1.950000  7.215360 55.7259
3  4.565790  6.735700 55.7353
3 -8.666060  0.155273 58.9471
3 -8.094780  1.536380 59.0044
3  8.152630  1.903940 57.3329
3  8.191630  0.471766 57.3176
3 -7.885650  2.117570 57.4147
3 -7.176820  3.412870 57.3995
3 -6.824480  3.809710 59.0084
3  8.003200  2.469290 58.8970
3  7.486310  3.885320 58.8675
3 -5.685290  4.747020 58.9911
3 -5.293880  5.180600 57.4231
3 -4.038140  5.950370 57.3738
3 -3.545930  6.267510 58.9146
3  5.772380  5.887830 58.9268
3  7.156280  4.400460 57.3050
3  6.175010  5.528420 57.3072
3 -2.154210  6.676820 58.9270
3 -1.594740  6.711860 57.3367
3 -0.126021  7.027890 57.3111
3  0.468214  7.183540 58.9216
3  1.958480  7.194340 58.8700
3  2.576070  7.166460 57.3032
3  3.977610  6.859920 57.3159
3  4.462800  6.642240 58.9076
1 -1.057200  2.082650 61.4910
1 -1.252500  0.730334 61.0496
1  1.124100  2.144110 60.2188
1  0.986288  0.766438 59.9403
1  3.434030  1.679570 60.9159
1  3.303640  0.349063 60.4469
3  8.020160  1.953130 60.4780
3  8.096100  0.507975 60.5338
3 -7.916590  2.058430 60.6390
3 -7.228690  3.369510 60.6036
1  0.113553  2.765690 61.0587
1  2.426410  2.613120 60.7285
3  7.219540  4.351090 60.4279
3 -5.235330  5.097420 60.5116
3 -4.000200  5.944580 60.5106
3  6.176040  5.434920 60.4926
3 -1.521890  6.785580 60.5112
3 -0.112019  7.083270 60.5382
3  2.590130  7.076340 60.4764
3  3.963250  6.757120 60.5116
3 -8.573590  0.122050 62.1394
3 -8.186140  1.538340 62.1355
1 -2.249120  0.962165 63.1756
1 -1.629580  2.208900 62.7877
1  4.362490  1.703330 61.9823
1  4.681040  0.352623 62.2781
3 -6.800290  3.858650 62.1426
1 -0.988164  3.029080 63.7102
1  0.793558  3.597690 62.0233
1  0.196431  3.746010 63.3347
1  2.184410  3.489480 61.8663
1  2.998740  3.465550 63.0066
1  4.092470  2.537240 63.0486
3  7.447590  3.869520 62.0220
3  8.058230  2.518100 61.9961
3 -5.587070  4.781640 62.1411
3 -3.469620  6.181490 62.1189
3  5.710370  5.771050 62.0408
3 -2.068400  6.554920 62.0634
3  0.486241  7.193910 62.0937
3  2.007310  7.291410 62.0726
3  4.549600  6.591940 62.0815
1 -2.057840  0.576171 64.5052
1 -1.341680  1.412020 65.4202
1  4.829550 -0.036310 63.6141
1  4.652520  0.865715 64.7407
3  8.130290  1.940650 63.5921
3  8.199470  0.510521 63.6373
3 -7.890720  2.116390 63.6873
3 -7.273800  3.437600 63.6703
1 -0.905759  2.670940 65.0719
1  1.101980  3.774920 64.4714
1  0.401380  3.101550 65.5634
1  2.452080  3.651750 64.2945
1  3.220840  2.843800 65.2024
1  4.219690  2.139630 64.4049
3  8.111610  2.515890 65.1738
3  7.517800  3.844230 65.2045
3 -5.182020  5.132990 63.7169
3 -4.009720  5.948750 63.7165
3  7.047920  4.288920 63.6184
3  6.149050  5.403600 63.6463
3 -1.513830  6.756040 63.6475
3 -0.047243  7.021820 63.6999
3  2.563440  7.027570 63.6609
3  4.014700  6.770390 63.6975
3 -8.576180  0.180519 65.2434
3 -8.008820  1.505670 65.2630
1 -0.547257  0.556003 66.2648
1  0.696922  1.004830 66.7822
1  1.822250  0.125434 66.9090
1  4.013000  0.181054 65.8246
1  3.024430  0.863555 66.5812
3  8.078170  1.940150 66.7617
3  8.299430  0.456359 66.7924
3 -6.845330  3.873990 65.2634
3 -7.844630  2.084340 66.8236
3 -7.275440  3.436270 66.8606
1  1.154840  2.303410 66.4233
1  2.589000  2.209120 66.2796
3 -5.733500  4.834940 65.2873
3 -5.302500  5.182390 66.8220
3 -4.009980  5.897490 66.8697
3 -3.449720  6.216660 65.3233
3  5.742780  5.712880 65.2678
3  7.257400  4.357910 66.8180
3  6.265820  5.455100 66.8619
3 -2.055280  6.666610 65.2894
3 -1.433890  6.643750 66.8690
3 -0.045506  7.016440 66.8913
3  0.423975  7.065900 65.2645
3  1.958740  7.147030 65.2470
3  2.559030  7.068750 66.8126
3  3.949940  6.724290 66.8246
3  4.485800  6.480890 65.2277
3 -8.489980  0.097525 68.3927
3 -7.936540  1.487210 68.4114
3 -6.874320  3.871000 68.4449
3  7.450370  3.817960 68.3558
3  7.990800  2.486080 68.3757
3 -5.855130  4.868360 68.3978
3 -3.464220  6.131380 68.4391
3  5.802810  5.844650 68.4366
3 -2.032570  6.542080 68.4377
3  0.568734  7.149010 68.4743
3  2.018990  7.151030 68.4462
3  4.468550  6.484440 68.4151
2 -1.333090  1.157870 69.2578