296

3 -3.977790 -6.592740 114.128
3 -2.656170 -7.112120 114.089
3  0.052347 -7.265170 114.120
3  1.479440 -6.861110 114.069
3 -6.269200 -5.328140 114.136
3 -7.363670 -4.339600 114.097
3  4.011920 -6.013990 114.036
3  5.256060 -5.187650 114.084
3  7.027170 -3.380060 114.103
3  7.904590 -2.182210 114.049
3 -8.427290 -1.916870 114.100
3 -8.383830 -0.513759 114.120
2 -2.161070 -1.594680 115.481
2  0.490178 -0.494228 115.654
3 -3.962570 -6.561060 117.243
3 -4.485700 -6.349350 115.677
3 -2.066900 -7.256800 115.685
3 -2.584490 -7.072720 117.235
3 -0.548577 -7.193860 115.689
3  0.088053 -7.155440 117.227
3  2.107580 -6.781790 115.588
3  1.538390 -6.901430 117.172
3 -6.242770 -5.287990 117.271
3 -7.208200 -4.232500 117.254
3 -5.779490 -5.614580 115.727
3  3.502670 -6.283020 115.620
3  4.070920 -6.050220 117.196
3  5.720270 -4.866050 115.608
3  5.324490 -5.270250 117.146
3 -8.373510 -2.564070 115.672
3 -7.752210 -3.891960 115.706
2 -2.960770 -3.196120 116.976
2 -1.568470 -3.458030 116.679
2 -0.712497 -3.864670 117.746
3  6.771860 -3.838110 115.622
3  7.016870 -3.316230 117.174
3  7.857660 -2.093690 117.222
3 -8.392620 -1.928800 117.246
3 -8.448160 -0.443956 117.270
2 -4.238360 -1.046450 116.722
2 -3.304570 -1.989520 116.285
2 -1.076080 -2.462960 115.765
2  0.260288 -1.910330 115.820
2  1.056780 -2.388030 116.922
2  1.900190 -1.263440 117.398
3  8.072870 -1.635940 115.609
3  8.525170 -0.235584 115.609
3 -4.581820 -6.549010 118.845
3 -1.953950 -7.149200 118.804
3 -0.493315 -7.200220 118.830
3  2.146230 -6.678720 118.753
3  3.546250 -6.166990 118.735
3 -5.763340 -5.721480 118.813
3  5.769560 -4.902310 118.764
3 -8.114300 -2.445270 118.848
3 -7.498420 -3.768210 118.870
2 -4.441710 -2.376440 118.825
2 -3.556350 -3.411650 118.276
2 -2.606920 -3.822000 119.340
2 -1.255500 -3.985660 119.053
2  0.624237 -3.326890 117.874
2  0.922082 -3.208420 119.256
3  6.756800 -3.776960 118.779
2 -4.802110 -1.237370 118.035
2 -4.814870  0.030924 118.688
2  2.101460 -1.133210 118.770
2  1.762870 -2.125220 119.711
3  8.201720 -1.654940 118.819
3  8.611140 -0.241762 118.797
3 -4.006290 -6.731800 120.404
3 -2.549970 -7.065050 120.392
3  0.115661 -7.052670 120.390
3  1.586710 -6.841120 120.356
3 -6.236360 -5.339300 120.381
3 -7.142510 -4.179470 120.436
3  4.038840 -5.965350 120.342
3  5.336750 -5.294990 120.352
2 -4.126880 -2.271900 120.282
2 -3.023000 -3.130290 120.568
2 -0.274155 -3.585460 120.014
2 -1.991730 -2.748600 121.545
2 -0.604233 -2.972490 121.234
3  7.117590 -3.326630 120.345
3  7.913740 -2.118110 120.373
3 -8.350050 -1.847600 120.425
3 -8.463510 -0.373525 120.464
2 -4.161730 -0.981595 120.883
2  1.326390 -1.417340 120.925
2  0.186186 -1.825380 121.660
3 -4.534830 -6.597940 121.989
3 -3.962470 -6.682100 123.558
3 -1.969080 -7.202730 121.989
3 -2.541050 -7.100780 123.602
3 -0.496007 -7.030410 121.986
3  0.055023 -6.985680 123.537
3  1.504940 -6.727120 123.503
3  2.167870 -6.637110 121.961
3  3.528830 -6.183670 121.940
3 -6.165380 -5.402240 123.512
3 -7.012610 -4.168050 123.549
3 -5.782200 -5.741920 121.986
3  3.998500 -5.882050 123.538
3  5.727430 -4.833390 121.955
3  5.293970 -5.187570 123.512
3 -8.117600 -2.429290 122.019
3 -7.338340 -3.664730 121.971
3  6.689800 -3.755850 121.958
3  7.115820 -3.280180 123.528
3  7.872100 -2.055890 123.544
3 -8.251950 -1.885680 123.590
3 -8.475630 -0.428782 123.624
2 -3.111560 -0.536995 121.755
2 -2.111950 -1.466460 122.168
2 -0.757703 -0.847693 122.170
3  8.195630 -1.570600 121.965
3  8.621940 -0.210850 122.000
3 -4.511850 -6.502160 125.120
3 -1.990080 -7.107410 125.172
3 -0.519749 -7.032090 125.157
3  2.093090 -6.574980 125.120
3  3.482830 -6.001400 125.160
3 -5.720260 -5.741420 125.126
3  5.737940 -4.817280 125.103
3 -8.037800 -2.390560 125.147
3 -7.435800 -3.733470 125.152
3  6.785180 -3.781110 125.050
1  0.864321  0.170728 125.376
3  8.207980 -1.529440 125.147
3  8.622190 -0.133024 125.122
3 -3.943740 -6.658500 126.690
3 -2.584580 -7.141340 126.727
3  0.127792 -7.004020 126.738
3  1.549550 -6.712470 126.693
3 -6.247010 -5.413300 126.705
3 -7.242870 -4.352380 126.703
3  4.002520 -5.762560 126.763
3  5.281920 -5.099970 126.695
1  0.577879 -2.070190 126.460
3  7.160610 -3.368050 126.602
3  7.936310 -2.124100 126.654
3 -8.387090 -0.386380 126.780
3 -8.145610 -1.847920 126.724
1 -0.699670 -1.630230 126.913
1 -1.153210 -0.340593 126.645
1  1.300140 -1.231300 125.607
1  2.791170 -1.063930 125.941
1  3.395490 -1.910960 126.909
2 -1.958200 -0.226283 115.297
2 -0.593966  0.348286 115.366
3  8.168050  1.765400 114.078
3  8.487560  0.374375 114.032
3 -7.788370  2.171340 114.148
3 -7.196690  3.440420 114.169
3 -5.200130  5.243810 114.172
3 -3.910880  5.939880 114.160
3  7.298590  4.151560 113.988
3  6.350400  5.263800 114.035
3 -1.456950  6.592500 114.140
3 -0.007666  6.838680 114.127
3  2.645380  6.825250 114.099
3  4.028570  6.473140 114.105
3 -8.401190  0.148123 115.677
3 -8.017660  1.594400 115.689
2 -3.981950  0.348738 116.536
2 -2.879840  0.782688 115.768
2 -0.721303  1.696790 115.880
2  1.498570 -0.062480 116.614
2  1.341700  1.221490 117.196
3  8.374480  1.754470 117.212
3  8.575760  0.346262 117.223
3 -6.739860  3.893550 115.727
3 -7.793780  2.151840 117.276
3 -7.093620  3.408530 117.289
2 -2.114690  1.916100 116.183
2  0.211689  2.150270 116.899
3  7.632730  3.701570 115.613
3  8.146030  2.307270 115.624
3 -5.641890  4.883720 115.765
3 -5.177210  5.235740 117.329
3 -3.894550  5.909630 117.288
3  5.899780  5.560370 115.651
3  7.374190  4.191720 117.183
3  6.380610  5.245390 117.241
3 -3.412180  6.088760 115.751
3 -2.004710  6.645150 115.712
3 -1.395990  6.835230 117.267
3  0.044004  6.898210 117.331
3  0.627451  6.947550 115.731
3  2.063390  6.904250 115.714
3  2.706250  6.815430 117.301
3  4.149610  6.504070 117.279
3  4.667240  6.375070 115.666
3 -8.431980  0.180962 118.845
3 -8.058240  1.611670 118.835
2 -4.356020  1.028840 117.765
2  1.932460  0.208541 119.355
2  1.561530  1.335970 118.652
3 -6.741450  3.876890 118.869
2 -3.601600  2.132030 118.227
2 -2.477670  2.524950 117.411
2 -1.466140  3.028620 118.390
2 -0.143903  2.798550 118.131
2  0.668823  2.304970 119.165
3  7.629070  3.612960 118.792
3  8.272490  2.330140 118.804
3 -5.685730  4.849840 118.893
3  5.927510  5.611820 118.824
3 -3.390940  6.241360 118.853
3 -2.037460  6.739440 118.844
3  0.653594  6.808860 118.863
3  2.107100  6.940590 118.822
3  4.648010  6.275760 118.873
2 -4.570170  0.170158 120.071
2 -3.770970  1.380420 120.537
2  1.426580  0.000121 120.676
2  0.618483  0.929710 121.237
3  8.392530  1.753850 120.395
3  8.585590  0.351353 120.391
3 -7.855900  2.121240 120.432
3 -7.061540  3.401130 120.436
2 -3.294750  2.341020 119.605
2 -1.968740  2.894560 119.739
2 -1.206850  2.387490 120.747
2  0.183236  2.149210 120.497
3 -5.173970  5.132590 120.441
3 -3.872970  5.837590 120.430
3  7.392320  4.190300 120.382
3  6.369750  5.237130 120.375
3 -1.359690  6.695530 120.424
3  0.064678  6.847460 120.448
3  2.727520  6.908040 120.395
3  4.186790  6.557420 120.376
3 -8.439070  0.189316 122.061
3 -8.026760  1.596310 122.036
2 -2.933300  0.872801 121.577
2 -1.632480  1.385660 121.686
2 -0.549851  0.484036 121.962
3  8.675930  0.399235 123.517
3 -7.703530  2.073680 123.617
3 -6.742590  3.833600 122.042
3 -7.041470  3.385750 123.665
3  7.788160  3.743210 121.991
3  8.443210  2.370810 121.970
3 -5.658540  4.902470 122.036
3 -5.132320  5.127630 123.590
3 -3.832480  5.750690 123.590
3 -3.319250  6.041070 122.003
3  5.951800  5.649530 121.985
3  7.402940  4.222920 123.579
3  6.393130  5.288520 123.541
3 -1.968830  6.551550 122.036
3 -1.354980  6.780230 123.603
3  0.107589  6.921790 123.610
3  0.698436  6.793670 122.032
3  2.110120  6.925760 121.963
3  2.697090  6.933710 123.555
3  4.119500  6.657270 123.519
3  4.753500  6.460870 121.983
3 -8.339120  0.169168 125.216
3 -7.927150  1.513860 125.212
1 -0.364308  0.600129 125.879
1  1.939830  1.090780 125.554
3  8.598910  1.829210 123.552
3 -6.807560  3.969630 125.144
3  7.763560  3.745900 125.068
3  8.315640  2.385960 125.148
3 -5.652330  4.785680 125.172
3 -3.296920  6.018940 125.192
3  5.871950  5.607140 125.121
3 -1.975190  6.670710 125.108
3  0.670544  6.781940 125.163
3  2.104360  6.985860 125.117
3  4.643360  6.442930 125.095
1 -0.503505  1.911090 126.505
1 -1.427980  1.779920 127.574
1 -1.767860  0.415157 127.688
1  3.129700  0.312443 125.882
1  3.997710  2.217250 127.273
1  4.130480  0.889588 126.787
3  8.319820  1.828650 126.683
3  8.572930  0.380704 126.644
3 -7.742650  2.169320 126.769
3 -7.083260  3.493920 126.751
1  0.523109  2.859690 126.545
1  0.696623  3.596000 127.823
1  1.826640  2.345410 126.189
1  2.828720  2.898730 127.018
1  2.124780  3.679020 128.045
3 -5.176630  5.227520 126.689
3 -3.819370  5.792820 126.764
3  7.418140  4.239380 126.668
3  6.452060  5.394200 126.666
3  0.051257  6.753770 126.710
3 -1.423410  6.745110 126.744
3  4.146770  6.678440 126.713
3  2.701680  6.896530 126.684