357

3  8.463880  -1.415180 54.9675
3  8.737130  -0.716218 53.7759
3  7.304970 -10.911600 39.9787
3 11.603700  -2.855940 40.1236
3 12.382500  -1.800580 39.7284
3 13.025200  -0.887304 40.5800
3  8.075370 -10.326700 40.9684
3  9.474180 -10.444500 41.1503
3 11.919900 -10.567300 40.5454
3  7.584600  -9.149290 41.6578
3  8.489340  -8.025230 41.6682
3 10.795700  -9.914500 41.0334
3 10.952900  -8.606380 41.5885
3  7.782660  -6.936230 42.3323
3  9.844940  -7.711600 41.3382
3 10.003100  -6.357730 40.9886
3  8.160700  -5.607810 42.2554
3  9.323780  -5.269600 41.5281
3  9.884240  -4.021840 41.7043
3 10.650300  -3.603010 40.5965
3 -1.687670  -1.870390 42.4933
3 -0.314057  -2.170570 42.3654
3 11.401700  -1.578120 42.6741
3 12.495200  -0.839673 41.8182
3  5.222470  -9.824790 44.5589
3  6.135630  -9.815630 43.6040
3  6.600540  -8.896230 42.7288
3  6.758130  -7.524490 43.1532
3  6.318340  -6.672200 44.2074
3 12.142900  -8.288070 42.2766
3 13.388100  -7.954210 42.7692
3 14.679200  -8.010260 43.1299
3 -0.302788  -4.909570 44.4391
3  7.752280  -4.766240 43.3007
3  6.773240  -5.287530 44.2569
3 -2.492910  -2.959570 42.7881
3 -2.814050  -3.283920 44.1128
3  0.481136  -4.012190 43.8926
3  0.506036  -3.038120 42.9631
3  8.729950  -3.915990 43.7822
3  9.736310  -3.354310 42.9036
3 10.442600  -2.230440 43.3884
3 -2.179220  -0.563266 42.6539
3 12.005400  -0.269004 43.2653
3  1.782150  -9.320120 46.8898
3  4.185290  -9.838280 45.3586
3  3.302920  -9.592200 46.3467
3 -1.000290  -7.534770 46.3239
3  5.774520  -6.776700 45.6630
3  5.923760  -5.579760 46.4930
3 -1.475200  -5.253270 45.1378
3 -1.620380  -6.266130 46.1722
3 -2.581220  -4.412710 44.9818
3  6.782770  -4.816040 45.6245
3  7.792640  -4.001030 46.1243
3 -3.406030  -4.259870 46.1605
3 -3.940590  -2.955240 46.1257
3 -3.600450  -2.316600 44.8647
3  8.731400  -3.637120 45.1533
3  9.571190  -2.641280 45.6485
3 -4.165440  -0.258401 46.0008
3 -3.689170  -0.921305 44.8071
2  0.934797  -0.868132 46.1328
2 -0.275775  -0.131524 46.4372
2  2.050470  -0.128426 45.6701
2  3.345080  -0.372101 46.2680
3 10.324100  -1.854120 44.7762
3 10.962400  -0.720458 45.3519
3 10.398800  -0.245206 46.6169
3  0.714636  -8.830260 47.7110
3  2.980350  -9.653560 47.9097
3 -1.941390  -6.472650 48.6394
3 -1.034780  -7.526200 48.7244
3 -0.370698  -8.007330 47.5075
3 -3.528980  -4.200520 48.5113
3 -2.304340  -5.903550 47.3891
3 -3.186270  -4.862600 47.3532
3  5.449230  -5.153520 47.7286
3 -4.313490  -2.297720 47.2829
3 -4.203520  -2.976730 48.4962
2  2.377450  -2.079430 47.7777
3  8.180620  -3.243330 47.3595
3  9.162030  -2.275560 46.9804
3  7.989800  -3.337320 48.7491
3 -4.306310  -0.901923 47.2425
3 -4.501450  -0.224475 48.4501
2 -0.010749  -1.744480 48.1223
2 -0.839599  -0.679629 47.6450
2  1.109680  -1.874420 47.1991
2  3.513490  -1.333530 47.2798
2  4.356710  -1.032480 48.4116
3 -5.175670  -0.919043 54.4530
3  9.297300  -0.638150 48.8257
3  9.702160  -1.116730 47.5345
3 -0.861561  -8.086280 50.0130
3  0.302176  -8.767520 50.1864
3  1.136980  -8.919010 49.0775
3  2.496760  -9.350480 49.1799
3  2.980630  -9.481580 50.4975
3  4.334650  -9.108630 50.7569
3 -2.467070  -6.715660 51.0677
3 -3.325200  -4.831220 49.7490
3 -3.736790  -4.255970 50.9541
3 -2.569930  -6.004250 49.8232
3  5.570490  -4.794010 49.0569
3  5.893530  -4.251980 50.2267
3 -4.371570  -2.312140 49.6981
3 -4.181630  -2.942750 50.9144
2  2.517530  -2.230750 49.2204
2  1.412090  -2.162540 50.0878
3  8.211310  -2.654810 50.0235
3 -4.852700  -0.233380 50.8188
3 -4.535750  -0.912168 49.6561
2 -1.438210  -0.042013 49.9835
2  0.104503  -1.930510 49.5171
2 -0.645636  -1.096770 50.4682
2  3.749840  -1.582710 49.6099
2  3.851360  -0.881694 50.8217
3  8.891900  -1.404960 50.0168
3 -1.276380  -8.219790 52.4052
3 -0.090623  -8.863330 52.5658
3  0.720974  -9.167530 51.4661
3  2.107980  -9.433590 51.6561
3  2.718580  -9.004920 52.8858
3  4.685650  -8.129270 51.6757
3  3.918740  -8.217630 52.8130
3 -1.652030  -7.862920 51.1277
3  5.441880  -6.901320 51.5474
3  5.750000  -6.033220 52.6035
3 -3.675500  -4.900290 52.1628
3 -3.140800  -6.186460 52.2081
3  6.609120  -4.061210 51.3822
3  6.469670  -4.840790 52.5952
3 -4.501830  -2.227240 52.0814
3  7.693070  -3.192510 51.2872
3  8.331000  -2.776480 52.5249
3 -4.950940  -0.921803 52.0483
2  0.247751  -0.768918 51.5642
2  1.500040  -1.448490 51.3431
2  2.705030  -0.809016 51.6997
3  8.775710  -1.438680 52.5569
3  8.883190  -0.772410 51.3005
3 -1.698780  -8.257410 54.8027
3  0.435844  -8.809760 53.8437
3 -0.342553  -8.563700 54.9873
3  1.842650  -8.764250 53.9651
3  2.342290  -8.188510 55.1447
3 -2.044310  -7.816040 53.5045
3 -3.062490  -6.842630 53.4317
3  4.233900  -7.402520 53.9175
3  5.230090  -6.445610 53.8575
3  5.875830  -6.033860 55.0319
3 -3.983640  -4.964390 54.5716
3 -3.588780  -6.305560 54.6165
3 -4.010360  -4.246890 53.3619
3  6.897100  -5.079320 54.9789
3  7.176610  -4.525590 53.7536
3 -4.599510  -2.183850 54.4872
3 -4.489330  -2.922960 53.3104
3  7.991770  -3.415720 53.7134
3  8.268280  -2.779770 54.9527
3 -5.244320  -0.207604 53.2401
3 -3.056150  -0.152346 43.7503
3  3.597290  -7.620930 55.1509
3  6.810480   0.591989 40.4647
3 14.208200  -0.269558 40.3417
3  2.032880   4.542930 40.5588
3 -3.345150   2.012340 42.5574
3 -2.453660   1.593130 41.5243
3 -1.622530   0.443813 41.8316
3 -0.272494   0.844976 41.4075
3  5.666880   1.301710 40.6696
3  7.891730   0.538350 41.2699
3  8.476190   1.224370 42.2924
3 -3.274170   3.414400 42.6340
3 -2.319070   3.955970 41.7204
3 -1.638370   2.797150 41.1764
3 -0.337304   2.170680 40.9476
3  3.173360   4.130990 41.1851
3  5.142410   2.448100 41.3000
3  3.872290   2.950770 41.0672
3  5.781100   2.837140 42.4640
3 -2.240080   5.364410 41.6854
3  0.939822   5.230970 40.9497
3  0.120396   6.223590 41.4843
3  3.559590   4.933340 42.1909
3 -1.294590   6.391400 41.2006
3 -1.838730   7.684830 41.6110
3  0.657670   7.026510 42.5206
3 -0.883153   8.702410 41.8273
3 -3.502110   1.221980 43.6860
3  2.805460   8.438520 54.9635
3 11.567400   0.190541 44.4704
3 -3.657340   4.084220 43.7561
3  6.620910   3.289720 43.3891
3  7.460500   3.608000 44.4356
3  8.896080   2.150100 43.2044
3  8.744130   2.935970 44.4098
3 -3.097070   6.115800 42.6137
3 -3.592890   5.469770 43.7479
3  2.614890   5.756390 43.1947
3  4.249470   5.741380 43.3742
3  5.667900   5.934310 44.1798
3 -2.607310   7.434340 42.7962
3 -2.039310   7.704780 44.1159
3 -0.049455   8.203940 42.8584
3 -0.667521   8.119590 44.1670
3  1.651690   6.659190 43.3903
3  1.502160   7.157720 44.6834
3  4.601060   7.070150 44.2412
3 -4.333620   1.132270 45.9695
3 -3.979680   1.872600 44.8371
2  0.761612   1.998650 45.6813
2 -0.375317   1.256410 46.1843
2  1.948630   1.303790 45.4364
2  3.166710   1.933900 45.8786
2  4.042110   0.894408 46.3676
3 11.552600   1.576410 44.8760
3 10.495000   1.972790 45.7617
3 -3.859360   3.257730 44.8688
2  0.751038   3.302500 46.3129
2  1.946640   3.917960 46.7066
2  3.182220   3.212880 46.4698
3  9.529500   2.956800 45.5472
3  9.010680   3.509150 46.7598
3 -4.131270   3.936100 46.0810
3 -4.017840   5.347570 46.0849
3 -3.563410   6.087500 44.9992
3  7.178470   4.508810 45.4387
3  6.286320   5.608790 45.3793
3  7.844580   4.302850 46.6818
3 -2.850460   7.260560 45.1925
3 -2.982270   7.986750 46.3856
3  0.325185   7.826610 45.2059
3  2.592040   7.566120 45.4898
3  2.110640   8.163190 46.6258
3  3.937940   7.305550 45.3855
3  4.685140   7.139010 46.5485
3  5.819450   6.318530 46.5333
3 -2.274860   9.181520 46.7377
3  0.691196   8.375200 46.4670
3 -4.803440   1.142500 48.4077
3 -4.595310   1.789670 47.1880
2 -1.028410   2.098380 47.1510
2 -1.569180   1.546700 48.3012
2 -1.465430   0.149108 48.5646
2  4.921220   1.168670 47.4318
3  9.837080   1.628540 48.0243
3 10.316600   1.115950 46.8115
3 -4.819620   3.935820 48.3826
3 -4.592220   3.205810 47.1942
2 -0.380103   3.374790 47.2015
2 -0.309116   4.080260 48.4221
2  4.893870   2.477130 48.0620
2  4.069060   3.496430 47.5717
2  3.368970   4.349720 48.5137
3  9.316830   2.943420 48.0092
3 -4.441640   5.273700 48.4510
3 -4.001120   5.997990 47.3085
2  0.937148   4.706850 48.8228
2  2.050180   4.598480 47.9800
3  6.346470   5.934980 47.7893
3  7.377270   4.955450 47.8236
3 -3.472410   7.265340 47.4878
3 -3.072410   7.635230 48.7828
3  2.854470   8.238790 47.7550
3  4.140020   7.647320 47.7391
3 -1.307000   9.009310 47.7769
3  0.078515   8.797350 47.6807
3  0.795898   8.744330 48.9289
3 -5.041920   1.156190 50.8113
3 -5.018770   1.852670 49.6170
2 -1.462950   1.277600 50.6036
2  5.121500   0.880909 49.7344
3  9.054820   1.386750 50.2527
3  9.444090   0.779393 49.0762
3 -5.233110   3.261600 49.5634
3 -5.421490   3.966990 50.7861
2 -1.574220   2.263010 49.5479
2 -0.927388   3.516840 49.6174
2 -0.049811   3.804980 50.7489
2  2.379950   4.327600 50.7818
2  5.027760   2.296640 49.4887
2  3.528850   4.205160 49.9023
2  4.377820   3.147060 50.4069
3  8.781770   3.522160 49.1346
3  8.885930   2.790700 50.3030
3 -4.444900   5.890230 49.7274
2  1.094860   4.547360 50.2523
3  7.489500   5.229660 50.2561
3  7.944610   4.640400 49.0857
3 -3.602940   6.981610 49.8768
3  4.757390   7.403590 48.9243
3  4.099260   7.697580 50.1559
3  6.466170   6.211360 50.1879
3  5.884400   6.552670 48.9619
3 -1.977080   8.522270 48.9022
3 -1.293850   8.554710 50.1348
3  0.080062   8.777000 50.1026
3  2.144610   8.459320 48.9476
3  2.835920   8.272350 50.1440
3 -5.343780   1.876050 51.9991
2 -0.602337   1.569670 51.6683
2  0.294797   0.533580 52.1069
2  1.520060   1.171290 52.5422
2  2.725580   0.500614 52.3281
2  4.560530   0.370775 50.9052
2  3.871350   1.231730 51.8398
3  8.420670   1.313520 52.5651
3  8.733760   0.632254 51.3634
3 -5.613900   3.249240 51.9873
2  0.074913   2.847300 51.7811
2  1.395400   2.614020 52.3582
2  2.507380   3.330690 51.8338
2  3.751950   2.612760 51.6039
3  8.420570   3.411370 51.4852
3  8.175890   2.681430 52.6167
3 -5.014460   5.324980 50.8574
3 -4.653370   5.816640 52.1582
3  6.559650   6.476040 52.6198
3  7.457290   5.392940 52.6628
3  7.895250   4.722790 51.5007
3 -3.692470   6.810580 52.2930
3 -3.060670   7.297040 51.1581
3 -1.864780   7.990900 51.2465
3  4.827530   7.614590 51.3527
3  4.177240   8.006910 52.5603
3  6.052740   6.885960 51.3646
3 -1.224320   8.208350 52.4691
3  0.778722   8.774190 51.3289
3  0.087901   8.622650 52.5365
3  2.172660   8.611010 51.3302
3  2.858340   8.414060 52.5073
3 -5.442410   1.164580 53.2067
3 -5.695000   1.833430 54.4197
3  8.472790   0.656058 53.7505
3 -5.785610   3.231370 54.4533
3 -5.717120   3.906310 53.2308
3  8.110760   3.397830 53.8115
3  8.296960   2.720510 55.0007
3 -5.151560   5.209050 53.3141
3 -4.768480   5.716010 54.5784
3  7.657710   4.724440 53.8397
3  7.317760   5.319180 55.0206
3 -3.631520   6.621330 54.7093
3 -3.013290   7.032630 53.5054
3 -1.831660   7.762050 53.5974
3  4.138620   8.019070 55.0355
3  4.780950   7.706130 53.8527
3  6.433840   6.446190 55.0196
3  5.984470   6.957270 53.8284
3 -1.292840   8.047720 54.8309
3  0.790691   8.555440 53.7150
3  0.065456   8.363130 54.8840
3  2.139760   8.495520 53.7228
2  5.059480   0.179445 48.4792
3  8.424630   1.339200 54.9808