296

3  0.509155 -8.050160 20.1626
3 -3.351800 -6.698810 20.1768
3 -0.882578 -7.804690 20.1774
3  3.176880 -7.915740 20.1776
3  4.470320 -7.355840 20.1937
3 -4.349970 -5.708210 20.1925
2  0.662409 -4.337460 20.1975
3  6.343870 -5.359790 20.1758
3 -6.910230 -2.438280 20.2690
3 -6.199940 -3.659800 20.2578
2 -2.348810 -2.485540 19.6094
2 -1.632320 -3.693480 19.3308
2  3.739230 -2.606900 19.9365
2  2.966730 -3.793290 19.9547
3  7.002810 -4.103120 20.2066
2  3.886070 -0.264241 20.2188
3  7.645370 -1.502200 20.1365
3  7.582320 -0.127120 20.1754
3  1.139600 -8.210890 21.4686
3 -2.875540 -7.190100 21.4887
3 -1.554990 -7.711090 21.5184
3  2.591890 -8.085860 21.4825
3  5.007630 -6.914960 21.4913
3 -5.742400 -4.170570 21.5752
3 -4.809260 -5.211120 21.5798
3  5.988670 -5.900570 21.4907
2 -0.711125 -3.951270 20.4647
2 -1.901580 -1.977980 20.8711
2 -0.937231 -2.891680 21.4945
2  1.842340 -3.824650 20.9065
2  0.223869 -2.263790 22.0223
2  1.574850 -2.726460 21.7540
3  7.373560 -3.559030 21.5313
3  7.674670 -2.154110 21.5036
3 -7.112510 -1.844080 21.5516
3 -7.394130 -0.441332 21.5335
2 -1.778780 -0.577809 21.0494
2 -0.668079  0.059466 21.6936
2  0.337711 -0.779493 22.1877
2  1.721080 -0.397562 22.0127
2  3.563710 -1.550410 20.9278
2  2.441990 -1.561370 21.6944
3  1.129930 -8.184090 24.1286
3 -3.426750 -6.817760 22.8106
3 -2.829180 -7.158310 24.1685
3 -0.921631 -7.813940 22.8097
3 -1.531510 -7.717410 24.1360
3  0.462571 -8.234100 22.8166
3  2.558430 -8.029450 24.1635
3  3.164850 -7.829200 22.8340
3  4.466950 -7.223710 22.8883
3  4.991960 -6.870140 24.1900
3 -5.709110 -4.162760 24.1731
3 -4.830930 -5.306520 24.2013
3 -4.416680 -5.778510 22.8390
3  5.994800 -5.900240 24.1637
3  7.214430 -4.231320 22.8682
3  6.427700 -5.422170 22.8277
3 -6.064990 -3.625010 22.9089
3 -6.841830 -2.404840 22.8968
3  7.428980 -3.589550 24.2245
3  7.691430 -2.175340 24.1894
3 -7.459060 -0.413422 24.2031
3 -7.025100 -1.796450 24.2446
3  7.837970 -1.547380 22.8405
3  7.661850 -0.157839 22.8675
3 -3.340820 -6.762520 25.4977
3 -0.886850 -7.886060 25.5011
3  0.497453 -8.248950 25.5292
3  3.159570 -7.772360 25.5039
3  4.484240 -7.175570 25.5387
3 -4.352580 -5.787670 25.5214
3  6.440840 -5.385990 25.5098
3  7.209820 -4.216980 25.5193
3 -6.734070 -2.375810 25.5290
3 -6.056870 -3.637090 25.4983
1 -2.529120 -0.581328 26.2841
1 -0.272230 -1.471580 25.9062
1 -1.365230 -0.615568 25.5218
1  0.947585 -0.797749 25.5409
1  2.051620 -0.979534 26.3448
3  7.686180 -1.557980 25.5440
3  7.603500 -0.150372 25.5403
3  1.134100 -8.257070 26.8352
3 -3.400290 -6.830170 28.1659
3 -2.840150 -7.277930 26.8324
3 -0.899868 -7.945200 28.1199
3 -1.535280 -7.808610 26.8058
3  0.481442 -8.267990 28.1615
3  2.568080 -8.067940 26.8514
3  3.234690 -7.932370 28.1489
3  4.526830 -7.318220 28.1704
3  5.055500 -6.907280 26.8698
3 -4.395020 -5.824810 28.1451
3 -4.767750 -5.289350 26.8469
3 -5.614740 -4.158460 26.8535
3  6.118680 -5.974070 26.8589
3  6.390060 -5.449330 28.1867
3  7.173220 -4.250100 28.2083
3 -6.581070 -2.361800 28.1965
3 -5.960480 -3.622180 28.1964
1 -1.477120 -2.090570 27.9415
1 -0.352486 -2.192610 27.1070
1  0.805997 -2.349150 27.9335
3  7.472610 -3.636720 26.8381
3  7.647360 -2.225000 26.8770
3 -6.888110 -1.797900 26.8855
3 -7.460060 -0.430973 26.8685
1 -2.556520 -1.283730 27.5130
1 -3.285400 -0.515662 28.5532
1  2.012030 -1.790400 27.5719
3  7.725400 -1.637300 28.2642
3  7.738260 -0.169225 28.2476
3 -2.873680 -7.156580 29.4897
3 -1.566570 -7.774100 29.4952
3  1.139340 -8.199420 29.5199
3  2.534470 -8.036880 29.4894
3  4.995250 -6.947970 29.5400
3 -5.813360 -4.280920 29.5153
3 -4.901260 -5.455090 29.4861
3  6.056310 -6.016070 29.5043
1 -1.077470 -2.200350 29.2878
1  0.359288 -2.449240 29.3268
3  7.392720 -3.653060 29.5252
3  7.680520 -2.250590 29.5562
3 -6.798980 -1.811320 29.5435
3 -7.325890 -0.550660 29.5287
1 -2.838080 -0.610109 29.8978
1 -1.699710 -1.464200 30.2755
1  1.077970 -1.846560 30.3442
1  2.229450 -1.151060 29.8894
1  2.801680 -1.194770 28.5994
3 -3.431410 -6.808150 30.8277
3 -0.853893 -7.851250 30.8604
3  0.552111 -8.082370 30.8595
3  3.147520 -7.834290 30.8025
3  4.441510 -7.260660 30.8320
3 -4.583610 -5.973010 30.8220
3  6.476180 -5.516420 30.8271
3  7.137700 -4.282730 30.8761
3 -6.712090 -2.519850 30.8522
3 -6.225750 -3.858550 30.8627
3  7.641100 -1.647600 30.8913
3  7.667550 -0.251432 30.8900
3 -7.453140  0.216469 20.2155
3 -7.477080  1.639160 20.2191
2 -2.218870  0.313442 20.0085
2 -1.291000  1.434060 19.9471
2  2.774330  1.899280 19.3653
2  3.123050  0.879540 20.4157
2  1.427000  2.349500 19.6493
3  6.305780  3.871030 20.2873
3  6.915920  2.587280 20.2486
3 -7.042390  4.386950 20.2477
3 -6.341280  5.616130 20.2789
3  4.625260  6.050710 20.3232
3 -4.301130  7.454590 20.3461
3 -2.968590  7.961400 20.3251
3  1.048470  8.054250 20.3347
3  3.595230  7.030830 20.2870
3 -0.326804  8.248660 20.3254
2 -0.367401  1.276560 21.0486
2  0.971851  1.691850 20.9236
2  2.028050  0.815798 21.3303
3  7.087700  1.950260 21.5939
3  7.496390  0.567852 21.5369
3 -7.467380  2.325980 21.5160
3 -7.232830  3.717150 21.5438
3 -5.866620  6.035250 21.6320
3  5.940070  4.433320 21.6245
3  5.035310  5.533110 21.6637
3 -4.802670  7.001650 21.6605
3 -2.376550  8.168570 21.6218
3  1.667680  7.838490 21.6850
3  2.991540  7.208410 21.6772
3 -0.951697  8.290450 21.6191
3 -7.512890  0.211234 22.8695
3 -7.486630  1.638830 22.8667
3  7.074930  1.856210 24.2621
3  7.505890  0.472166 24.2085
3 -7.427570  2.260110 24.2375
3 -7.083520  3.629440 24.2286
3  6.286850  3.871780 22.9464
3  6.903350  2.531690 22.9629
3 -6.941160  4.228320 22.9025
3 -6.340120  5.492190 22.9219
3 -5.905070  6.001260 24.3012
3  6.055560  4.404240 24.2936
3  5.165370  5.543870 24.3739
3  4.739770  6.027070 22.9909
3 -4.787660  6.885780 24.3366
3 -4.243970  7.292860 22.9395
3 -2.344390  8.042980 24.2772
3 -2.990790  7.935790 22.9383
3  1.128370  8.038470 23.0271
3  1.744190  7.735210 24.3343
3  3.041410  7.133880 24.3500
3  3.592390  6.917670 23.0012
3 -0.898008  8.142830 24.3161
3 -0.269173  8.259670 22.9863
3 -7.710150  0.192985 25.5192
3 -7.568060  1.622990 25.5556
1 -2.615300  1.938540 25.9982
1 -0.832163  0.610706 24.9208
1 -1.392460  1.860100 25.1987
1  0.624612  0.486775 24.9513
1  1.396660  1.576440 25.1978
1  2.532540  1.412430 26.0496
1 -0.578091  2.981940 25.5050
1 -1.233960  3.801730 26.4799
1  0.804035  2.850650 25.3913
1  1.636000  3.540030 26.3906
3  6.429060  3.796930 25.5656
3  6.881660  2.431170 25.5684
3 -7.001460  4.240470 25.5930
3 -6.363450  5.494220 25.6105
3  4.761560  5.954120 25.6935
3 -4.286990  7.289510 25.6583
3 -2.971400  7.848070 25.6299
3  1.168320  7.936800 25.6098
3  3.580470  6.707500 25.6811
3 -0.214960  8.178590 25.6499
3 -7.494630  0.171298 28.2072
3 -7.633490  1.588580 28.2428
1 -3.138110  0.720311 26.5555
1 -3.579110  0.755437 27.9225
1  2.860240  0.205370 26.6837
1  3.252450  0.063264 28.0687
3  7.110150  1.829810 26.9234
3  7.561840  0.418491 26.8651
3 -7.500640  2.230160 26.9318
3 -7.139520  3.622750 26.9271
1 -2.540080  3.187800 26.7567
1 -2.916380  3.141520 28.0913
1  2.759450  2.632650 26.7551
1  3.003310  2.461240 28.1531
3  6.383440  3.763520 28.2706
3  6.824510  2.408020 28.2455
3 -6.984080  4.166970 28.2909
3 -6.264790  5.374920 28.2540
3 -5.828740  5.889760 26.9492
1 -0.460170  4.440340 27.4316
1  0.944476  4.212280 27.4002
3  5.231220  5.490380 26.9973
3  4.770190  5.962410 28.3380
3  6.052680  4.345690 26.9665
3 -4.778060  6.831090 26.9880
3 -4.256420  7.199150 28.2903
3 -2.995050  7.828750 28.3045
3 -2.360200  8.028160 26.9758
3 -0.261710  8.217180 28.2945
3  1.791880  7.664750 26.9537
3  1.155140  7.916240 28.2896
3  3.045070  7.017400 26.9951
3  3.630530  6.783160 28.3190
3 -0.931165  8.176170 26.9526
1 -3.480420  1.926970 28.6568
1 -3.068820  1.885850 30.0750
1 -2.741110  0.624713 30.6654
1  3.424310  1.247860 28.7788
1  2.944550  1.244890 30.1488
3  7.063230  1.767180 29.5351
3  7.589670  0.427279 29.5667
3 -7.645980  2.218630 29.5850
3 -7.224040  3.579370 29.6387
1 -2.238080  3.063910 30.3530
1 -2.147420  3.830770 29.1131
1  2.426530  3.294010 29.1282
1  2.338190  2.532580 30.3392
3 -5.832170  5.834860 29.5665
1 -0.916595  4.431730 28.8084
1  0.286852  4.388960 29.6574
1  1.431150  4.225590 28.7460
3  5.152930  5.348570 29.6166
3  6.037020  4.274170 29.5976
3 -4.741320  6.775100 29.5997
3 -2.344360  8.071020 29.5940
3 -0.909162  8.061410 29.5939
3  1.826620  7.738740 29.6044
3  3.112490  7.099610 29.6202
3 -7.546950  0.107320 30.8713
3 -7.635570  1.526800 30.9251
1  2.396520  0.055722 30.6513
1 -1.018490  2.895110 31.1117
1  0.223824  3.527330 30.8229
1  1.271370  2.682200 31.2093
3  6.218230  3.624390 30.9103
3  6.867410  2.370250 30.8918
3 -6.955100  4.105700 30.9556
3 -6.170020  5.309860 30.9608
3  4.659630  5.739440 30.9456
3 -4.193710  7.110720 30.9292
3 -2.981760  7.866390 30.9440
3 -0.277466  8.085820 30.8889
3  1.139560  7.890720 30.9197
3  3.629180  6.712480 30.9367