287

1  0.577989 -0.849853 33.7018
3 -4.009410 -6.945380 33.9489
3 -3.390560 -7.266770 35.1624
3 -1.393120 -7.897300 33.9484
3 -2.075460 -7.746010 35.1611
3  0.000909 -8.018900 33.9479
3  0.698993 -7.988470 35.1603
3  2.744900 -7.531590 33.9463
3  2.077340 -7.744650 35.1590
3  4.013480 -6.936840 33.9425
3  4.600590 -6.562580 35.1570
3 -5.155590 -6.142340 33.9498
3 -5.669270 -5.667420 35.1631
3 -6.566810 -4.593070 35.1647
3  6.161800 -5.144640 33.9418
3  5.672180 -5.659990 35.1526
3 -7.533530 -2.741210 33.9495
3 -6.943500 -4.009820 33.9492
1  2.622740 -2.172740 33.8887
3  7.008150 -4.022120 33.9377
3  7.269210 -3.379140 35.1553
3 -7.736680 -2.071920 35.1620
3 -7.980680 -0.695755 35.1615
3 -8.015500 -0.000584 33.9478
1  1.816130 -1.055550 34.3035
1  4.031410 -0.340146 34.4104
1  4.000610 -1.749470 33.9537
3  8.042460 -1.405130 33.9443
3  7.759420 -2.067790 35.1525
3  8.194030 -0.000325 33.9467
3 -4.010580 -6.940960 36.3754
3 -3.391550 -7.262560 37.5890
3 -1.393640 -7.896860 36.3738
3 -2.076480 -7.743930 37.5865
3  0.000555 -8.019160 36.3730
3  0.698325 -7.988680 37.5855
3  2.743070 -7.535320 36.3721
3  2.076440 -7.745840 37.5850
3  4.011380 -6.942750 36.3702
3  4.599520 -6.569420 37.5844
3 -5.155790 -6.134340 36.3790
3 -5.677660 -5.655730 37.5903
3 -6.607220 -4.603420 37.5941
3  6.140780 -5.150520 36.3698
3  5.671250 -5.669250 37.5833
3 -7.542870 -2.732410 36.3809
3 -7.854420 -2.085210 37.5902
3 -6.943440 -3.997970 36.3767
2 -3.148270 -2.383640 37.8392
3  6.941380 -4.002220 36.3681
3  7.265740 -3.389120 37.5842
3 -8.151380 -0.705657 37.5877
3 -8.039420 -0.001723 36.3767
2 -4.879990 -0.620937 37.7798
2 -2.252920 -1.384240 37.3024
2 -2.664370 -0.072863 36.9872
2 -0.973148 -1.580790 37.9317
3  7.886930 -1.390240 36.3713
3  7.742740 -2.073850 37.5843
3 -4.015640 -6.933910 38.8006
3 -3.391870 -7.259090 40.0113
3 -1.393750 -7.895440 38.7986
3 -2.077000 -7.741730 40.0107
3  0.000197 -8.018510 38.7980
3  0.698118 -7.988250 40.0104
3  2.742210 -7.536060 38.7978
3  2.076030 -7.745800 40.0104
3  4.010410 -6.944880 38.7974
3  4.599230 -6.569880 40.0103
3 -5.170270 -6.135300 38.8042
3 -5.744350 -5.696700 40.0100
3 -6.736520 -4.680320 40.0105
3  6.142900 -5.155990 38.7973
3  5.671180 -5.670690 40.0103
3 -7.783060 -2.810800 38.7959
3 -7.114450 -4.068880 38.7958
3 -8.162340 -2.156910 40.0037
2 -4.904460 -2.284620 39.4390
2 -2.991120 -3.537100 40.1095
2 -1.085670 -2.648890 38.8914
2 -2.437950 -3.140020 38.8720
2 -0.382246 -2.598560 40.1019
3  6.945450 -4.009720 38.7973
3  7.268150 -3.390550 40.0105
3 -8.454880 -0.733904 40.0045
2 -5.532500 -1.145940 39.9245
2 -5.547610 -0.158720 38.9451
2 -4.466120 -1.999320 38.0982
2  0.572003 -0.429840 39.4490
2 -0.152197 -0.485161 38.2069
3  7.897290 -1.393570 38.7978
3  7.746850 -2.075690 40.0106
3 -4.019040 -6.933840 41.2212
3 -1.393690 -7.894880 41.2225
3  0.000144 -8.018190 41.2228
3  2.742150 -7.535980 41.2229
3  4.010300 -6.944880 41.2231
3 -5.181580 -6.143710 41.2187
3  6.142930 -5.155920 41.2233
3 -7.861920 -2.835280 41.2219
3 -7.151100 -4.078810 41.2221
2 -4.415860 -2.827450 41.8172
2 -4.306960 -3.086460 40.3965
2 -2.266800 -3.516400 41.3653
2 -0.968143 -3.017660 41.3498
3  6.945590 -4.009810 41.2235
2 -5.129120 -1.728530 42.2687
2 -5.610130 -0.899198 41.2560
2  0.361015 -1.163890 41.7843
2  0.457716 -1.463810 40.3794
3  7.897790 -1.393660 41.2233
3 -3.391970 -7.260310 42.4318
3 -4.012170 -6.937300 43.6445
3 -2.076940 -7.742460 42.4343
3 -1.393830 -7.896090 43.6468
3  0.698204 -7.988400 42.4352
3  0.000317 -8.018800 43.6477
3  2.076220 -7.745770 42.4356
3  2.742680 -7.535610 43.6483
3  4.599380 -6.569620 42.4360
3  4.010990 -6.943650 43.6497
3 -5.705310 -5.669940 42.4308
3 -6.666680 -4.636510 42.4284
3 -5.160710 -6.133500 43.6397
3  5.671290 -5.669950 42.4368
3  6.141890 -5.153250 43.6502
3 -7.640180 -2.762210 43.6419
3 -8.042580 -2.129190 42.4412
3 -6.989550 -4.010410 43.6427
2 -3.152050 -3.069210 42.4262
2 -2.751650 -2.173800 43.4448
2 -0.537985 -2.112930 42.3847
3  6.942850 -4.005390 43.6516
3  7.267060 -3.390020 42.4366
3 -8.325010 -0.725956 42.4412
3 -8.159200 -0.001322 43.6442
2 -4.835550 -0.887139 43.4098
2 -3.572400 -1.087150 43.9727
2 -1.387160 -0.318778 43.8458
2 -1.397900 -1.689320 43.4046
3  7.744960 -2.074950 42.4364
3  7.891000 -1.392080 43.6494
1  0.154546  0.485119 33.3784
1  0.978059  1.577900 33.6500
1  4.470180  1.999620 33.4961
3 -7.893460  1.392650 33.9480
3 -7.736880  2.069630 35.1625
1  2.256320  1.379110 34.2781
1  2.663760  0.069684 34.6037
1  4.878510  0.619444 33.8151
3  7.755010  2.071130 35.1563
3  8.016210  0.696104 35.1556
3 -7.261280  3.384760 35.1619
3 -6.944000  4.008460 33.9493
1  3.150600  2.381050 33.7479
3  6.993800  4.013480 33.9429
3  7.632880  2.759320 33.9403
3 -6.142350  5.155350 33.9492
3 -5.670570  5.665880 35.1644
3  5.159580  6.131840 33.9399
3  5.669010  5.660920 35.1561
3  6.572250  4.589990 35.1526
3 -4.010620  6.944550 33.9493
3 -4.599650  6.567700 35.1625
3 -2.742360  7.536030 33.9485
3 -2.076660  7.745620 35.1615
3 -0.000235  8.018880 33.9481
3 -0.698463  7.988770 35.1607
3  1.393840  7.896110 33.9473
3  2.075950  7.745180 35.1598
3  4.011880  6.936800 33.9449
3  3.391030  7.264900 35.1577
3 -7.905840  1.390110 36.3762
2 -4.031350  0.336157 37.1867
2 -4.001670  1.739270 37.6525
2 -1.818290  1.052600 37.2921
2 -0.575490  0.850978 37.8846
3  8.011540  0.001738 36.3721
3  7.742450  2.075650 37.5850
3  7.984860  0.698037 37.5856
3 -7.870930  2.092640 37.5903
3 -7.342420  3.398760 37.5889
3 -6.950270  3.999800 36.3804
2 -2.626030  2.164180 37.7167
3  6.939800  4.005230 36.3705
3  7.529040  2.736140 36.3695
3 -6.141350  5.143520 36.3770
3 -5.682900  5.662910 37.5936
3  5.155550  6.139600 36.3694
3  5.669950  5.671080 37.5843
3  6.568730  4.598330 37.5837
3 -4.011670  6.940330 36.3770
3 -4.603140  6.558260 37.5894
3 -2.743500  7.534140 36.3743
3 -2.077240  7.743790 37.5871
3 -0.000701  8.019180 36.3732
3 -0.699029  7.988030 37.5858
3  1.393410  7.897240 36.3726
3  2.075050  7.746290 37.5853
3  4.009780  6.944170 36.3716
3  3.390030  7.267700 37.5847
3 -8.401990  0.008711 38.7876
3 -8.267230  1.439510 38.7850
2 -5.503240  1.126960 39.3845
2  0.590435  0.938188 39.8966
2 -0.122158  1.730690 38.9307
3  8.019150  0.000436 38.7982
3  7.746530  2.076660 40.0105
3  7.989530  0.698559 40.0107
3 -8.185200  2.176950 40.0042
3 -7.568030  3.484840 40.0060
3 -7.098250  4.067290 38.8015
2 -4.785070  2.146550 38.7335
2 -3.056530  3.530160 39.7849
2 -4.348150  3.042280 39.7866
2 -2.183730  3.032250 38.7476
2 -0.908386  2.797610 39.3687
3  6.944750  4.011110 38.7976
3  7.535880  2.742840 38.7978
3 -6.217890  5.177420 38.7998
3 -5.732560  5.698470 40.0122
3  5.155370  6.143280 38.7974
3  5.670170  5.671730 40.0104
3  6.569700  4.600080 40.0105
3 -4.014190  6.935560 38.8022
3 -4.619280  6.562120 40.0113
3 -2.745140  7.530100 38.7994
3 -2.076930  7.741960 40.0108
3 -0.000908  8.018550 38.7981
3 -0.699088  7.987010 40.0105
3  1.392970  7.897190 38.7979
3  2.074810  7.746160 40.0104
3  4.009120  6.945700 38.7977
3  3.389620  7.267970 40.0104
3 -8.492780  0.007176 41.2264
3 -8.352530  1.452020 41.2274
2 -5.635050  0.407610 41.7007
2 -5.506610  1.366870 40.7617
2  0.379693  0.162913 42.2188
2  0.495414  1.231170 41.2599
3  8.019700  0.000362 41.2232
3 -7.174920  4.109770 41.2207
2 -4.821390  2.539520 41.0368
2 -2.354970  3.531100 41.0632
2 -1.010510  3.099890 40.7768
2 -0.319728  2.327150 41.7141
3  6.944890  4.011020 41.2233
3  7.536200  2.742840 41.2232
3 -6.253450  5.198560 41.2209
3  5.155360  6.143280 41.2233
3 -4.014260  6.933520 41.2203
3 -2.745430  7.528970 41.2221
3 -0.000893  8.018280 41.2228
3  1.392950  7.897020 41.2229
3  4.009130  6.945630 41.2230
3 -8.014240  1.400860 43.6430
2 -5.180020  0.484793 43.0325
2 -3.128300  1.405970 43.8844
2 -4.431910  1.636040 43.3237
2 -0.925453  1.937270 42.9605
2 -0.507066  0.596057 43.2652
3  7.744370  2.075970 42.4358
3  7.986880  0.698068 42.4358
3  8.012190  0.000818 43.6489
3 -7.993900  2.125040 42.4329
3 -7.430620  3.429330 42.4328
3 -6.980430  4.008600 43.6369
2 -4.290170  2.693620 42.3098
2 -2.931050  3.158020 42.3108
2 -2.218970  2.347020 43.2693
3  6.941150  4.007090 43.6499
3  7.531170  2.738540 43.6500
3 -5.699270  5.671030 42.4261
3 -6.152410  5.142330 43.6418
3  5.670140  5.671320 42.4363
3  6.569210  4.598990 42.4368
3  5.155720  6.140600 43.6508
3 -4.607820  6.555700 42.4311
3 -4.012420  6.937170 43.6425
3 -2.077180  7.742780 42.4340
3 -2.744290  7.532160 43.6460
3 -0.699101  7.987460 42.4350
3 -0.000760  8.018870 43.6475
3  2.075000  7.746150 42.4354
3  1.393330  7.897120 43.6481
3  3.389950  7.267690 42.4360
3  4.009730  6.944560 43.6489