288

3  0.850957 -8.554550 80.3462
3  0.189425 -8.409180 81.6532
3 -3.495470 -6.723950 81.6160
3 -2.935510 -7.090250 80.2763
3 -1.214490 -8.161000 81.6475
3 -1.807810 -7.942110 80.3062
3  2.206810 -8.261850 80.3326
3  2.862580 -8.146860 81.6517
3  4.132770 -7.488060 81.6254
3  4.654540 -7.072880 80.2963
3 -4.534150 -5.841540 81.5971
3 -5.019340 -5.440470 80.2582
3 -5.922310 -4.353590 80.2457
2  0.226109 -3.870250 80.6881
3  5.662870 -6.053930 80.3029
3  6.002050 -5.505660 81.6159
3  6.761280 -4.331520 81.6421
3 -6.715190 -2.390020 81.5507
3 -6.168270 -3.707590 81.5572
2 -1.184010 -3.669310 80.3598
2 -1.728350 -2.378080 80.6461
2  1.039790 -2.852780 81.2195
2  0.448619 -1.519770 81.4949
2  2.396710 -2.716320 80.8145
3  7.039880 -3.685020 80.3169
3  7.345070 -2.316710 80.3139
3 -6.851610 -1.737860 80.2325
3 -7.199300 -0.385079 80.2120
2 -0.862563 -1.325510 81.1856
2 -1.259230 -0.028726 80.6528
2  1.503980 -0.564695 81.2560
2  2.666310 -1.297060 80.8355
3  7.385590 -1.739220 81.6916
3  7.145700 -0.297787 81.6981
3  0.851264 -8.431000 82.9742
3  2.236250 -8.354470 82.9725
3 -2.951020 -7.150320 82.9462
3 -1.766120 -7.918330 82.9341
3  4.649030 -7.072790 82.9274
3  5.679480 -6.095190 82.9632
3 -5.014890 -5.404260 82.9141
3 -5.803990 -4.221820 82.9045
3  7.021120 -3.738120 83.0222
3  7.239800 -2.363420 83.0089
3 -6.955970 -1.775260 82.8909
3 -7.240840 -0.341843 82.8517
3  0.176129 -8.417990 84.2802
3  0.809253 -8.530300 85.5844
3 -3.598230 -6.784150 84.2763
3 -3.070470 -7.190550 85.6192
3 -1.211560 -8.187400 84.2883
3 -1.848880 -7.897290 85.6311
3  2.175970 -8.247290 85.5491
3  2.849090 -8.071780 84.2685
3  4.112200 -7.504940 84.2578
3  4.686770 -7.111740 85.5419
3 -4.627120 -5.878760 84.2316
3 -5.060210 -5.377190 85.6055
3  5.735180 -6.158830 85.5780
3  6.105820 -5.633720 84.2602
3  6.742200 -4.340730 84.3308
3 -6.756340 -2.300690 84.2637
3 -5.873690 -4.227890 85.6068
3 -6.254750 -3.667870 84.2353
3  6.910400 -3.716350 85.6563
3  7.139990 -2.372510 85.6451
3 -6.954320 -1.700270 85.5735
3 -7.316610 -0.312590 85.5723
1 -3.131260 -0.394193 85.3967
1 -0.898218 -0.344497 84.3464
1 -1.261210 -1.842370 86.1109
1 -1.965180 -1.097940 85.0765
1  0.357509 -0.649438 84.9202
1  0.186248 -1.622020 85.9892
3  7.013130 -0.295502 84.3519
3  7.224030 -1.721250 84.3574
3  0.101911 -8.460330 86.8543
3 -3.529900 -6.799450 86.9188
3 -1.252960 -8.149450 86.9006
3  2.766460 -7.964290 86.8591
3  4.095830 -7.501520 86.8670
3 -4.590970 -5.825790 86.9179
3  6.094460 -5.573640 86.8870
3  6.703580 -4.291370 86.8955
3 -6.678320 -2.272980 86.9136
3 -6.179290 -3.587880 86.9401
1 -3.055620 -1.233070 87.6888
1 -3.711410 -0.486717 86.6831
1 -1.837860 -1.945230 87.4006
1  1.038250 -1.534490 87.0816
1  1.914460 -0.389360 87.1164
3  7.198590 -1.667610 86.9074
3  7.095050 -0.228866 86.9322
3  0.812409 -8.393150 88.1894
3  0.143034 -8.384590 89.5108
3  2.169660 -8.173030 88.2189
3 -3.514180 -6.672960 89.5922
3 -3.006090 -7.129430 88.2329
3 -1.256360 -8.233620 89.5235
3 -1.847020 -7.987330 88.2295
3  2.755740 -7.938100 89.5165
3  4.060450 -7.387770 89.5273
3  4.594780 -7.110010 88.1477
3 -4.512200 -5.693600 89.6193
3 -4.901010 -5.270610 88.2720
3  5.623560 -6.117720 88.1956
3  6.141460 -5.597320 89.5146
3  6.770510 -4.313220 89.5153
3 -6.613760 -2.205020 89.5825
3 -5.961630 -3.526460 89.5940
3 -5.733930 -4.118950 88.2628
1 -0.936176 -1.793790 88.5194
3  6.947530 -3.703650 88.1813
3  7.177120 -2.294000 88.1906
3 -6.781950 -1.598950 88.2264
3 -7.292940 -0.284318 88.1822
1 -3.053400 -0.795398 89.0633
1 -1.708630 -1.034760 89.5588
1  0.472151 -1.701040 88.3892
1  1.194480 -0.706959 89.2696
1  2.095000  0.061969 88.4334
3  7.272640 -1.728000 89.5495
3  7.258480 -0.277977 89.5796
3  0.794315 -8.495090 90.8332
3 -3.072020 -7.179220 90.8875
3 -1.868810 -7.946250 90.8366
3  2.203850 -8.148420 90.8344
3  4.657580 -7.085010 90.8311
3 -4.958750 -5.217680 90.9276
3  5.726240 -6.144150 90.8833
3 -5.657250 -4.005580 90.9265
3  7.053020 -3.784200 90.8288
3  7.156140 -2.350060 90.8377
3 -6.805520 -1.648750 90.9635
3 -7.295170 -0.304623 90.9639
1 -1.101220 -0.187957 90.4457
1  0.328129  0.042604 90.2132
3 -7.462670  1.664900 81.5754
3 -7.360970  0.260559 81.5715
2 -0.242521  0.909164 80.4273
2  1.179960  0.747056 80.7416
3  6.464980  1.657700 80.3702
3  6.910550  0.315890 80.3481
3 -7.586770  2.334780 80.2476
3 -7.318250  3.742420 80.2461
3  5.646510  3.547360 81.6948
3  5.302030  4.074640 80.3777
3  6.112890  2.211500 81.6748
3 -7.083180  4.287780 81.5375
3 -6.427070  5.580390 81.5824
3  4.045960  5.714580 81.6614
3  4.377380  5.143370 80.3484
3 -5.988150  6.107250 80.2704
3 -4.835250  6.926470 80.2536
3 -4.265040  7.305300 81.6476
3 -3.128200  8.067100 81.6800
3 -2.553350  8.312070 80.3155
3 -0.505468  8.396200 81.6805
3 -1.169110  8.550480 80.3150
3  1.439380  7.955960 80.3293
3  0.856903  8.142830 81.6462
3  2.639090  7.200220 80.3393
3  3.046630  6.683730 81.7133
1 -1.190730  0.971494 83.8033
3  6.478060  1.661230 82.9793
3  6.933270  0.328593 83.0033
3 -7.565730  2.293680 82.9274
3 -7.296730  3.690640 82.9021
3  5.360060  4.064870 83.0208
3 -6.017710  6.021940 82.8722
3  4.586440  5.334320 82.9890
3 -4.954330  7.010640 82.9107
3 -2.611070  8.311080 83.0068
3 -1.190890  8.473740 83.0162
3  1.449060  7.898380 83.0563
3  2.584230  7.078080 82.9996
3 -7.404040  0.256347 84.2331
3 -7.514720  1.657480 84.2372
1 -3.370060  0.921693 84.8759
1 -2.479090  1.613180 84.0727
1  1.381350  0.319764 84.8126
1  1.152900  1.645200 84.2824
3  6.487450  1.713750 85.6224
3  6.976720  0.368029 85.6529
3 -7.637960  2.359090 85.5056
3 -7.359510  3.734680 85.5212
1 -2.189780  3.060120 84.2398
1 -2.898100  3.709330 85.2794
1 -0.145353  1.962830 83.7515
1 -0.798578  3.241180 84.1650
1  1.830630  2.584120 85.2031
1  1.158400  3.770280 85.5498
3  5.767850  3.599230 84.3410
3  5.452930  4.178550 85.6756
3  6.275760  2.255120 84.3339
3 -7.111570  4.287800 84.1542
3 -6.415340  5.529870 84.1988
3 -6.091950  6.056090 85.6185
1 -0.133555  4.128730 85.0326
3  4.222000  5.869930 84.3620
3  4.682130  5.389240 85.6977
3 -5.044580  6.978370 85.6110
3 -4.440760  7.308220 84.2958
3 -2.608000  8.300060 85.6555
3 -3.205610  8.044830 84.3549
3 -0.517013  8.361390 84.3514
3  0.864323  8.168190 84.3631
3  1.466230  7.997090 85.6905
3  2.641980  7.156750 85.6859
3  3.182500  6.797160 84.3860
3 -1.187660  8.420290 85.6865
3 -7.382910  0.322343 86.8592
3 -7.692800  1.701130 86.8351
1 -4.367150  0.729135 86.9939
1 -4.155880  1.626020 85.8898
1  2.482050  1.787130 86.2221
1  2.211260  0.397702 85.9857
1 -3.852980  2.971760 86.1040
1 -3.794880  3.502020 87.4465
1  2.461540  2.302080 87.5112
3  5.697670  3.557150 86.9608
3  6.311680  2.317930 86.9501
3 -7.168860  4.246840 86.8888
3 -6.553410  5.530000 86.9222
1 -2.255430  4.701300 86.1356
1 -2.854460  4.560730 87.4640
1 -0.878852  4.904250 86.0154
1  1.302370  4.382840 86.8782
1  0.020077  5.043880 87.1330
3  4.197920  5.864750 86.9972
3 -4.549130  7.421110 86.9404
3 -3.274640  8.046670 86.9847
3  0.873356  8.259010 86.9902
3  3.228670  6.808070 86.9795
3 -0.568959  8.377310 87.0126
3 -7.451130  0.292907 89.5798
3 -7.702370  1.692000 89.6168
1 -4.255620  1.205760 88.2671
1 -3.662960  0.445215 89.3776
1  1.564490  2.140360 89.7093
1  2.321580  1.452990 88.6962
3  6.539420  1.717370 88.2432
3  7.038880  0.366815 88.2504
3 -7.700780  2.288580 88.2817
3 -7.427170  3.666330 88.2802
1 -4.020730  2.617780 88.4569
1 -3.250590  2.733890 89.7016
1  1.353130  3.492340 89.2205
1  1.909650  3.570550 87.8556
1  0.112008  4.102820 89.5199
3  5.504730  3.446650 89.6084
3  5.315490  4.039800 88.2875
3  6.207770  2.235390 89.5740
3 -7.294980  4.291010 89.5824
3 -6.586990  5.525360 89.5872
3 -6.166160  6.010590 88.2281
1 -1.977510  4.587310 88.5933
1 -0.565210  4.833060 88.4428
3  4.603080  5.315090 88.2890
3  4.217340  5.789970 89.6486
3 -5.137370  7.015490 88.2512
3 -4.624400  7.373620 89.5819
3 -3.236070  7.835340 89.6199
3  0.855432  8.093260 89.6475
3  1.504350  8.016570 88.3274
3  2.677420  7.227300 88.3079
3  3.219560  6.850560 89.6139
3 -2.614440  8.139780 88.3106
3 -1.214920  8.304670 88.3064
3 -0.561875  8.234840 89.6208
1 -3.035570  1.404000 90.2480
1 -1.750040  1.105260 90.7668
1 -0.683622  2.092110 90.8057
1  0.548973  1.441780 90.4015
3  6.442680  1.670300 90.9082
3  6.931780  0.373966 90.9182
3 -7.730610  2.366350 90.9346
3 -7.533290  3.747180 90.9294
1 -2.214350  3.714380 89.7438
1 -0.924846  3.434110 90.3220
3 -6.268960  6.042220 90.9189
3  5.443450  4.061350 90.9385
3  4.625050  5.236470 90.9690
3 -5.206160  6.953170 90.9313
3 -2.643730  7.936930 90.9801
3  1.479390  7.849710 91.0033
3  2.783070  7.250850 91.0402
3 -1.225990  8.129810 90.9845