276

3 -4.882240 -6.737270  99.9696
3 -2.182780 -7.367010  99.9671
3 -0.724104 -7.116360  99.9301
3  1.905060 -6.551130  99.8702
3  3.265230 -6.153000  99.8841
3 -6.375310 -5.371790 101.5520
3 -5.978930 -5.787150 100.0020
3  5.543280 -4.786230  99.9151
3 -8.424600 -2.498730  99.9744
3 -7.757250 -3.857290  99.9627
3  6.694760 -3.841180  99.8846
3 -8.491320 -0.486896 101.5340
3  8.017650 -1.667280  99.8629
3  8.284650 -0.236283  99.8760
3 -4.671720 -6.524750 103.0760
3 -4.207000 -6.882190 101.4940
3 -2.788490 -7.304830 101.4960
3 -2.170300 -7.171960 103.1050
3 -0.725129 -6.938050 103.0280
3 -0.078178 -7.163480 101.4780
3  1.297430 -6.706560 101.4600
3  1.934610 -6.573710 103.0490
3  3.321930 -6.165580 103.0750
3 -7.330480 -4.327920 101.5490
3 -5.895520 -5.733720 103.1470
3  3.766430 -5.811070 101.4710
3  5.024430 -5.066810 101.5040
3  5.586920 -4.853340 103.0330
3 -8.223440 -2.539230 103.1000
3 -7.593000 -3.830230 103.1090
3  6.689520 -3.899140 103.0630
3  7.116060 -3.471200 101.4740
3  7.841470 -2.183990 101.4770
3 -8.459020 -1.940480 101.5780
3  8.211730 -1.629820 103.0710
3  8.580770 -0.239829 103.0740
3 -4.130080 -6.777470 104.6920
3 -2.712550 -7.141990 104.6200
3 -0.156064 -6.816750 104.6120
3  1.273190 -6.585690 104.6130
3 -6.252460 -5.365970 104.6990
3 -7.228760 -4.292200 104.7210
3  3.847030 -5.985000 104.6200
3  5.091650 -5.216100 104.6040
3  7.118350 -3.465000 104.5910
3  7.958210 -2.258050 104.6440
3 -8.316100 -1.921280 104.6800
3 -8.333350 -0.483134 104.7180
1  0.065543 -1.181330 105.5410
1  2.994420 -1.171960 105.5140
3 -4.667790 -6.628370 106.3280
3 -2.119700 -7.067620 106.2200
3 -0.689073 -6.885690 106.2250
3  1.897830 -6.602210 106.1930
3  3.346390 -6.222240 106.1990
3 -5.839370 -5.783470 106.2710
3  5.606160 -4.889460 106.1800
3 -8.203220 -2.488820 106.2530
3 -7.684180 -3.831680 106.2800
1  0.314413 -2.953390 107.2750
1  2.706430 -2.930160 107.2410
3  6.607530 -3.845640 106.1870
1 -1.084290 -0.687506 106.2870
1 -1.515350 -1.310810 107.4770
1  0.758282 -2.262180 106.1020
1  2.223610 -2.214280 106.1190
1  4.232640 -0.721074 106.2020
1  4.612780 -1.339070 107.3900
3  8.082870 -1.708520 106.2400
3  8.448660 -0.245780 106.2080
3 -4.622360 -6.465870 109.4300
3 -4.075090 -6.727800 107.8960
3 -2.640970 -7.085790 107.8150
3 -2.060880 -7.138740 109.3970
3 -0.613793 -7.090980 109.3400
3 -0.030576 -6.911510 107.7440
3  1.446470 -6.796320 107.7280
3  2.032880 -6.769700 109.3420
3  3.485670 -6.413550 109.3620
3 -6.301050 -5.386380 107.8530
3 -7.287830 -4.342270 107.8310
3 -5.861770 -5.739840 109.4520
3  3.936390 -6.102220 107.7270
3  5.201700 -5.280190 107.7630
3  5.608510 -4.906050 109.3880
3 -8.160190 -2.474490 109.3880
3 -7.641760 -3.797790 109.4050
1 -0.773770 -2.442800 107.9700
1 -0.696554 -2.366850 109.4260
1  1.485980 -3.405230 108.0600
1  1.545780 -3.226000 109.4250
1  3.843520 -2.432120 107.8520
1  3.903260 -2.379820 109.3410
3  7.054910 -3.446170 107.7780
3  7.850260 -2.209670 107.7350
3  6.718400 -3.959830 109.3570
3 -8.308740 -1.887950 107.8450
3 -8.359780 -0.389529 107.8470
1 -1.976000 -0.508501 108.6490
1  5.055230 -0.542106 108.5110
3  7.978700 -1.675910 109.3320
3  8.417300 -0.312257 109.3260
3 -3.987340 -6.621670 110.9750
3 -2.611810 -7.137290 111.0110
3 -0.017934 -7.044830 110.9480
3  1.452710 -6.818300 110.9520
3 -6.302540 -5.353050 110.9670
3 -7.392440 -4.395280 110.9620
3  3.989580 -6.130620 110.9390
3  5.254990 -5.338630 110.9870
1  0.434943 -2.758170 110.1570
1  2.816410 -2.769280 110.0650
3  7.006830 -3.448590 110.8820
3  7.897800 -2.220740 110.8900
3 -8.404990 -1.915670 110.9920
3 -8.271810 -0.445551 111.0060
1 -1.400890 -1.107690 109.8260
1 -0.884960 -0.327695 110.9000
1  0.275625 -0.771539 111.6730
1  0.936955 -1.932770 111.2650
1  2.372650 -1.985600 111.2220
1  3.085550 -0.792685 111.5910
1  4.237710 -0.350757 110.7840
1  4.643390 -1.183570 109.7220
3 -4.518510 -6.465090 112.5370
3 -2.042250 -7.158580 112.5900
3 -0.606789 -7.238440 112.5560
3  2.049790 -6.650540 112.5170
3  3.489360 -6.385790 112.5150
3 -5.843200 -5.717670 112.5640
3  5.772090 -4.973910 112.5360
3 -8.298310 -2.490570 112.5660
3 -7.738300 -3.877340 112.5660
3  6.725020 -3.890970 112.4790
3  8.027070 -1.647180 112.4630
3  8.419910 -0.258496 112.4610
3 -8.434360  0.156203  99.9263
3 -8.024210  1.538250  99.9158
3 -6.738860  3.849770  99.9740
3  7.493610  3.705370  99.8720
3  8.102210  2.384530  99.8771
3 -5.695730  4.810240  99.9308
3 -3.374840  6.089150  99.9290
3  5.799710  5.673670  99.9168
3 -2.012780  6.584460  99.9287
3  0.590053  7.015970  99.9095
3  2.063780  7.092630  99.8943
3  4.594340  6.421960  99.9049
3 -8.442620  0.144522 103.1240
3 -7.996810  1.592980 103.0760
3  8.365090  1.789840 101.4960
3  8.412810  0.330609 101.4840
3 -7.892550  2.156140 101.4880
3 -7.138850  3.409510 101.4560
3 -6.865480  3.941130 103.0530
3  7.478890  3.642080 103.0590
3  8.108100  2.365120 103.0410
3 -5.188280  5.217480 101.4960
3 -5.658030  4.937020 103.1130
3 -3.888540  5.794900 101.4880
3 -3.443200  6.213920 103.0120
3  5.803960  5.621650 103.0300
3  7.256440  4.188940 101.4950
3  6.333670  5.301310 101.4820
3 -2.061930  6.614680 103.0720
3 -1.430970  6.704780 101.4810
3 -0.040367  6.857100 101.4790
3  0.623317  7.076740 103.0490
3  2.036950  7.157850 103.0580
3  2.629420  7.025400 101.5120
3  4.579670  6.386980 103.0380
3  4.022960  6.658590 101.4990
1  0.161467  1.160710 105.4180
1  0.869414 -0.066112 105.0460
1  2.964270  1.119920 105.4310
1  2.253870 -0.061378 105.0540
3  8.282520  1.817360 104.6450
3  8.430240  0.400039 104.6140
3 -8.018560  2.233370 104.6560
3 -7.309960  3.560340 104.6760
3 -5.195140  5.246420 104.6970
3 -3.884200  5.907930 104.6450
3  7.325300  4.226900 104.5870
3  6.226330  5.252540 104.6280
3 -1.465960  6.714770 104.6080
3 -0.038606  6.949100 104.5690
3  2.641880  6.977740 104.6450
3  4.051160  6.565240 104.6360
3 -8.022760  1.613500 106.2430
3 -8.348540  0.130749 106.2750
1 -1.018450  0.793034 106.1500
1 -1.454500  1.622050 107.2310
1  4.162220  0.698277 106.1460
1  4.627320  1.507900 107.1840
3 -6.883410  4.015910 106.2370
1 -0.674255  2.787520 107.6380
1  0.408954  3.188020 106.8470
1  0.844022  2.293390 105.7730
1  1.606680  3.679580 107.5100
1  2.310120  2.336050 105.7310
1  2.741980  3.038980 106.8810
1  3.916170  2.725830 107.5720
3  7.561610  3.677520 106.1730
3  8.104040  2.329510 106.2640
3 -5.759040  4.917770 106.2460
3 -3.383210  6.013220 106.2470
3  5.866560  5.642530 106.2650
3 -1.976570  6.523890 106.2320
3  0.556750  7.052020 106.1620
3  1.951870  6.918440 106.1600
3  4.564260  6.331260 106.2400
3 -8.201660  0.107156 109.3920
3 -7.955650  1.545580 109.4100
1 -1.752280  0.898656 108.4540
1 -1.281970  1.649230 109.5680
1  5.065670  0.852526 108.3840
1  4.621070  1.707110 109.5140
3  8.265200  1.773050 107.7750
3  8.554600  0.330566 107.7530
3 -7.800900  2.161280 107.8350
3 -7.107550  3.444080 107.8280
3 -6.840490  3.882370 109.4120
1 -0.621110  2.819940 109.0480
1  1.650460  3.756230 108.9220
1  3.888050  2.816330 109.0170
3  7.484610  3.668300 109.2920
3  8.155890  2.328810 109.3180
3 -5.224130  5.226800 107.8380
3 -5.758970  4.978940 109.4490
3 -3.901060  5.845260 107.8430
3  5.887410  5.626560 109.2940
3  7.274420  4.158830 107.7240
3  6.287090  5.305970 107.7640
3 -3.322430  6.085730 109.3650
3 -2.007910  6.659410 109.3810
3 -1.479880  6.769510 107.7550
3 -0.058989  6.989440 107.7540
3  0.606032  6.943830 109.3420
3  2.064710  6.837900 109.3420
3  2.573000  6.909450 107.7550
3  3.987830  6.522660 107.7340
3  4.564540  6.308020 109.3320
1 -0.830551  1.105590 110.7730
1  0.317818  1.589890 111.3920
1  3.116000  1.589230 111.4210
1  4.203680  1.067760 110.6850
3  8.268740  1.763350 110.8900
3  8.501280  0.313319 110.8770
3 -7.865660  2.172570 111.0140
3 -7.150740  3.444220 111.0390
1  0.494990  3.408240 109.7230
1  0.930023  2.768150 110.9650
1  2.383770  2.683330 110.8870
1  2.786440  3.283530 109.6560
3 -5.221970  5.193490 111.0280
3 -3.919080  5.866420 110.9660
3  7.252660  4.145880 110.9160
3  6.286960  5.272570 110.9280
3 -1.463000  6.743870 110.9800
3 -0.001583  6.828380 110.9410
3  2.579290  6.894040 110.9380
3  3.997170  6.434870 110.9210
3 -8.244030  0.191778 112.5740
3 -8.027670  1.652120 112.5350
1  1.050450  0.460468 112.0160
1  2.423470  0.463243 111.9730
3 -6.811900  3.892510 112.6780
3  7.590010  3.643570 112.5040
3  8.173140  2.316280 112.4920
3 -5.728450  4.867470 112.6120
3 -3.437310  6.130340 112.5340
3  5.847590  5.650570 112.5070
3 -2.028040  6.597520 112.5600
3  0.573678  6.935830 112.5400
3  2.035710  6.913380 112.4960
3  4.558350  6.237290 112.5130