290

3 -3.885690 -6.682410 -2.481580
3 -2.406250 -6.945810 -2.515050
3  0.119053 -6.842540 -2.474040
3  1.614930 -6.646740 -2.502570
3 -6.110380 -5.273450 -2.467130
3 -7.212230 -4.333200 -2.473480
3  4.156240 -5.879800 -2.478700
3  5.411120 -5.181320 -2.473530
3  7.391470 -3.464860 -2.422560
3  8.066900 -2.158500 -2.378120
3 -8.256970 -1.864340 -2.552850
3 -8.181690 -0.410671 -2.534990
2  2.208900 -0.363967 -2.843940
3 -3.868930 -6.709630  0.685116
3 -1.894410 -7.020490 -0.897073
3 -2.459190 -6.966830  0.684266
3 -0.424325 -6.934680 -0.874150
3  0.150454 -6.989890  0.637950
3  2.126650 -6.495890 -0.883572
3  1.576090 -6.660810  0.656839
3 -6.078850 -5.209220  0.655531
3 -7.155060 -4.221550  0.686849
3 -4.423640 -6.475230 -0.898381
3 -5.643600 -5.647640 -0.906870
3  3.551600 -6.122390 -0.897979
3  4.066690 -5.936290  0.692321
3  5.877240 -4.869700 -0.880306
3  5.359560 -5.151690  0.711154
3 -8.125160 -2.408640 -0.914130
3 -7.614960 -3.797060 -0.894488
1 -1.614030 -2.905490  0.518248
3  7.034610 -3.884810 -0.878768
3  7.343530 -3.457360  0.708209
3  8.098550 -2.202140  0.685706
3 -8.228510 -1.863350  0.680486
3 -8.277050 -0.435379  0.615391
1 -4.088890 -1.366040  0.539654
1 -3.017950 -0.975572 -0.273047
1 -1.775630 -1.746690 -0.238230
1 -0.720915 -0.789338 -0.305140
1  0.485148 -1.102000  0.365415
3  8.315300 -1.700280 -0.806551
3  8.563030 -0.253528 -0.845450
3 -1.857310 -6.992000  2.215220
3 -0.451088 -7.187150  2.195330
3  2.159560 -6.594310  2.205000
3  3.531400 -6.106700  2.162280
3 -4.459840 -6.524580  2.239250
3 -5.619120 -5.706380  2.217890
3  5.882480 -4.899360  2.215040
3 -8.012010 -2.394950  2.276940
3 -7.416920 -3.758040  2.240580
1 -4.491810 -2.211880  2.680340
1 -3.867650 -2.487720  1.400670
1 -2.744540 -3.304560  1.386210
1 -2.181340 -3.830190  2.634930
1 -0.403688 -3.229850  1.257040
1 -0.745814 -3.676670  2.562100
3  6.988270 -3.889050  2.229510
1 -4.844850 -0.379588  1.291940
1 -5.076070 -0.933814  2.608380
1  0.680855 -2.385590  1.094760
1  1.489820 -2.013450  2.280530
1  1.780620 -0.620112  2.182330
3  8.315100 -1.671780  2.209550
3  8.569540 -0.236756  2.262620
3 -3.877540 -6.704580  3.809750
3 -2.430520 -7.062100  3.778770
3  0.153105 -7.075080  3.816630
3  1.612630 -6.924390  3.760450
3 -6.030710 -5.272100  3.795990
3  4.064450 -5.936400  3.736450
3  5.352420 -5.222840  3.810130
3 -7.004130 -4.231750  3.809320
1 -2.824060 -3.525950  3.870500
1 -4.014650 -2.725340  3.856150
1  0.088109 -3.475980  3.703250
1  1.185500 -2.543040  3.566780
3  7.350410 -3.497640  3.869250
3  8.158700 -2.189410  3.829540
3 -8.260760 -1.859110  3.812330
3 -8.463280 -0.384989  3.791560
1 -5.056990 -0.132286  3.762720
1  1.567220 -0.315180  4.645560
1  1.173030 -1.614170  4.703680
3 -4.456020 -6.498150  5.409040
3 -1.884590 -7.180640  5.375860
3 -0.480829 -7.225510  5.355560
3  2.211890 -6.771420  5.342360
3 -5.683030 -5.674640  5.355870
3  3.502430 -6.086450  5.329960
3  5.791590 -4.857410  5.425490
3 -7.933660 -2.440400  5.357080
3 -7.447480 -3.777800  5.347710
1 -2.805350 -2.225180  5.807760
1 -2.049390 -3.181650  5.064630
1 -0.622385 -3.163890  4.986270
3  6.877160 -3.833570  5.470270
1 -4.031730 -1.976980  5.128060
1 -4.512950 -0.630992  5.012270
1 -2.106530 -1.150180  6.469950
1 -0.643745 -1.097360  6.316360
1  0.135558 -2.059520  5.604610
3  8.350620 -1.727770  5.409840
3  8.559480 -0.253412  5.438280
3 -3.908330 -6.701740  6.987100
3 -4.420210 -6.430200  8.581800
3 -2.510830 -6.948920  6.953250
3 -1.910720 -7.140930  8.529390
3  0.130932 -7.133650  6.949720
3 -0.470447 -7.090450  8.503170
3  1.579930 -6.936550  6.949650
3  2.136440 -6.703610  8.543940
3 -6.141720 -5.388230  6.971030
3 -5.664890 -5.707170  8.573080
3  3.491130 -6.121330  8.504060
3  4.023610 -5.808990  6.912930
3  5.396550 -5.308930  6.977420
3  5.758080 -4.958470  8.588400
3 -8.042290 -2.413480  8.523280
3 -7.084740 -4.254780  6.945850
3 -7.531790 -3.796410  8.520460
3  6.858200 -3.967940  8.599420
3  7.279020 -3.509210  6.994520
3  8.129010 -2.267780  7.014180
3 -8.219980 -1.904650  6.917860
3 -8.412970 -0.458719  6.940080
3  8.247470 -1.660860  8.570560
3  8.351410 -0.248095  8.568670
3 -3.951930 -6.686490 10.122000
3 -2.500940 -7.033100 10.055800
3  0.090813 -7.098010 10.105900
3  1.538170 -6.855670 10.081500
3 -6.182400 -5.262750 10.143200
3  4.013440 -5.965590 10.105400
3  5.365960 -5.414460 10.140200
3 -7.299730 -4.325170 10.121100
3  7.223800 -3.509430 10.172000
3  7.872830 -2.207240 10.114800
3 -8.324770 -1.888060 10.113100
3 -8.382920 -0.437167 10.101700
2 -3.017610 -0.235332 10.585300
2 -0.941287 -1.477710 10.449000
2  0.398252 -1.078590 10.824000
2 -2.917850 -2.612020 11.315700
2 -1.552450 -2.684960 10.922000
2 -3.671710 -1.414670 11.083700
2  0.978470  1.809970 -2.873300
2  1.014880  0.352045 -2.843170
3  8.482980  1.828710 -2.462440
3  8.571680  0.335427 -2.459470
3 -7.702780  2.220980 -2.520830
3 -7.211830  3.644950 -2.528100
3  7.299850  4.182820 -2.471930
3 -5.227280  5.289690 -2.553690
3 -3.897320  5.990080 -2.513210
3  6.414900  5.307540 -2.444800
3 -1.401420  6.789970 -2.518040
3  0.007312  7.157470 -2.509890
3  4.096570  6.643720 -2.481150
3  2.695760  6.944120 -2.487710
3 -8.171330  0.134545 -0.965910
3 -7.812370  1.576090 -0.932825
1 -2.685650  0.458006 -0.397841
1 -3.366870  1.424490  0.338960
1 -1.193950  0.534493 -0.444166
1 -0.460548  1.590050  0.145500
3  8.350280  1.790790  0.727989
3  8.589590  0.352691  0.688834
3 -7.812730  2.191990  0.638723
3 -6.931530  4.017930 -0.925509
3 -7.228080  3.494740  0.668102
3  7.584650  3.690680 -0.858398
3  7.212270  4.210650  0.712799
3  8.262250  2.403840 -0.854927
3 -5.784020  4.972530 -0.945040
3 -5.248250  5.279000  0.620886
3 -4.054600  6.058970  0.651434
3 -3.407900  6.280800 -0.888537
3  5.911270  5.725230 -0.883896
3  6.340060  5.380280  0.734047
3 -1.973130  6.589410 -0.913089
3 -1.457800  6.666780  0.621042
3  0.018013  7.008940  0.649124
3  0.611017  7.079130 -0.943294
3  2.072460  7.032160 -0.914673
3  4.100850  6.603570  0.679239
3  2.596720  6.842060  0.689390
3  4.611050  6.417730 -0.859898
3 -8.379460  0.174614  2.212240
3 -8.015430  1.598700  2.220840
1 -4.434460  0.935873  1.253210
1 -4.358470  1.760530  2.442720
1  0.738916  1.288500  0.930527
1  1.301980 -0.053731  0.975004
3 -6.834390  3.925020  2.246390
1 -2.662010  2.436430  1.076660
1 -3.325350  2.689940  2.317940
1 -1.257560  2.539960  0.931464
1 -0.477622  2.876230  2.151080
1  0.731403  2.067680  2.074560
3  7.605030  3.745080  2.255100
3  8.205710  2.385860  2.279540
3 -5.713130  4.871430  2.206300
3 -3.489050  6.236530  2.259810
3  5.932560  5.777680  2.321950
3 -2.026760  6.616300  2.214850
3  0.596783  6.938650  2.247790
3  2.049740  6.936010  2.271410
3  4.614250  6.423040  2.284070
1 -4.724130  1.237440  3.682110
1  1.310310  1.574280  3.238290
1  1.869670  0.213893  3.347360
1  0.591056  1.855250  4.448140
3  8.221270  1.770080  3.852460
3  8.532760  0.358898  3.843800
3 -7.787950  2.083500  3.831360
3 -7.198900  3.420490  3.848370
1 -2.536260  3.063500  3.435870
1 -1.176940  3.178560  3.331420
3 -5.254950  5.173320  3.787820
3 -4.072680  5.985460  3.771100
3  7.271410  4.227950  3.850080
3  6.296910  5.334230  3.815310
3 -1.432850  6.736490  3.816970
3  0.001967  7.000260  3.823940
3  4.006810  6.550340  3.875000
3  2.593550  6.832630  3.821270
3 -8.494590  0.201342  5.406320
3 -8.052280  1.554830  5.422760
1 -3.857110  0.459815  5.715940
1 -3.979490  1.591290  4.905500
1 -2.625120  0.185157  6.373590
1 -1.504550  1.112380  6.253430
1 -0.297650  0.322398  6.175740
1  0.693955  0.714894  5.298690
3 -6.781830  3.805020  5.437230
1 -2.917790  2.510810  4.733420
1 -1.653420  2.223270  5.414520
1 -0.592832  2.659970  4.557040
3  7.546340  3.659160  5.411050
3  7.985700  2.302480  5.455770
3 -5.755450  4.821010  5.387780
3 -3.499790  6.182860  5.340010
3  5.816010  5.606980  5.414920
3 -2.074110  6.568760  5.375080
3  0.582227  6.993460  5.343890
3  2.028780  6.942870  5.370230
3  4.645620  6.454280  5.438200
3 -8.441220  0.102604  8.546600
3 -8.027370  1.522710  8.501190
3  8.210000  1.816550  7.047440
3  8.482190  0.326240  7.008470
3 -7.783270  2.042840  7.028400
3 -7.212210  3.404420  7.022130
3 -6.844250  3.925910  8.569620
3  7.506120  3.708310  8.563730
3  8.032170  2.282110  8.495900
3 -5.270370  5.174040  6.990560
3 -5.817460  4.923330  8.547850
3 -3.980900  5.916840  6.941940
3 -3.424830  6.266120  8.511200
3  5.820920  5.657250  8.571230
3  7.345780  4.261590  6.976040
3  6.359620  5.350990  7.001150
3 -2.065940  6.601100  8.508850
3 -1.502060  6.713590  6.901060
3 -0.048279  6.883650  6.936460
3  0.509267  6.964750  8.500890
3  1.955590  6.866060  8.550100
3  4.044970  6.656160  7.003710
3  2.601600  6.904240  6.974310
3  4.511280  6.280060  8.545770
2 -1.674210 -0.262048 10.186000
2 -0.882369  0.919559 10.525200
3  8.208090  1.747800 10.091900
3  8.402750  0.331134 10.098700
3 -7.801500  2.076140 10.128800
3 -7.172690  3.381870 10.129100
3 -5.272380  5.149250 10.130700
3 -3.990530  5.951650 10.086000
3  7.215270  4.165750 10.086600
3  6.248160  5.259800 10.135900
3 -1.516520  6.665610 10.114700
3 -0.116197  6.883660 10.086800
3  2.550130  6.834500 10.161300
3  3.989180  6.536020 10.134100
2 -3.565640  0.894245 11.268500
2  0.444977  0.370042 10.908200
2 -1.412590  2.033090 11.241200