293

3 -4.238320 -6.829890 69.9727
3 -2.836030 -7.104590 69.9714
3 -0.129100 -6.974940 70.0121
3  1.302400 -6.761160 70.0389
3 -6.493620 -5.466110 69.9956
3 -7.549640 -4.387990 69.9628
3  3.740140 -5.894350 70.0199
3  5.064690 -5.219020 70.0089
2 -2.714380 -2.718180 69.8626
2 -0.307738 -3.058710 70.4585
2  0.839508 -2.169530 70.4600
3  6.913830 -3.351350 69.9740
3  7.634270 -2.120710 70.0116
3 -8.504450 -1.913490 69.9617
3 -8.600800 -0.467518 69.9876
3 -4.851790 -6.596610 71.5811
3 -4.293950 -6.924420 73.1131
3 -2.832240 -7.135820 73.0888
3 -2.208850 -7.109270 71.5396
3 -0.759394 -7.091170 71.5456
3 -0.217217 -6.941700 73.1514
3  1.226450 -6.764420 73.1453
3  1.835510 -6.648890 71.5987
3 -6.555850 -5.397100 73.0759
3 -7.585740 -4.367460 73.1033
3 -6.157070 -5.898930 71.5671
3  3.158460 -6.157940 71.6029
3  3.785390 -5.940620 73.1916
3  5.510290 -4.795800 71.6087
3  5.042230 -5.201900 73.1484
3 -8.362820 -2.475630 71.5359
3 -7.918960 -3.885400 71.5324
2 -4.110240 -2.629850 71.7378
2 -2.976110 -3.289580 71.1555
2 -2.017510 -3.897080 71.9860
2 -0.668252 -3.667690 71.6480
2  0.091923 -3.552750 72.8600
2  1.144790 -2.615120 72.8489
3  6.516250 -3.785000 71.5920
3  6.955440 -3.380740 73.0852
3  7.705450 -2.143690 73.1632
3 -8.500350 -1.889630 73.1360
3 -8.564540 -0.462596 73.1495
2 -4.595590 -1.617680 70.8691
2 -5.024570 -0.410638 71.4702
2  1.610600 -1.934140 71.6469
2  1.929770 -0.591787 72.0180
2  1.776880 -0.469379 73.4295
3  7.888730 -1.552850 71.6000
3  8.207070 -0.161557 71.5718
3 -4.812320 -6.611530 74.6697
3 -2.229730 -7.176510 74.6945
3 -0.769822 -7.057010 74.7147
3  1.864070 -6.626920 74.7164
3  3.196610 -6.125050 74.6887
3 -6.161560 -5.885740 74.6501
3  5.420730 -4.805020 74.6913
3 -8.431030 -2.482820 74.6755
3 -7.875420 -3.842960 74.6797
2 -4.317770 -2.617810 73.1040
2 -3.237760 -3.162620 73.9982
2 -2.146050 -3.818150 73.4231
2 -0.816548 -3.520540 73.9365
2 -0.641155 -2.651090 74.9972
3  6.522060 -3.836880 74.6914
2 -5.109030 -0.298312 72.9127
2 -4.763610 -1.407060 73.7387
2  1.359770 -1.711950 73.9309
2  0.449450 -1.711060 74.9692
3  7.875320 -1.587000 74.7168
3  8.178250 -0.126044 74.7528
3 -4.308740 -6.780750 76.2775
3 -2.866640 -7.053720 76.2823
3 -0.198268 -6.967430 76.2636
3  1.225930 -6.658620 76.3224
3 -6.573320 -5.443000 76.2370
3 -7.419370 -4.265000 76.2268
3  3.753950 -5.973750 76.3204
3  5.050790 -5.163030 76.3051
2 -3.067850 -2.297750 75.1678
2 -1.770480 -2.050470 75.6600
3  6.947340 -3.384040 76.2678
3  7.714020 -2.179840 76.2935
3 -8.609450 -2.012100 76.3451
3 -8.653070 -0.498560 76.3071
2 -3.999920 -1.190340 74.9606
2 -3.545550  0.123127 75.2663
2 -1.370510 -0.697846 75.9527
2  0.015333 -0.505932 75.6257
3 -4.835650 -6.563870 77.8632
3 -2.270960 -7.130570 77.8830
3 -0.828432 -6.988520 77.8449
3  1.765560 -6.619980 77.9489
3  3.219890 -6.233740 77.9407
3 -6.067920 -5.729730 77.8684
3  5.496550 -4.855730 77.9083
3 -8.435700 -2.565910 77.8949
3 -7.765470 -3.871630 77.8583
3  6.547140 -3.845740 77.8359
3  7.963730 -1.594700 77.8912
3  8.199080 -0.117298 77.9265
3 -4.259350 -6.664410 79.4657
3 -4.786640 -6.479260 81.0608
3 -2.875730 -7.074530 79.4740
3 -2.245280 -7.255330 81.0510
3 -0.813745 -7.041350 81.0426
3 -0.285824 -6.901680 79.4616
3  1.150580 -6.548700 79.4724
3  1.779190 -6.522450 81.0492
3  3.178590 -6.032710 81.1004
3 -6.496010 -5.414410 79.4682
3 -7.587350 -4.382910 79.4667
3 -6.081330 -5.786670 81.0093
3  3.751480 -5.861780 79.5072
3  5.075540 -5.166330 79.4727
3  5.522490 -4.786620 81.0675
3 -8.483020 -2.606600 81.0748
3 -7.965160 -3.970270 81.0865
3  6.579110 -3.778090 81.0445
3  6.927410 -3.414640 79.4628
3  7.718260 -2.189120 79.5162
3 -8.639170 -1.971130 79.4799
3 -8.624790 -0.550727 79.4158
3  7.938240 -1.586360 81.0951
3  8.194870 -0.123666 81.0771
3 -4.207370 -6.770680 82.6410
3 -2.817080 -7.181930 82.6341
3 -0.202982 -6.998100 82.6289
3  1.178840 -6.561300 82.6657
3  3.719890 -5.866790 82.6844
3 -6.555450 -5.452700 82.6228
3 -7.603580 -4.442300 82.6184
3  4.966540 -5.112890 82.6580
3  6.936530 -3.337610 82.6232
3  7.759150 -2.119430 82.6580
3 -8.550520 -1.906740 82.6237
3 -8.555740 -0.502813 82.6143
3 -4.818130 -6.643660 84.1492
3 -2.217100 -7.208960 84.2010
3 -0.804187 -7.092730 84.2162
3  1.771300 -6.536810 84.2507
3  3.133490 -5.954420 84.2180
3 -6.023120 -5.815520 84.1939
3  5.396750 -4.772880 84.1803
3 -8.361340 -2.501780 84.1859
3 -7.838730 -3.913110 84.1799
3  6.488340 -3.763280 84.2060
3  7.864740 -1.537100 84.1910
3  8.198250 -0.138090 84.1575
2 -3.604590  0.878208 69.8696
2 -2.492060  1.870900 69.8132
2 -0.037578  1.373480 69.8175
2  0.803091  0.262738 70.0186
2  1.640970  0.508293 71.1954
3  8.135910  1.902400 69.9865
3  8.242250  0.432586 69.9662
3 -7.817080  2.070610 70.0280
3 -7.109610  3.373330 70.0193
2  0.134052  2.306750 70.9243
3  7.285230  4.348820 69.9830
3 -5.294160  5.172760 69.9629
3 -4.019310  5.837480 69.9894
3  6.389030  5.549170 69.9770
3 -1.526600  6.802410 70.0061
3 -0.058308  7.120810 69.9655
3  2.568700  7.256000 70.0411
3  3.994810  6.830720 69.9882
3 -8.527590  0.138108 71.5595
3 -8.020810  1.506270 71.6244
2 -4.479650  0.808089 70.9961
2 -4.246390  1.670540 72.0868
2  1.214440  1.775320 71.7857
2  1.060440  1.871270 73.1669
3  8.152010  1.958030 73.0921
3  8.209110  0.484486 73.1503
3 -7.917990  2.055640 73.1438
3 -7.247380  3.364980 73.1818
3 -6.802590  3.833260 71.6145
2 -2.307970  2.697890 70.9952
2 -3.199220  2.574290 72.0979
2 -0.965513  2.931530 71.5084
2 -1.058580  3.116130 72.9573
3  7.553840  3.837400 71.5051
3  7.217390  4.377310 73.1042
3  8.100120  2.482020 71.5628
3 -5.818550  4.880250 71.5689
3 -5.319570  5.169880 73.1860
3 -4.045820  5.894820 73.1635
3 -3.479840  6.119320 71.5609
3  5.824220  5.902410 71.5577
3  6.143390  5.388900 73.1425
3 -2.102130  6.601110 71.5685
3 -1.603420  6.784140 73.1635
3 -0.168233  7.128970 73.1513
3  0.471089  7.171030 71.5714
3  1.919370  7.216530 71.6355
3  2.525010  6.994470 73.1818
3  3.924280  6.616390 73.1683
3  4.500540  6.528970 71.6016
3 -8.596800  0.082859 74.7549
3 -8.047500  1.448130 74.7103
2 -4.621060  0.998548 73.3144
2 -3.840390  1.226650 74.4402
2 -2.735000  2.210390 74.4920
2 -0.381812  1.849240 75.0322
2  1.471420  0.761758 74.0454
2  0.514846  0.704419 75.1599
3 -6.756300  3.771780 74.7729
2 -2.463480  2.862110 73.2682
2 -0.036511  2.542430 73.7621
3  7.617450  3.945950 74.6615
3  8.092870  2.548770 74.6715
3 -5.768440  4.843710 74.7488
3 -3.494990  6.095570 74.7305
3  5.771210  5.767330 74.6863
3 -2.129490  6.610450 74.7181
3  0.417042  7.106530 74.7300
3  1.833870  7.036940 74.7505
3  4.456890  6.529030 74.7191
2 -2.223390  0.351249 75.8651
2 -1.743180  1.613700 75.3290
3  8.065380  1.938960 76.2308
3  8.089840  0.500082 76.3280
3 -7.908720  2.016430 76.3214
3 -7.106680  3.264060 76.3327
3  7.300130  4.468280 76.2643
3 -5.322160  5.118410 76.3132
3 -4.077710  5.890270 76.3361
3  6.348100  5.556660 76.2756
3 -1.589160  6.831300 76.2857
3 -0.146132  7.146640 76.2744
3  2.445840  7.008850 76.3510
3  3.830490  6.652740 76.3046
3 -8.591050  0.101915 77.9052
3 -8.108900  1.500220 77.8786
3 -6.872250  3.793890 77.8876
3  7.578430  3.902010 77.8539
3  8.009640  2.491650 77.8548
3 -5.825370  4.826940 77.9154
3 -3.517010  6.244630 77.9065
3  5.725600  5.878410 77.8403
3 -2.124960  6.685130 77.8723
3  0.424678  7.068950 77.8504
3  1.860780  7.031650 77.8779
3  4.464790  6.637270 77.8888
3 -8.491630  0.047127 81.0020
3 -8.091680  1.489370 81.0347
3  8.226170  0.466181 79.4517
3  8.113670  1.894590 79.4540
3 -7.974130  2.082890 79.4442
3 -7.192950  3.297400 79.4834
3 -6.785130  3.717340 81.0817
3  7.294880  4.465080 79.4447
3  7.393360  3.856530 81.0156
3  7.848720  2.507120 81.0168
3 -5.284700  5.084180 79.4844
3 -5.747030  4.754200 81.0575
3 -4.040610  5.856470 79.4848
3 -3.555150  6.146230 81.0303
3  5.754330  5.810530 81.0071
3  6.262960  5.519200 79.4044
3 -2.119340  6.655460 81.0777
3 -1.549110  6.610520 79.4946
3 -0.162905  6.957310 79.4457
3  0.480772  7.175520 80.9934
3  1.898370  7.067600 80.9798
3  3.950820  6.729840 79.3938
3  2.509930  7.025850 79.3831
3  4.486520  6.608490 80.9761
3  8.252690  0.454397 82.6780
3  7.956860  1.900170 82.6266
3 -7.771600  1.969190 82.6182
3 -7.169150  3.264970 82.6449
3 -5.278660  5.072840 82.6179
3 -4.025100  5.849940 82.5761
3  7.330380  4.527620 82.5866
3  6.325030  5.593350 82.5632
3 -1.495300  6.529670 82.5898
3 -0.136772  7.088390 82.5983
3  3.885130  6.713770 82.5540
3  2.483380  7.047160 82.5711
3 -8.402600  0.065666 84.1560
3 -8.021850  1.449200 84.1903
3 -6.843750  3.795950 84.1400
3  7.526750  3.918620 84.2105
3  7.953840  2.490400 84.1882
3 -5.694760  4.653040 84.1856
3 -3.415990  6.062450 84.1366
3  5.795970  5.811170 84.1707
3 -1.998150  6.499950 84.1243
3  0.464724  7.117020 84.1792
3  1.903960  7.077500 84.1824
3  4.459250  6.493370 84.1419