302

1 -1.842960 -3.842850 42.3541
1  1.962690 -2.225520 42.0278
1 -3.767250 -0.309786 42.2620
1  2.212380  0.160831 42.5789
3 -5.304170 -6.621390 43.0656
3 -4.890330 -7.027880 44.4918
3 -3.581060 -7.642050 44.5368
3 -3.001070 -7.986940 43.1126
3 -1.605250 -8.316550 43.1637
3 -1.047800 -8.293790 44.6351
3  0.367222 -8.091710 44.6251
3  0.932278 -7.780370 43.1629
3  2.176040 -7.062520 43.1823
3  2.708560 -6.746730 44.6550
3 -6.291730 -5.568690 43.0842
3 -6.589890 -4.956760 44.5934
1 -1.144620 -4.535820 44.5118
1 -0.709214 -4.412130 43.0844
3  4.398730 -5.541580 43.2602
3  3.852060 -5.866390 44.7007
3  5.329500 -4.416370 43.1998
3 -7.493700 -3.183530 43.1371
1 -3.747280 -2.518740 42.9863
1 -2.961040 -3.668390 43.2264
1 -2.513380 -3.993900 44.5801
1  0.568630 -3.957790 42.8429
1  1.504390 -3.613230 43.9090
1  2.314640 -2.528530 43.4239
3  6.450830 -2.666310 44.7117
3  5.623110 -3.867010 44.7238
3 -7.603290 -1.718000 43.1308
3 -7.706740 -1.165030 44.6314
1 -4.161040 -1.667510 44.0865
1 -4.268170 -0.332954 43.6189
1  2.641950 -1.480580 44.3002
1  2.632150 -0.128386 43.8790
3  6.587130 -2.081260 43.2403
3  7.148170 -0.787885 43.1868
3  7.287240 -0.137570 44.6958
3 -5.311440 -6.601720 46.0844
3 -3.031610 -7.839680 46.0870
3 -1.599740 -8.161590 46.0695
3  1.027760 -7.909970 46.1592
3  2.208370 -7.047780 46.1571
3 -6.314920 -5.544240 46.0870
3  4.337730 -5.434310 46.1788
3  5.195000 -4.286860 46.1172
3 -7.365690 -3.744880 44.5088
3 -7.641270 -3.222620 46.0373
1 -3.012750 -3.176920 45.6542
1 -2.029860 -2.760490 46.6694
1 -0.299159 -4.027250 45.4943
1  1.082030 -3.615550 45.2290
1 -0.742073 -3.215290 46.5736
1  1.433030 -2.539370 46.1228
3 -7.728830 -1.719870 46.0905
1 -3.843980 -2.009570 45.3691
1 -3.459440 -0.965557 46.2654
1  2.238150 -1.424300 45.6923
1  1.962050 -0.061961 46.0714
3  6.736430 -2.057370 46.1903
3  7.178270 -0.685075 46.1400
3 -4.809830 -7.004340 47.5295
3 -3.489080 -7.546600 47.5025
3 -0.993588 -8.179860 47.5790
3  0.442970 -8.047380 47.5970
3  2.796400 -6.796100 47.5691
3 -6.746250 -5.137310 47.5928
3  3.907750 -5.846510 47.5557
3 -7.423250 -3.840740 47.5905
1  0.294877 -2.323240 46.9929
3  5.680480 -3.792530 47.5445
3  6.437060 -2.592850 47.5675
3 -7.589230 -1.208760 47.5555
1 -2.347670 -1.436580 47.0667
1 -1.312060 -0.548607 47.4229
1  0.038521 -1.007620 47.4296
1  0.850379  0.160564 46.9442
3  7.265950 -0.036457 47.4886
3 -5.342130 -6.611150 48.9809
3 -4.855130 -6.988530 50.5140
3 -3.590600 -7.640960 50.5685
3 -2.942560 -7.746260 49.0912
3 -1.583960 -8.169940 49.0871
3 -0.983511 -8.132780 50.5980
3  0.462914 -8.045210 50.5445
3  1.068070 -7.788090 49.0584
3  2.350590 -7.138140 49.0227
3  2.896680 -6.826500 50.4923
3 -6.749890 -5.176920 50.4396
3 -6.383590 -5.651980 49.0067
3  3.929020 -5.867160 50.5282
3  4.474370 -5.463260 48.9942
3  5.358750 -4.353590 49.0323
3 -7.317810 -3.851210 50.4350
3 -7.545640 -3.277260 49.0165
3  5.627740 -3.804380 50.5035
3  6.381860 -2.590980 50.4639
3 -7.616020 -1.815660 49.0045
3 -7.443340 -1.249040 50.4538
3  6.725660 -2.047060 49.0093
3  7.218300 -0.684736 48.9715
3 -5.391750 -6.677050 51.9176
3 -2.971200 -7.842080 52.0088
3 -1.557780 -8.034240 52.0027
3  1.063150 -7.901170 51.9601
3  2.335840 -7.244350 51.9621
3 -6.420660 -5.668140 51.9218
3  4.398530 -5.433110 51.9155
3  5.266220 -4.306510 51.9423
3 -7.412140 -3.272670 51.8814
3 -7.401960 -1.835830 51.8748
2 -1.579770 -0.245655 52.1210
2 -0.416496 -0.576175 51.4229
2  0.580499 -1.433230 51.9580
2  3.035320 -1.003830 52.3489
2  1.900280 -0.921534 51.4951
3  6.585620 -1.972430 51.8947
3  7.158410 -0.664889 51.9486
3 -5.310140 -6.637760 54.8538
3 -4.843990 -7.035630 53.4429
3 -3.549120 -7.770370 53.4056
3 -3.011120 -7.983990 54.8592
3 -1.588410 -8.025460 54.8846
3 -0.982043 -8.023990 53.4081
3  0.437673 -7.891550 53.3961
3  0.960132 -7.642480 54.8770
3  2.347170 -7.154150 54.8461
3  2.816830 -6.774430 53.3809
3 -6.808710 -5.185850 53.3151
3 -6.449370 -5.726230 54.8494
3  3.958120 -5.898380 53.3851
3  4.366850 -5.481170 54.8212
3 -7.235490 -3.821600 53.3684
3 -7.284820 -3.250320 54.8581
3  5.263670 -4.364080 54.8036
3  5.571250 -3.780260 53.2937
3  6.264380 -2.499120 53.2887
3 -7.225560 -1.158100 53.2796
3 -7.290590 -1.776450 54.8425
2 -1.712680 -0.871293 53.4988
2 -0.697699 -1.612010 54.0038
2  0.431718 -2.058290 53.1864
2  1.610520 -2.053620 54.0449
2  2.909780 -1.647170 53.6411
2  3.623010 -0.757421 54.6387
3  6.558350 -1.930440 54.7364
3  7.361900 -0.040596 53.3442
3  7.173290 -0.627916 54.7230
1 -1.328260  2.283910 42.3370
1 -2.646140  1.802370 42.6473
1  1.379550  1.321010 42.2925
3 -7.138940  0.880951 43.1132
3 -7.378490  0.254604 44.6611
1 -3.869240  0.679967 44.4787
1 -3.000780  1.722140 43.9897
1  1.006920  2.235930 43.3423
1  1.425730  1.895890 44.6717
3  7.515060  1.859660 43.1703
3  7.497470  1.307480 44.6342
3 -6.789200  2.294150 43.0942
3 -5.781740  4.076090 44.5381
1 -0.364538  2.663920 43.3672
3  7.411880  3.326680 43.1530
3  7.219210  3.940320 44.6033
3 -5.454000  4.562960 43.1387
3 -4.431430  5.599510 43.1264
3 -4.028970  6.111510 44.5930
3  6.288820  5.759130 43.1612
3  6.682510  5.326320 44.5860
3 -2.301970  7.244710 43.0692
3 -2.859530  6.923330 44.5447
3 -0.974547  7.800550 43.0982
3  1.004700  8.290490 44.5130
3 -0.395678  7.971310 44.5396
3  1.606640  8.403930 43.0794
3  3.028790  8.187810 43.0751
3  3.608340  8.101830 44.5496
3  4.856320  7.304250 44.5404
3  5.412320  6.889660 43.1596
3 -7.130370  0.854822 46.0821
1 -3.507280  0.377563 45.8448
1 -2.438880  1.241030 46.2236
1 -2.117160  2.085570 45.0589
1  0.297753  2.038650 45.5406
1 -0.033133  1.270130 46.6678
1  2.300030  0.753539 44.9494
3  7.471200  1.939160 46.0257
3 -6.702080  2.222800 46.0869
3 -6.514910  2.859680 44.5787
1 -0.832472  2.476140 44.7335
3  7.377620  3.383640 46.0270
3 -5.437880  4.600310 45.9850
3 -4.511960  5.717260 46.0005
3  6.288900  5.775090 45.9930
3 -2.343400  7.278700 46.0027
3 -1.039690  7.868450 45.9732
3  1.609650  8.393360 45.9479
3  3.087010  8.243720 45.9471
3  5.290740  6.837640 45.9795
3 -7.165220  0.216837 47.5538
1 -1.363100  0.832780 47.0260
3  7.366320  1.360550 47.5162
3 -6.316850  2.753670 47.5178
3 -5.701970  4.033810 47.5314
3  7.287280  3.993300 47.4702
3 -4.036750  6.072510 47.4333
3  6.704730  5.313420 47.4536
3 -2.932540  7.022640 47.4244
3 -0.423376  8.018850 47.4480
3  0.986583  8.335210 47.4286
3  3.625310  8.055950 47.4141
3  4.906850  7.345560 47.4326
3 -7.255600  0.246888 50.4584
3 -7.028950  0.785951 48.9493
2  0.174446  0.527956 50.6758
2 -0.373384  1.853840 50.7379
2  1.676980  0.349131 50.8110
2  2.538260  1.459970 50.8870
3  7.371790 -0.082783 50.3924
3  7.477900  1.364510 50.3785
3  7.404720  1.964220 49.0069
3 -6.588780  2.185200 48.9172
3 -6.267390  2.732390 50.3906
3 -5.608900  3.952310 50.3870
3  7.349700  3.455200 48.9647
3  7.225780  4.010400 50.4078
3 -5.348370  4.550360 48.8922
3 -4.452340  5.692830 48.8615
3 -3.986330  6.065330 50.3863
3  6.355860  5.866350 48.9684
3  6.607540  5.316510 50.4628
3 -2.849900  6.924140 50.3538
3 -2.329880  7.179470 48.8901
3 -0.981031  7.681920 48.9204
3 -0.440921  7.982630 50.3718
3  3.079980  8.210600 48.8736
3  3.654320  7.984020 50.3659
3  4.909520  7.311820 50.3935
3  5.391180  6.926840 48.9524
3  0.975959  8.318560 50.3566
3  1.603240  8.351900 48.8756
3 -7.058810  0.890977 51.9234
2 -2.084680  1.122580 52.3014
2  3.885420  0.228069 52.4909
2  3.689120  1.435800 51.7863
3  7.612790  1.944360 51.8826
3 -6.602790  2.269190 51.8670
2 -1.544820  2.154060 51.5068
2 -1.279640  3.402700 52.2462
2  0.589497  2.988790 50.9160
2  0.031075  3.956520 51.8093
2  1.982980  2.813570 50.9052
2  2.709930  3.509680 51.9348
2  3.765730  2.715850 52.3985
3  7.394100  3.379590 51.8358
3 -5.290270  4.560840 51.8136
3 -4.435380  5.617450 51.8548
2  0.777830  4.667430 52.7577
2  2.222550  4.527450 52.7447
3  6.238340  5.823640 51.8664
3 -2.333620  7.203880 51.8514
3 -1.031080  7.865040 51.8282
3  3.020850  8.159280 51.8647
3  5.311730  6.937590 51.8567
3  1.579320  8.372570 51.8458
3 -7.122490  0.299184 53.3165
3 -6.976020  0.852463 54.7367
2 -2.329270  0.092988 54.4221
2 -2.500090  1.320260 53.6408
2  4.416960  1.584200 54.4957
2  4.230150  0.314783 53.8821
3  7.461770  2.030840 54.7582
3  7.511100  1.405360 53.3373
3 -6.494860  2.160410 54.7437
3 -6.338650  2.839300 53.3227
3 -5.676060  4.090760 53.3579
2 -1.781980  3.619270 53.5620
2 -2.388460  2.524010 54.3034
2  4.208940  2.780370 53.7268
2  3.647780  3.802650 54.6526
3  7.166210  4.007010 53.3323
3  7.296040  3.440080 54.7781
3 -5.290710  4.515870 54.7830
3 -4.032530  6.073890 53.3373
3 -4.400590  5.619770 54.7998
2 -0.950807  4.284490 54.4904
2  0.293093  4.828150 54.1060
2  2.595990  4.567050 54.1949
2  1.396140  4.808580 54.9712
3  6.261450  5.835250 54.8332
3  6.691990  5.376640 53.3067
3 -2.309040  7.198500 54.8725
3 -2.836670  6.915950 53.3901
3 -0.479496  8.165200 53.3375
3 -1.080830  7.941360 54.8406
3  2.983540  8.141870 54.8044
3  3.557600  7.947990 53.3065
3  4.731870  7.170540 53.3321
3  5.213840  6.821890 54.7993
3  0.936213  8.460230 53.3290
3  1.594130  8.368160 54.8138