285

3 -4.786140 -7.137730 -10.604900
3 -3.602570 -7.956320 -10.620700
3 -0.917209 -8.272530 -10.679700
3  0.521359 -8.106130 -10.668800
3  2.959200 -6.961530 -10.652700
3 -6.648300 -5.145110 -10.665300
3  4.111820 -6.121140 -10.630800
3 -7.176130 -3.809600 -10.595400
1 -0.872758 -3.152160 -11.566100
3  5.569920 -3.877540 -10.564700
3  6.449310 -2.722710 -10.538700
3 -7.573250 -1.212710 -10.591900
1 -1.719600 -1.965790 -11.567500
1 -0.886550 -0.829492 -11.536600
1  0.481073 -1.220950 -11.672900
3  6.998280 -0.128433 -10.482700
3 -5.303830 -6.800530  -9.159130
3 -4.746640 -7.098190  -7.692390
3 -3.532330 -7.859760  -7.725370
3 -2.964870 -8.199070  -9.286680
3 -1.523480 -8.253340  -9.278740
3 -0.927029 -8.302360  -7.734890
3  0.533994 -7.998940  -7.750180
3  1.079940 -7.857420  -9.226380
3  2.402190 -7.233950  -9.242260
3  2.915760 -6.926250  -7.770260
3 -6.217730 -5.722480  -9.153490
3  4.461680 -5.620910  -9.147100
3  4.118290 -6.070160  -7.739750
3  5.258070 -4.421160  -9.121890
3 -7.257930 -3.223630  -9.154880
2 -2.788820 -2.413370  -7.601040
2 -1.477360 -2.979410  -7.891760
2  0.950751 -2.409450  -7.771870
2 -0.387691 -2.145290  -8.204700
3  5.729980 -3.996270  -7.673470
3  6.559620 -2.790990  -7.642630
3 -7.652460 -1.822260  -9.161280
3 -7.680510 -1.206060  -7.759260
2 -3.057030 -1.015610  -7.732750
2 -1.886980 -0.192400  -7.986170
2 -0.675849 -0.752667  -8.300230
2  0.502188 -0.097269  -7.820640
3  6.732290 -2.227210  -9.084420
3  6.997580 -0.795655  -9.079970
3  7.156160 -0.217161  -7.651760
3 -5.180430 -6.554380  -6.139300
3 -2.948130 -8.091830  -6.333510
3 -1.479440 -8.296100  -6.282510
3  1.120140 -7.855500  -6.258990
3  2.400800 -7.228930  -6.248590
3 -6.564680 -5.160730  -7.737570
3 -6.173820 -5.562400  -6.208970
2 -2.387220 -4.224430  -6.132260
2  0.072212 -4.363190  -6.467800
3  4.610910 -5.721890  -6.271340
3  5.346940 -4.493880  -6.227920
3 -7.075900 -3.800610  -7.779580
3 -7.321940 -3.222940  -6.236900
2 -4.108560 -2.576300  -5.508290
2 -3.365300 -3.207670  -6.531940
2 -1.236770 -4.069010  -6.960700
2  1.218530 -3.473950  -6.952360
2  1.983080 -3.182680  -5.698390
3 -7.719990 -1.868050  -6.271370
2 -3.870020 -0.410272  -6.738240
2 -4.274000 -1.187970  -5.570610
2  1.518710 -1.113130  -7.481880
2  2.249560 -0.823781  -6.306900
3  6.745870 -2.233210  -6.206740
3  7.176090 -0.840562  -6.210660
3 -4.687910 -6.934140  -4.795270
3 -3.516260 -7.731260  -4.781910
3 -0.931217 -8.223220  -4.894290
3  0.496808 -8.040620  -4.852870
3  2.968980 -6.931630  -4.878600
3 -6.533910 -5.033180  -4.742230
2 -2.202250 -4.548360  -4.785420
2  0.230678 -4.625760  -5.043560
2 -0.910451 -4.748280  -4.235380
3  4.108360 -6.116990  -4.876070
3 -7.192100 -3.774400  -4.823670
2 -4.078120 -2.912100  -4.096660
2 -3.050040 -3.880480  -3.731470
2  1.365420 -3.928400  -4.560350
3  5.697810 -3.994140  -4.735120
3  6.538550 -2.795490  -4.728470
3 -7.653800 -1.175940  -4.780460
2 -4.144660 -1.746720  -3.260900
2 -4.266080 -0.664504  -4.218810
2  2.553380 -1.878640  -5.427490
2  2.665910 -1.362250  -4.102660
2  2.328040 -0.002931  -4.165210
3  7.227950 -0.199177  -4.717090
3 -5.303940 -6.635050  -3.379370
3 -4.778410 -6.994800  -1.928450
3 -3.501150 -7.598310  -1.915700
3 -2.961020 -7.925970  -3.346660
3 -1.517590 -8.180860  -3.325120
3 -0.937346 -8.172690  -1.900490
3  0.499428 -7.927190  -1.865660
3  1.124780 -7.755150  -3.358270
3  2.491080 -7.284110  -3.401110
3  2.977420 -6.918350  -1.896070
3 -6.612150 -5.061290  -1.827930
3 -6.229640 -5.554590  -3.304030
2 -0.897782 -4.280830  -2.863280
3  4.526450 -5.681670  -3.448240
3  4.118400 -6.046790  -1.910110
3  5.379510 -4.516970  -3.373260
3 -7.311570 -3.851230  -1.891610
3 -7.413800 -3.237500  -3.349630
2 -2.200350 -3.703610  -2.577310
2 -2.331080 -2.512080  -1.874190
2  0.246974 -3.584690  -2.384090
2  0.105667 -2.354680  -1.624470
2  1.476460 -3.474200  -3.227390
2  2.039480 -2.153430  -3.000340
3  5.825140 -4.042320  -1.853320
3  6.594830 -2.785620  -1.889640
3 -7.653530 -1.836210  -3.360500
3 -7.604150 -1.150650  -1.835110
2 -3.376050 -1.540090  -2.090430
2 -1.193100 -1.801730  -1.402590
2 -2.817610 -0.200069  -1.890740
2 -1.457050 -0.405037  -1.477270
2  0.900117 -0.082437  -2.114000
2  1.139000 -1.490720  -1.961770
3  6.699020 -2.189360  -3.326340
3  7.096340 -0.814949  -3.319210
3  7.233490 -0.227277  -1.888000
3 -5.326270 -6.613050  -0.379818
3 -2.980890 -7.848190  -0.479109
3 -1.584680 -8.173460  -0.456325
3  1.076390 -7.768300  -0.442461
3  2.450090 -7.279960  -0.397369
3 -6.286620 -5.513990  -0.412478
3  4.429440 -5.595990  -0.442662
3  5.303100 -4.445570  -0.449608
3 -7.519680 -3.273430  -0.371990
3 -7.667020 -1.794210  -0.430117
3  6.657390 -2.214060  -0.419416
3  7.031310 -0.797100  -0.381174
3 -4.852520 -6.951290   1.023380
3 -3.563730 -7.658850   0.987918
3 -0.961671 -8.185520   1.010830
3  0.457085 -7.886390   1.067950
3  2.953920 -6.981220   0.980948
3 -6.677180 -5.054170   1.073910
3  4.053870 -6.042040   1.028050
3 -7.296440 -3.763380   1.075470
3  5.595130 -3.937620   1.019600
3  6.413200 -2.770190   1.010500
3 -7.658030 -1.192680   1.064290
1  0.788660 -0.609710   1.520440
3  7.195630 -0.240401   1.071780
3 -7.258270  0.186175 -10.630400
3  7.129810  1.299750 -10.487700
3 -6.489880  2.807620 -10.519500
3 -5.704290  4.024790 -10.484300
3  6.984310  3.944550 -10.597900
3 -3.982360  6.033350 -10.610600
3  6.574080  5.326720 -10.637800
3 -2.878450  6.927490 -10.619900
3 -0.413238  8.003170 -10.532300
3  0.997076  8.285060 -10.542000
3  3.629550  7.983390 -10.589400
3  4.957680  7.386580 -10.615900
3 -7.156230  0.813189  -9.107680
3 -7.360930  0.205937  -7.736380
3 -6.670040  2.193650  -9.096730
3  7.185240  1.926940  -9.075830
3  7.240660  1.212810  -7.618610
3  6.970110  3.329300  -9.054110
3  6.985360  3.925010  -7.627470
3 -5.339070  4.484840  -9.036060
3 -4.351190  5.559480  -9.033890
3  6.393840  5.890130  -9.123320
3  6.766550  5.316980  -7.649120
3 -2.316990  7.191810  -9.113110
3 -1.002290  7.793200  -9.104580
3  1.608600  8.267170  -9.092520
3  3.022140  8.115370  -9.074210
3  5.026990  7.429210  -7.616090
3  3.670130  7.892340  -7.592980
3  5.495300  7.046300  -9.068010
3 -7.294060  0.842138  -6.245010
2 -3.294050  0.918569  -6.401070
2 -2.073870  0.986849  -7.220660
2 -0.990086  1.754220  -6.856880
2  0.359932  1.145250  -7.183600
2  1.188640  1.330310  -5.969430
2  2.197530  0.405402  -5.573660
3  7.345130  1.866860  -6.209040
3 -6.455560  2.724600  -7.670430
3 -5.644650  3.923390  -7.636300
3 -6.740320  2.182100  -6.235190
3  7.067580  3.271380  -6.221890
3 -5.245230  4.413490  -6.149110
3 -3.808430  5.866230  -7.616800
3 -4.235270  5.439460  -6.140780
3  6.390490  5.865160  -6.254820
3 -2.765750  6.880780  -7.648240
3 -2.328840  7.227250  -6.164230
3 -0.998173  7.871750  -6.160020
3 -0.469444  8.061650  -7.609510
3  1.029550  8.221720  -7.663380
3  1.691370  8.166240  -6.150860
3  3.096290  7.971380  -6.166600
3  5.497700  6.998500  -6.192140
3 -7.454110  0.232640  -4.773010
2 -3.171140  1.431700  -5.116630
2 -3.775490  0.639226  -3.981200
2 -2.055960  2.149560  -4.572970
2  0.601500  1.633190  -3.589400
2  0.443367  2.046960  -4.921780
3  7.373130  1.211000  -4.685220
3 -6.380120  2.652320  -4.685580
3 -5.685720  3.975090  -4.704660
2 -0.920684  2.231530  -5.428180
3  6.982000  3.840460  -4.776170
3 -3.895250  5.855230  -4.686670
3  6.655680  5.237480  -4.773580
3 -2.750760  6.768070  -4.709550
3 -0.384017  7.909920  -4.711410
3  0.994545  8.198050  -4.711610
3  3.631680  7.762840  -4.760400
3  5.010590  7.300550  -4.747000
3 -7.261090  0.882574  -3.220330
3 -7.415020  0.301410  -1.877000
2 -3.036940  0.888041  -2.762060
2 -1.872620  1.761110  -3.178680
2 -0.548282  1.473360  -2.734670
2 -0.358721  0.437480  -1.781790
2  1.480840  0.585966  -3.212690
3  7.325710  1.871550  -3.298500
3  7.384040  1.194920  -1.843200
3 -6.652340  2.201030  -3.262940
3 -6.404760  2.766330  -1.767720
3 -5.818270  4.033160  -1.728230
3  7.179360  3.283450  -3.262010
3  7.061420  3.889410  -1.832740
3 -5.442020  4.521570  -3.198540
3 -4.401940  5.526400  -3.215170
3 -3.909700  5.882250  -1.739190
3  6.438480  5.806380  -3.267190
3  6.707440  5.273920  -1.896640
3 -2.249220  7.018450  -3.211450
3 -2.778330  6.724860  -1.736560
3 -0.914703  7.519040  -3.209300
3 -0.401418  7.833370  -1.719730
3  0.964043  8.128430  -1.750190
3  1.611980  8.136400  -3.302480
3  3.051520  7.867220  -3.295980
3  3.633890  7.713400  -1.827840
3  4.941060  7.219130  -1.785530
3  5.481580  6.872380  -3.282540
3 -7.287400  0.860044  -0.386756
3  7.354330  1.868310  -0.363868
3 -6.665420  2.168260  -0.371136
3  7.150830  3.271680  -0.380153
3 -5.360380  4.473920  -0.276735
3 -4.303780  5.435640  -0.284898
3  6.369430  5.758780  -0.346624
3 -2.300950  6.992330  -0.223288
3 -1.013260  7.681020  -0.219997
3  1.643730  8.132790  -0.328268
3  3.069620  8.085490  -0.305351
3  5.420720  6.818590  -0.316843
3 -7.523610  0.213675   1.077350
1  0.145426  0.599359   1.261500
1  0.819705  1.853850   1.249470
1  2.180290  1.834870   1.658870
3  7.415760  1.207020   1.082450
3 -6.451880  2.700810   1.063530
3 -5.689410  3.969450   1.154960
1 -0.067700  2.910040   1.684380
3  7.108730  3.840800   1.081030
3 -3.943500  5.889920   1.256080
3  6.694300  5.200910   1.099000
3 -2.751130  6.668740   1.248970
3 -0.363671  7.802580   1.162560
3  1.076440  8.049220   1.178290
3  3.629580  7.768380   1.187070
3  4.958770  7.209240   1.120790