282

3  1.330170 -8.388430 56.2721
3  2.784780 -8.360190 56.2845
3 -2.607960 -7.164620 56.2387
3 -1.302000 -7.817880 56.2899
3  5.159390 -7.220510 56.3180
3  6.117810 -6.173920 56.3184
3 -4.516640 -5.241100 56.3046
3 -5.485040 -4.190260 56.2672
2 -0.798544 -4.637270 56.7338
2  0.111441 -4.913900 55.6677
2  1.485540 -5.044360 56.0251
2 -2.389490 -2.818120 57.0809
2 -1.856180 -3.795470 56.2241
2  3.516660 -3.943720 56.0160
2  4.146830 -2.706710 55.8003
3  7.362570 -3.754780 56.2597
3  7.573460 -2.348370 56.2995
3 -6.674210 -1.781740 56.2835
3 -7.145950 -0.481446 56.2405
2 -2.612190 -1.437020 56.6211
2  4.429720 -1.819670 56.8795
2  4.257820 -0.451144 56.4007
3 -0.784683 -8.087570 57.6376
3  0.659868 -8.360710 57.6784
3  1.297920 -8.510360 58.9721
3  2.677090 -8.404920 58.9877
3  3.301510 -8.152440 57.6726
3 -3.089940 -6.693060 57.6339
3 -2.632270 -7.131570 59.0165
3 -1.361150 -7.800050 58.9709
3  4.578430 -7.492040 57.6969
3  5.054570 -7.114880 58.9777
3  6.040180 -6.095030 59.0320
3 -4.055630 -5.660800 57.5984
3 -4.468470 -5.164780 58.9576
3 -5.422190 -4.114080 58.9288
2 -0.430821 -4.586550 58.0951
2  1.921170 -4.965470 57.3801
2  0.972371 -4.725570 58.4248
2  3.202110 -4.290760 57.4124
3  6.519620 -5.631260 57.6398
3  7.078740 -4.351460 57.6481
3 -6.420200 -2.387330 57.5370
3 -5.759420 -3.655960 57.5806
2 -1.909350 -2.705590 58.4890
2 -0.940375 -3.568920 58.9516
2  3.434510 -3.380980 58.4721
2  4.140450 -2.095810 58.2393
3  7.261900 -3.726640 58.9478
3  7.466510 -2.318620 58.9533
3 -6.631870 -1.816730 58.9387
3 -7.129080 -0.480111 58.9265
2 -2.206000 -0.553220 57.6712
2 -1.834940 -1.319550 58.8384
2  3.464310  0.234297 58.6544
3  7.671890 -1.712200 57.6029
3  7.704910 -0.288965 57.6276
3 -0.744375 -7.998810 60.2612
3  0.607237 -8.424000 60.3120
3  3.311460 -8.160540 60.3082
3 -3.112490 -6.766400 60.3089
3  4.547610 -7.436030 60.3311
3 -4.072140 -5.698330 60.2956
3  6.448500 -5.598410 60.3369
3  7.077120 -4.317710 60.3274
3 -6.438160 -2.401600 60.2695
3 -5.721550 -3.612830 60.2628
2  1.313190 -3.862780 59.5461
2  0.071673 -3.131320 59.8591
2  2.473600 -3.118710 59.4977
2 -0.905228 -0.816918 59.7358
2  0.125163 -1.717840 60.2720
2  1.364440 -1.014420 60.2883
2  2.526400 -1.730120 59.8896
2  3.598380 -1.123740 59.1039
3  7.532610 -1.726300 60.3648
3  7.733070 -0.286552 60.3868
3 -0.780463 -8.080590 62.9531
3  0.548564 -8.476350 62.9464
3  1.230750 -8.434810 61.5795
3  2.626210 -8.351630 61.5907
3  3.212270 -8.172860 62.9592
3 -3.107090 -6.686190 62.9749
3 -2.544490 -7.055580 61.6515
3 -1.340680 -7.820140 61.6166
3  4.448300 -7.489730 62.9321
3  5.009110 -7.095670 61.6369
3  5.914300 -6.042900 61.6667
3 -4.206570 -5.718200 62.9872
3 -4.482890 -5.222490 61.6556
3 -5.379730 -4.118160 61.6021
3  6.167530 -5.520640 63.0145
3  6.845630 -4.253110 62.9999
3 -6.587300 -2.463880 62.9417
3 -5.832310 -3.661370 62.9668
3  7.122260 -3.709450 61.6644
3  7.476450 -2.293170 61.7041
3 -6.792650 -1.882310 61.5968
3 -7.204890 -0.528695 61.5821
3  7.595930 -1.681940 63.0495
3  7.504380 -0.264643 63.0510
3  1.199060 -8.635540 64.3122
3  2.618400 -8.421950 64.3117
3 -2.660050 -7.195270 64.2950
3 -1.473370 -7.955680 64.2679
3  4.964710 -7.074010 64.3374
3  5.842040 -5.966790 64.3265
3 -4.549980 -5.223170 64.2759
3 -5.490830 -4.169210 64.3104
3  7.136140 -3.691400 64.3556
3  7.523220 -2.345030 64.3858
3 -6.903740 -1.928360 64.2743
3 -7.311250 -0.604318 64.2662
3 -0.856957 -8.138570 65.6150
3  1.110730 -8.619000 66.9682
3  0.488764 -8.468250 65.6319
3  2.572520 -8.546280 67.0152
3  3.280700 -8.343280 65.6717
3 -3.230150 -6.842160 65.6074
3 -2.756060 -7.250180 66.9387
3 -1.529550 -7.990540 66.9300
3  4.489730 -7.563230 65.6724
3  4.884820 -7.145160 67.0551
3  5.812610 -6.019580 67.0562
3 -4.191190 -5.797930 65.6158
3 -4.632160 -5.294550 67.0163
3 -5.599330 -4.252150 66.9616
3  6.173340 -5.480550 65.6813
3  6.899790 -4.255920 65.6940
3 -6.778310 -2.565040 65.6123
3 -5.994080 -3.767520 65.6260
1 -1.427060 -2.097680 67.2331
1 -0.024161 -2.212940 67.6273
3  7.123760 -3.728250 67.0656
3  7.582370 -2.366020 67.0897
3 -6.885950 -1.900820 66.9189
3 -7.244930 -0.488480 66.9320
1 -2.469720 -0.460699 65.6620
1 -3.497940 -0.173710 66.6981
1 -0.038962 -1.102140 65.6346
1 -1.441800 -1.432360 65.9577
1  0.767981 -1.595880 66.6618
1  1.998590 -1.037160 66.9944
3  7.659050 -1.698800 65.7048
3  7.594110 -0.284469 65.7317
2 -1.262630  0.964264 56.1467
2  0.023140  1.641210 56.1234
2  2.779370  1.536280 56.7999
3  7.067220  1.649620 56.3009
3  7.637420  0.346892 56.3239
3 -7.241530  2.190670 56.2338
3 -6.929490  3.580260 56.2234
3 -5.965480  6.195680 56.2974
3  5.490590  3.810330 56.2615
3  4.510070  4.870010 56.2876
3 -4.944600  7.161440 56.2837
3  1.491250  7.585210 56.2789
3  2.620820  6.786450 56.2813
3 -2.483810  8.307000 56.2624
3 -1.101550  8.407030 56.2819
3 -7.249150  0.118645 57.5607
3 -7.295150  1.559860 57.5784
2 -1.629060  0.677627 57.5012
2 -0.543665  1.140870 58.2978
2  0.425195  1.774920 57.4753
2  1.766400  1.616950 57.8190
2  3.826210  0.602475 57.2556
2  2.214210  0.878023 58.9793
3  7.011090  1.655100 58.9656
3  7.610570  0.348672 58.9943
3 -7.130460  2.180280 58.8920
3 -6.817950  3.554910 58.9361
3  5.993960  3.438390 57.6435
3  6.823280  2.277390 57.6341
3 -6.709110  4.163250 57.6446
3 -6.142980  5.491700 57.5895
3 -5.761930  6.002410 58.9354
3  5.587570  3.893280 59.0180
3  4.627120  4.922700 58.9561
3  4.186110  5.389650 57.6190
3 -4.910680  7.085930 58.9195
3 -4.408740  7.566400 57.5683
3 -3.124490  8.154680 57.5917
3  1.549480  7.646860 58.9177
3  0.948817  7.979670 57.5868
3  2.726060  6.836430 58.9257
3  3.137440  6.346110 57.6334
3 -2.488200  8.263130 58.9319
3 -1.040370  8.374450 58.9522
3 -0.429675  8.395340 57.6124
3 -7.288990  0.117429 60.2223
3 -7.218480  1.559260 60.2134
2 -0.168619  0.454417 59.4748
2  1.214750  0.355938 59.7791
3  5.904870  3.338340 60.3586
3  6.680270  2.140160 60.3326
3 -6.645240  4.166860 60.2720
3 -6.128510  5.464320 60.2230
3  4.227660  5.439060 60.2733
3 -4.334600  7.382060 60.2838
3 -3.108990  8.150260 60.2388
3  0.906590  7.839890 60.3009
3  3.234060  6.443720 60.2714
3 -0.422660  8.266290 60.2837
3 -7.235320  0.053316 62.9231
3 -7.216970  1.471770 62.8976
3  7.045180  1.656900 61.6849
3  7.593220  0.334991 61.7330
3 -7.220700  2.194320 61.5694
3 -6.932060  3.568440 61.5870
3  5.641940  3.947490 61.6631
3  5.999450  3.440290 63.0514
3  6.710340  2.219660 63.0902
3 -6.776660  4.198160 62.8789
3 -6.269600  5.521610 62.9073
3 -5.815630  5.983090 61.5766
3  4.690660  5.042320 61.6347
3  4.162560  5.504720 62.9397
3 -4.827920  6.967420 61.6136
3 -4.353280  7.395880 62.9277
3 -3.071350  8.125660 62.9252
3  1.532460  7.636510 61.6224
3  0.939146  8.011920 63.0086
3  2.732390  6.864730 61.6611
3  3.186050  6.513180 62.9818
3 -2.456620  8.314450 61.5996
3 -1.077200  8.360820 61.6305
3 -0.401742  8.382930 62.9693
1 -2.127150  0.859766 65.1900
1 -0.822449  1.104230 64.8382
1  0.230927  0.134826 65.0793
1  1.374280  0.808347 65.5822
3  6.976400  1.661230 64.3923
3  7.430330  0.335832 64.4231
3 -7.146570  2.084430 64.2338
3 -6.944860  3.508510 64.2213
1 -0.189428  2.437680 64.9834
3  5.573180  3.969180 64.3361
3 -5.870670  6.054500 64.2443
3  4.702310  5.081820 64.3104
3 -4.807740  6.979660 64.2837
3 -2.471320  8.399860 64.2667
3  1.494350  7.675870 64.3458
3  2.727290  6.990610 64.3228
3 -1.061760  8.605340 64.2582
3 -7.146080  1.494560 65.5414
3 -7.299910  0.081063 65.5633
1 -3.825720  1.226720 66.6960
1 -3.002260  1.874530 65.7268
1  2.301180  0.295402 66.4518
1  2.881890  1.112890 67.4651
3  7.420360  0.331849 67.0762
3  6.887590  1.662180 67.0409
3 -7.311860  2.180700 66.9343
3 -6.943290  3.568490 66.9330
1 -2.370190  3.126610 65.9794
1 -0.967169  3.396880 65.5972
1  1.202710  2.244720 65.4127
1  1.787280  3.079160 66.4423
1  0.949801  4.098280 67.0691
3  5.858870  3.420290 65.6835
3  6.653130  2.235650 65.7084
3 -6.766570  4.166690 65.5790
3 -6.254000  5.514340 65.5826
3 -5.843350  6.031670 66.9635
1 -0.400288  4.211600 66.6666
3  5.473660  3.951480 67.0301
3  4.810860  5.212700 67.0168
3  4.295680  5.661310 65.6470
3 -4.829430  7.034110 66.9656
3 -4.342940  7.479680 65.6221
3 -3.124490  8.230760 65.6240
3 -2.486940  8.360540 66.9362
3  1.476220  7.618360 66.9224
3  0.927105  7.961170 65.6252
3  2.740640  6.968660 66.9187
3  3.274530  6.624010 65.6074
3 -1.052010  8.548280 66.9057
3 -0.369150  8.559760 65.5766
1 -2.590200  3.747470 67.2483
1  2.618160  2.471960 67.4470
1 -1.429170  4.465890 67.6559