315

1  2.999500 -1.175410 41.1424
3 -4.303060 -6.854550 41.6567
3 -2.856130 -6.966310 41.6694
3 -0.241065 -7.013740 41.5963
3  1.114170 -6.521170 41.5900
3 -6.448910 -5.353690 41.6036
3 -7.399800 -4.212920 41.6603
3  3.727200 -5.823890 41.5584
3  5.038660 -5.237940 41.5841
1  0.310941 -2.183070 41.3421
1  1.330160 -2.759900 42.1340
1  2.665930 -2.176590 42.0213
3  6.933060 -3.456630 41.6394
3  7.659300 -2.148320 41.6440
3 -8.394060 -1.844680 41.6553
3 -8.575530 -0.380732 41.5914
1 -0.968358 -1.909480 41.9210
1 -1.587280 -0.707643 41.3518
1  3.948720 -0.123184 41.4857
1  4.506320 -0.185927 42.7898
3 -4.226140 -6.775440 44.8329
3 -4.864980 -6.568290 43.2716
3 -2.808050 -7.032390 44.8148
3 -2.237940 -7.105610 43.2548
3 -0.777904 -7.098200 43.1972
3 -0.229279 -6.939480 44.7432
3  1.189330 -6.653860 44.6888
3  1.809690 -6.480310 43.1252
3  3.230370 -6.122200 43.1409
3 -6.567340 -5.393950 44.8018
3 -7.431800 -4.218770 44.8023
3 -6.128510 -5.795750 43.2117
3  3.817930 -5.967010 44.7032
3  5.638730 -5.059120 43.1770
3  5.176830 -5.378140 44.7213
3 -8.339780 -2.399760 43.2245
3 -7.704940 -3.735890 43.1872
1 -0.185586 -2.902050 44.1210
1  1.049960 -2.995520 43.5083
1  2.264540 -2.767290 44.2476
1  3.274720 -2.257940 43.3161
3  6.531040 -3.871350 43.2135
3  6.952390 -3.400340 44.7997
3  7.702500 -2.119760 44.7849
3 -8.316390 -1.904710 44.8096
3 -8.622880 -0.451596 44.7569
1 -1.978810 -1.346030 44.1416
1 -1.165450 -2.222960 43.2855
1  4.175660 -1.266940 43.7200
1  4.056770 -0.683294 45.0509
3  7.866770 -1.607660 43.2191
3  8.208490 -0.165510 43.1706
3 -4.800780 -6.565570 46.3611
3 -2.254210 -7.104210 46.2600
3 -0.803447 -7.080780 46.2569
3  1.809030 -6.370640 46.2401
3  3.230640 -6.063450 46.2338
3 -6.144840 -5.862570 46.3946
3  5.683720 -5.048800 46.3216
3 -8.181430 -2.432010 46.3953
3 -7.748770 -3.805090 46.4125
1  2.199730 -2.320260 45.5907
3  6.611200 -3.929980 46.3653
1 -0.272655 -2.298840 45.4032
1 -1.329480 -1.346500 45.4348
1  0.885195 -2.012420 46.1646
1  1.046210 -0.836923 46.8947
1  3.192080 -1.267250 45.9487
1  2.465100 -0.387838 46.8383
3  7.857650 -1.530910 46.3492
3  8.225990 -0.176507 46.3243
3 -4.295050 -6.822920 47.9201
3 -2.803060 -7.062730 47.8576
3 -0.188075 -6.938200 47.8454
3  1.295890 -6.603400 47.8386
3 -6.503510 -5.453640 47.9581
3 -7.400450 -4.287450 47.9973
3  3.814470 -5.976360 47.8319
3  5.159200 -5.379860 47.8614
3  7.005480 -3.413100 47.9141
3  7.728490 -2.175830 47.8810
3 -8.399830 -1.825840 47.9896
3 -8.656090 -0.391264 47.9535
3 -4.853250 -6.619550 49.4384
3 -4.270120 -6.843550 51.0161
3 -2.229640 -7.101070 49.4647
3 -2.826040 -7.054390 51.0154
3 -0.787790 -6.975350 49.4451
3 -0.226345 -7.033120 50.9658
3  1.228260 -6.765760 51.0134
3  1.808420 -6.459140 49.4508
3 -6.450230 -5.349720 51.1076
3 -6.102060 -5.917590 49.5465
3 -7.402550 -4.262090 51.1036
3  3.256500 -6.125150 49.4557
3  3.831320 -6.062650 50.9991
3  5.621920 -5.056120 49.4542
3  5.175130 -5.423620 51.0292
3 -8.226270 -2.410960 49.5601
3 -7.726020 -3.734060 49.5598
2 -0.220700 -2.140470 50.7818
3  6.618630 -3.947360 49.4906
3  6.834970 -3.322710 51.0704
3  7.730790 -2.147610 50.9898
3 -8.570490 -0.405443 51.1144
3 -8.454870 -1.862500 51.1172
2 -2.616040 -1.625250 50.4244
2 -3.323520 -0.395576 50.5387
2 -1.080060  0.108114 50.0395
2 -1.220740 -1.323790 50.1539
3  7.959260 -1.520810 49.4230
3  8.268650 -0.135229 49.4754
3 -4.820820 -6.576240 52.6388
3 -2.326640 -7.030310 52.6553
3 -0.769606 -7.072910 52.5801
3  1.759320 -6.503910 52.6127
3 -6.010190 -5.750240 52.6460
3  3.212740 -6.092010 52.5935
3  5.513910 -4.936040 52.6278
3 -8.371090 -2.468900 52.6381
3 -7.769540 -3.810800 52.6255
2 -4.126050 -2.583330 52.1937
2 -3.020790 -2.697100 51.2473
2 -2.002600 -3.463210 51.8844
2 -0.624979 -3.228640 51.6303
3  6.450580 -3.786480 52.6402
2 -4.391300 -0.254873 51.4272
2 -4.839680 -1.382070 52.2864
2  0.941863 -1.542610 51.3548
2  1.300170 -2.271600 52.5109
2  1.092230 -0.161899 51.2877
3  7.926860 -1.588960 52.6087
3  8.148060 -0.127687 52.5916
3 -4.299010 -6.796380 54.2423
3 -2.817530 -6.964410 54.2105
3 -0.221968 -6.971580 54.2034
3  1.160640 -6.620360 54.2101
3 -6.415560 -5.338570 54.2226
3 -7.446160 -4.290570 54.1949
3  3.727270 -5.847320 54.2299
3  5.049240 -5.228840 54.2481
2 -3.820250 -3.294800 53.4278
2 -4.076690 -2.693470 54.6709
2 -1.473040 -3.783840 54.2424
2 -2.452270 -3.818900 53.2065
2  0.377608 -3.344860 52.7457
2 -0.127976 -3.640540 54.0674
3  6.763690 -3.264390 54.1337
3  7.709320 -2.096300 54.1361
3 -8.496100 -1.859390 54.2314
3 -8.690530 -0.375944 54.2001
2 -5.065390 -0.826055 53.5791
2 -4.696240 -1.431420 54.7457
2  1.763770 -1.537910 53.5844
2  0.497930 -2.978720 55.2126
2  1.402310 -1.908820 54.9834
1  3.422180  1.104390 41.0187
1 -1.052190  2.104220 41.2430
1  1.155260  2.840540 41.1948
3 -7.944810  2.134320 41.5545
1 -2.304510  0.210652 42.1769
1 -2.011240  1.667470 42.1125
1  3.518650  2.343720 41.7404
1  4.143650  2.275480 43.0503
3  8.018800  1.848280 41.5917
3  8.232000  0.378086 41.6152
3 -7.255510  3.399710 41.5813
1 -0.121022  3.100960 41.7602
1 -0.227470  3.722370 43.0076
1  2.398680  3.209120 41.7851
1  2.332680  3.756790 43.1181
3  7.125880  4.258620 41.6692
3 -5.378510  5.183480 41.6933
3 -4.117660  5.801870 41.6605
3  6.088940  5.318850 41.6507
3 -1.553930  6.630230 41.6199
3 -0.159270  7.069430 41.6021
3  2.500700  7.113310 41.5862
3  3.944770  6.786880 41.6017
3 -8.541480  0.164878 43.1663
3 -8.147640  1.578530 43.1627
3 -7.956570  2.142090 44.7415
1 -2.527240 -0.138291 43.5288
1 -2.413880  1.105790 44.3362
1  4.304740  0.722762 44.9612
1  4.552290  1.056920 43.5848
3  8.082330  1.824130 44.7554
3  8.270660  0.412520 44.7481
3 -7.316640  3.463200 44.7436
3 -6.925340  3.828060 43.1413
1 -2.085280  2.195810 43.4717
1 -1.204040  3.215790 43.9148
1 -0.579064  3.194430 45.2683
1  1.005450  3.998170 43.7709
1  0.790946  3.656690 45.1111
1  3.394330  3.213890 43.9558
1  3.105070  2.790350 45.2832
3  7.440570  3.754720 43.1614
3  7.966970  2.425920 43.1773
3 -5.798740  4.830240 43.1943
3 -5.429890  5.286260 44.7261
3 -4.063940  5.960790 44.7420
3 -3.478030  6.102040 43.2174
3  5.741910  5.761180 43.1882
3  7.139880  4.274550 44.7647
3  6.204890  5.445000 44.7646
3 -2.094660  6.572790 43.1749
3 -1.622310  6.832880 44.7645
3 -0.175726  7.092360 44.7588
3  0.406431  7.266010 43.1861
3  1.856290  7.209510 43.1549
3  2.466250  7.162410 44.7392
3  3.889620  6.835950 44.7237
3  4.490460  6.565450 43.1992
3 -8.572570  0.194504 46.3418
3 -8.255130  1.623350 46.3452
1 -1.286430 -0.171774 46.2115
1 -1.779390  1.046470 45.6164
1  0.180790  1.526460 46.8986
1 -0.013774  0.090752 46.9160
1  3.663300  1.573540 45.8270
1  2.643140  0.991886 46.6955
3 -6.899540  3.887970 46.3420
1 -0.862978  2.059700 46.0228
1  1.487310  1.987450 46.8230
1  1.776200  3.004250 45.8650
3  7.491970  3.825510 46.2884
3  7.949310  2.477740 46.2919
3 -5.799280  4.859250 46.3229
3 -3.532280  6.163740 46.2922
3  5.736930  5.772590 46.2668
3 -2.122230  6.595540 46.2770
3  0.445322  7.127640 46.3441
3  1.865710  7.107160 46.3087
3  4.432310  6.522230 46.3115
3 -8.047650  2.162500 47.8947
3  8.155380  1.948100 47.8455
3  8.305160  0.489160 47.9011
3 -7.212530  3.388670 47.9269
3  7.178970  4.322680 47.8910
3 -5.322130  5.222280 47.9011
3 -4.054020  5.956810 47.8811
3  6.133090  5.382700 47.8507
3 -1.547730  6.712110 47.8801
3 -0.123016  6.966970 47.8489
3  2.490080  7.029540 47.8334
3  3.891300  6.747500 47.8728
3 -8.447760  0.122419 49.5098
3 -8.212110  1.594440 49.4966
3 -8.004060  2.152240 51.0158
2 -2.447780  1.862290 51.0483
2 -2.373800  0.698652 50.2697
2  0.077116  0.657502 50.6966
3  8.021030  1.912030 50.9985
3  8.221250  0.457187 51.0175
3 -7.169160  3.354800 51.0872
3 -6.762750  3.847950 49.4999
3  7.441980  3.895920 49.4807
3  8.003290  2.520380 49.4024
3 -5.790310  4.935410 49.5380
3 -5.310650  5.170270 51.0620
3 -4.095930  5.940580 51.0533
3 -3.483340  6.176230 49.4736
3  5.673680  5.772840 49.4580
3  7.145990  4.346280 51.0270
3  6.095480  5.375870 51.0281
3 -2.107270  6.577020 49.4806
3 -1.576200  6.777570 51.0700
3 -0.120971  6.950630 51.0498
3  0.450077  6.994770 49.4488
3  1.901270  7.169490 49.4241
3  2.523420  7.173760 51.0371
3  3.903910  6.869400 51.0188
3  4.413860  6.526790 49.4470
3 -8.564450  0.201352 52.6592
3 -8.279350  1.638700 52.6269
2 -4.437300  0.951592 52.2085
2 -3.549270  2.037630 51.9863
2 -0.033126  1.911840 51.3715
2  1.603510  0.597422 52.4131
2  0.882975  1.850680 52.4692
3 -6.815500  3.894750 52.6744
2 -3.053260  2.817470 53.0935
2 -1.621080  3.138690 52.8562
2 -1.253750  2.547650 51.6176
3  7.475710  3.888420 52.6004
3  7.995310  2.478230 52.5980
3 -5.799540  4.973790 52.6493
3 -3.548890  6.146600 52.6161
3  5.709380  5.809520 52.5842
3 -2.109430  6.459490 52.6257
3  0.489305  7.102310 52.6189
3  1.947880  7.233010 52.6418
3  4.509290  6.619060 52.5780
2 -4.409260  1.333730 54.6261
2 -4.951800  0.633121 53.5545
2  1.930810 -0.075283 53.5717
2  1.562220  0.473409 54.8117
3  7.993410  1.907590 54.1524
3  8.174550  0.432165 54.1832
3 -7.999720  2.182080 54.2451
3 -7.170100  3.334780 54.2236
2 -3.424110  2.357180 54.3386
2 -1.163990  2.732900 55.2336
2 -0.659848  3.072710 53.9362
2  0.605954  2.429190 53.7302
2  0.947293  1.718510 54.9284
3  7.125730  4.408360 54.1551
3 -4.101400  5.998920 54.2136
3 -5.347590  5.281110 54.2289
3  6.156720  5.460280 54.1774
3 -0.073428  7.001410 54.1638
3 -1.518140  6.787950 54.1940
3  2.552180  7.149310 54.1575
3  3.971710  6.940310 54.1621