372

3  0.258358 -8.475970 56.2387
3  1.615160 -8.213400 56.2987
3 -2.410640 -7.884930 55.9596
3 -3.373930 -6.918620 55.8716
3 -1.940590 -8.253500 57.2644
3  4.190380 -7.158960 56.3241
3  5.348610 -6.403100 56.2916
3 -3.817100 -6.312040 57.0599
3 -4.255540 -4.945730 56.9772
3 -4.209360 -4.253460 55.7586
3  7.451740 -4.647840 56.1960
3 -5.124460 -2.305710 56.8677
3 -4.571590 -2.889040 55.7154
3  8.085750 -3.438330 56.1565
3 -5.534930 -0.249545 55.6420
3 -5.579980 -0.984104 56.8349
3  8.512650 -0.723206 56.1854
3  0.082589 -8.422650 58.5860
3 -0.542442 -8.525380 57.3861
3  2.248080 -8.033060 57.5202
3  1.448460 -8.143390 58.6760
3 -3.652000 -6.893570 58.3615
3 -2.638100 -7.883190 58.4221
3  3.522870 -7.525320 57.5100
3  4.089550 -7.117630 58.7363
3  5.240930 -6.317060 58.7076
3  5.919470 -6.047880 57.4775
3 -4.802220 -4.338930 58.1230
3 -4.821040 -4.998910 59.4134
3  6.981250 -5.153890 57.4591
3  7.254490 -4.500890 58.6224
3 -5.644960 -2.337130 59.2506
3 -5.207380 -3.004920 58.0916
3  7.978710 -3.327890 58.6023
3  8.290990 -2.797970 57.3733
3 -6.082960 -0.305013 57.9719
3 -6.091850 -0.984401 59.1989
3  8.517180 -1.429880 57.3842
3  8.720720 -0.690054 58.5624
3 -0.014728 -8.118330 60.9960
3 -0.659538 -8.402010 59.7702
3 -4.126470 -6.195770 59.4750
3 -3.734570 -6.648150 60.7307
3 -2.041670 -8.094310 59.6866
3 -2.683620 -7.588070 60.8146
3  2.070010 -7.803410 59.8857
3  1.349510 -7.795530 61.0516
3  3.322750 -7.128990 59.8971
3  3.807660 -6.586120 61.0689
3  5.073320 -6.047220 61.1212
3 -5.296670 -4.348180 60.5644
3  5.663660 -5.760370 59.9273
3  6.784240 -4.915420 59.8593
3  7.245500 -4.366420 61.0521
3 -5.624490 -2.980740 60.4988
3  8.420580 -2.718560 59.8153
3  8.146510 -3.307340 61.0581
3 -6.509380 -0.333833 60.3720
3  8.822610 -1.374010 59.7876
3  9.069880 -0.714761 60.9887
3 -0.813879 -8.099870 62.1742
3 -3.965200 -6.593920 63.1524
3 -4.266350 -6.070190 61.8897
3 -2.153680 -7.813190 62.0926
3 -2.880530 -7.466730 63.2638
3 -0.204735 -7.854330 63.4186
3  1.900820 -7.374070 62.2555
3  3.112920 -6.706110 62.2746
3 -5.706050 -4.423520 62.9469
3 -5.195170 -5.024560 61.7851
3  5.558580 -5.537080 62.3093
3  6.685410 -4.748930 62.2901
3 -6.117920 -2.381920 61.6866
3 -6.097720 -3.102380 62.8585
3  8.449510 -2.634470 62.2774
3 -6.610040 -1.049190 61.5672
3 -7.030290 -0.414703 62.7509
1 -1.371150 -0.829266 63.1834
1 -0.003004 -1.282840 63.3369
3  9.031800 -1.346530 62.2369
3 -4.609160 -6.115270 64.3167
3 -4.234160 -6.615790 65.5427
3 -2.311320 -7.701870 64.5463
3 -0.931369 -7.936900 64.6085
3  1.104530 -7.286930 63.4096
3  1.624620 -6.980740 64.6665
3  2.931710 -6.433520 64.6867
3  3.619750 -6.211300 63.4632
3 -5.431670 -5.031690 64.2028
3 -6.033840 -4.447740 65.3142
3  4.855690 -5.635650 63.4793
3  5.336300 -5.316430 64.7286
3  7.065910 -4.172910 63.5124
3  6.509360 -4.556370 64.7594
3 -6.615950 -2.488630 63.9844
3 -6.681250 -3.198700 65.2130
1 -3.843450 -1.885180 65.4769
1 -2.979310 -3.015440 65.4459
1 -2.107450 -2.894260 64.3099
1 -0.786271 -3.335110 64.4615
1  0.288013 -2.513410 63.9495
1  1.392970 -2.607810 64.8811
3  7.956300 -3.111160 63.4912
3  8.324030 -2.518440 64.7053
3 -7.013840 -1.124870 63.9651
3 -7.236000 -0.468621 65.1528
1 -3.496830 -1.013630 64.3804
1 -2.415650 -1.638800 63.6494
1  0.806425 -0.122804 63.6481
1  2.169490 -1.481080 65.1893
1  1.878560 -0.213179 64.5556
3  9.188190 -0.662516 63.4555
3  8.972010 -1.279140 64.7013
3 -3.121090 -7.433780 65.6966
3 -1.121160 -7.756990 67.0523
3 -2.573660 -7.676430 66.9568
3  1.008710 -7.344450 65.8636
3 -0.339643 -7.769190 65.8830
3  1.582340 -7.069220 67.0915
3  2.886930 -6.622680 67.1554
3  3.512120 -6.268440 65.9604
3 -5.771090 -5.043230 66.5600
3 -4.928470 -6.160240 66.6489
1 -1.246730 -4.105440 66.7612
1 -0.346126 -3.938140 65.7000
3  4.776460 -5.716170 65.9423
3  5.402000 -5.420510 67.1422
3  6.544410 -4.598470 67.1506
3  7.067490 -4.086530 65.9313
3 -7.062170 -2.580630 66.3828
1 -2.598640 -3.648870 66.6283
1  1.000520 -3.484680 65.9637
1  1.439670 -3.289750 67.2857
1  2.263260 -2.130970 67.5885
3  8.055150 -3.130500 65.9461
3  8.469280 -2.577140 67.1553
3 -7.375960 -1.208240 66.3500
1 -4.281200 -1.416520 66.7129
1 -4.306930  0.007546 66.8985
1  2.596020 -1.233740 66.5474
3  9.127730 -1.305020 67.1947
3  9.294070 -0.622614 65.9512
3 -4.575780 -6.665830 67.9234
3 -3.271340 -7.305610 68.0640
3 -1.266610 -7.192640 69.3834
3 -2.667080 -7.228880 69.3024
3 -0.511075 -7.481930 68.2454
3  0.909617 -7.338120 68.2778
3  1.553290 -7.054020 69.5294
3  3.539990 -6.409830 68.3742
3 -6.278580 -4.487740 67.7248
3 -6.143910 -5.130900 68.9789
3 -5.278260 -6.246530 69.0900
3  4.739570 -5.739040 68.3500
3  6.983270 -4.058900 68.3663
3 -7.276920 -2.577450 68.8146
3 -6.918370 -3.239440 67.5948
1 -3.919880 -2.050300 67.9683
1 -3.054200 -3.167120 67.9165
1 -1.949840 -3.319880 68.8551
1 -0.831901 -3.889950 68.1195
1  0.484352 -3.462850 68.3674
1  0.704707 -2.404410 69.3285
3  7.937950 -3.070240 68.3833
3 -7.542140 -0.517918 67.5422
3 -7.531590 -1.224510 68.7640
1 -3.684690 -0.994725 68.9298
1  1.791110 -1.578900 68.8488
1  1.749480 -0.188637 69.0281
3  9.177740 -0.614903 68.4040
3 -4.808750 -6.668880 70.3929
3 -3.412540 -6.932610 70.4708
3 -0.616207 -6.822180 70.5571
3  0.731554 -6.742940 70.6340
3  2.886450 -6.706860 69.5825
3  3.488620 -6.314030 70.7861
3 -6.714750 -4.565280 70.1372
3  4.779570 -5.793630 70.7739
3  5.371020 -5.447850 69.5638
3  6.511770 -4.596530 69.5845
3  7.076810 -4.193130 70.8130
3 -7.218410 -3.281080 70.0397
1 -1.728680 -2.277260 69.7823
3  7.913700 -3.055210 70.8518
3  8.278300 -2.517980 69.6184
3 -7.515290 -0.549188 69.9565
1 -2.600870 -1.118080 69.8177
1 -0.371846 -1.827270 70.0274
1 -0.415037 -0.393941 70.2094
3  8.943560 -1.270160 69.6148
3  9.044690 -0.614183 70.8634
3 -6.240740  1.830690 56.7655
3 -5.842160  1.112600 55.6141
3  8.416360  0.684202 56.2080
3 -5.994190  3.194970 56.8694
3 -5.749660  3.913720 55.6906
3  8.176830  3.405980 56.1814
3 -5.158150  5.198180 55.7958
3 -4.770920  5.747860 57.0417
3  7.671880  4.707380 56.2252
3 -3.332190  7.338400 55.8952
3 -3.877660  6.854780 57.0889
3 -2.062700  7.940560 55.9658
3  4.788660  7.656760 56.2315
3  5.970780  6.927090 56.2515
3  0.661460  8.513710 56.1371
3  2.060680  8.422210 56.1554
3 -6.364380  1.100380 57.9344
3  8.619840  1.380170 57.3698
3  8.731470  0.707577 58.5832
3 -5.803720  3.827940 58.0807
3  8.391260  2.765230 57.3785
3  8.272600  3.421780 58.5681
3 -5.094080  5.041920 58.2256
3  7.390270  5.334620 57.4356
3  7.861590  4.723420 58.6300
3 -3.359740  7.228660 58.3621
3 -2.211060  7.979850 58.4217
3 -1.481920  8.272730 57.2259
3  4.616750  7.370330 58.6355
3  4.030200  7.720630 57.4212
3  6.504850  6.413130 57.4325
3  5.835190  6.728360 58.6294
3 -0.121204  8.480280 57.2784
3  0.536210  8.188720 58.5160
3  2.692960  8.098640 57.3709
3  1.936210  8.011860 58.5165
3 -6.513090  1.741720 59.1575
3 -6.697850  1.039490 60.3454
3  8.790890  1.353240 59.8064
3  9.043410  0.748557 61.0161
3 -6.053500  3.095150 59.2603
3 -5.898100  3.742950 60.5343
3  8.605090  2.734780 59.7593
3  8.317110  3.289510 61.0249
3 -5.148140  4.899750 60.6037
3 -4.678440  5.486410 59.4735
3  7.336550  5.140630 59.8422
3  7.698880  4.504460 61.0300
3 -3.881410  6.626060 59.5234
3 -3.406980  7.023610 60.7888
3 -2.238580  7.810080 60.8372
3 -1.566490  8.072150 59.6801
3  0.503197  8.327450 60.9553
3 -0.184094  8.214100 59.7340
3  2.532100  7.838230 59.7746
3  1.840630  8.104030 60.9510
3  4.525340  7.205080 61.0213
3  3.947440  7.558320 59.8325
3  6.330620  6.118050 59.8254
3  5.745280  6.483650 61.0651
3 -6.892360  1.727300 61.5768
3 -7.055150  0.990350 62.7621
1 -1.407440  0.605946 63.3894
3  9.062250  1.381740 62.2462
3 -6.469050  3.078540 61.6569
3 -6.058730  3.649130 62.8726
3  8.602730  2.689100 62.2516
3 -5.257660  4.798130 63.0048
3 -4.687950  5.306370 61.8622
3  7.294820  5.040960 62.2250
3 -3.857050  6.464230 61.9743
3 -3.401550  6.932380 63.1936
3 -1.610170  8.026030 62.0737
3 -2.234300  7.685160 63.2820
3 -0.247109  8.337500 62.1227
3  2.529570  7.849640 62.1641
3  3.823580  7.325140 62.2256
3  6.301640  6.050840 62.2696
3 -7.008650  1.659880 64.0006
3 -7.200380  0.919834 65.1856
1 -3.560480  0.377216 64.5543
1 -2.496730  1.232900 64.0394
1 -2.255300  2.274440 65.0449
1 -0.055203  1.035880 63.6783
1  0.176537  2.037480 64.6344
1  1.277010  1.923920 65.5634
1  2.155370  0.832151 65.5210
3  9.118370  0.705043 63.4641
3  9.081330  1.378480 64.7020
3 -6.427450  2.956070 64.0392
3 -6.233850  3.598570 65.2961
1 -0.933270  2.685890 65.3183
3  8.314880  3.247860 63.4764
3  8.600980  2.677610 64.7166
3 -4.848110  5.364100 64.2378
3  7.724290  4.507970 63.4642
3  7.275040  5.047080 64.6891
3 -4.011170  6.489230 64.3563
3 -1.607690  8.098630 64.5042
3 -0.242638  8.472390 64.5164
3  0.482198  8.421960 63.3054
3  1.818370  8.031810 63.3625
3  4.458030  7.030650 63.4527
3  3.760870  7.307840 64.6056
3  5.672020  6.388110 63.4644
3  6.169150  5.884310 64.6711
3  2.483080  7.852670 64.5734
3 -7.028430  1.587190 66.3623
1 -3.961430  0.876632 65.8465
1 -3.162150  2.037280 66.1507
3  9.366010  0.772960 65.9522
3  9.315550  1.484060 67.1561
3 -6.616660  2.898610 66.4373
1 -2.729790  2.267050 67.4644
1  0.853256  2.450660 66.8261
1 -0.505878  2.931960 66.6874
3  8.476140  3.358130 65.9461
3  8.847350  2.794190 67.1924
3 -5.377190  4.728790 65.4076
3 -5.020340  5.278560 66.6224
3 -3.951720  6.224880 66.7143
3  7.090510  4.943860 67.1599
3  7.644280  4.493490 65.9441
3 -3.485990  6.947140 65.5929
3 -2.289780  7.719610 65.6585
3 -1.547280  7.749210 66.8423
3 -0.275782  8.323480 66.9090
3  0.468165  8.426940 65.7135
3  4.319130  6.958110 65.8401
3  3.793110  7.426210 67.0477
3  5.484370  6.204630 65.8723
3  6.069670  5.908470 67.1045
3  2.536390  8.014990 66.9958
3  1.852620  8.187560 65.7909
3 -7.348660  0.875547 67.5446
3 -7.103760  1.469120 68.7535
1 -3.900350  0.264753 68.2484
1 -3.133590  1.391750 68.5362
1 -2.045150  1.271980 69.4701
1 -0.968327  2.102190 68.9954
1  0.362271  1.694210 69.1399
1  1.266930  1.869040 68.0286
1  2.162940  0.727295 67.9865
3  9.327410  0.773126 68.4193
3 -6.310180  3.494060 67.6824
3 -6.545230  2.787860 68.8548
1 -1.393770  2.732180 67.7537
3  8.427970  3.376780 68.4218
3 -5.492860  4.640760 67.7849
3 -4.859150  5.010420 68.9941
3 -3.745360  5.840020 69.1133
3  7.499480  4.445350 68.3781
3 -3.224450  6.381950 67.9599
3 -2.141160  7.261190 68.0442
3 -1.420500  7.477090 69.2641
3  0.454221  8.468210 68.1296
3 -0.215852  8.214110 69.3368
3  2.567270  8.270890 69.4101
3  4.451910  7.274930 68.2437
3  5.555860  6.399100 68.3008
3  1.824830  8.302980 68.1914
3 -7.224280  0.802357 69.9647
1  0.644982  0.411266 69.7518
3  9.004440  1.451930 69.6419
3  9.094230  0.772975 70.8645
3 -6.120200  3.344900 70.0565
3  8.651500  2.767160 69.6566
3  8.195990  3.387190 70.8249
3 -5.229450  4.371830 70.1691
3 -3.165120  6.187510 70.3287
3  7.056850  5.046030 69.5659
3  7.471390  4.563070 70.8155
3 -1.996640  6.958520 70.4166
3  0.473919  8.216190 70.5577
3  1.867540  8.328120 70.6158
3  3.853590  7.714860 69.4501
3  4.488640  7.376350 70.6832
3  6.106530  6.045580 69.4961
3  5.556590  6.495830 70.6897
1  2.596890  0.201513 66.7548
1 -1.790580  0.047379 70.1132