288

1  2.278680 -1.019270 26.4037
3 -2.198420 -7.091290 27.5331
3 -0.772392 -7.091460 27.5307
3  1.765710 -6.500520 27.4426
3 -6.415140 -5.285210 29.0030
3 -4.769560 -6.552710 27.4831
3 -5.926540 -5.672350 27.4458
3 -4.213290 -6.730030 29.0813
3  3.213520 -6.037630 27.5098
3  3.761320 -5.872380 29.0624
3  5.587120 -4.903380 27.5533
3 -8.211210 -2.352870 27.4494
3 -7.664280 -3.710170 27.4107
3 -7.322850 -4.178320 29.0016
3  6.596490 -3.865830 27.4925
3 -8.417170 -1.857830 29.0797
3 -8.509390 -0.403575 29.0127
3  8.116710 -1.652530 27.5179
3  8.358890 -0.170003 27.4764
3 -2.804990 -7.036690 29.1158
3 -2.251940 -7.187990 30.6388
3 -0.233869 -7.108240 29.0147
3 -0.794144 -7.272140 30.5885
3  1.167120 -6.706010 29.0259
3  1.694350 -6.488060 30.5869
3 -4.808220 -6.507890 30.6331
3 -5.972090 -5.669060 30.5848
3  3.131620 -6.025920 30.5698
3  5.108440 -5.229450 29.0880
3  5.639360 -5.034910 30.6148
3 -8.345700 -2.486710 30.6011
3 -7.739580 -3.789960 30.6013
2  1.397810 -2.026040 30.3330
3  6.690610 -3.975540 30.6597
3  7.011120 -3.439210 29.0807
3  7.860760 -2.199300 29.1107
2 -0.877658 -1.307940 30.6630
2 -0.182806 -0.298968 29.9417
2  1.181270 -0.734732 29.7354
2  2.212820  0.224248 29.7860
2  3.473400  0.034930 30.4467
3  8.009570 -1.651480 30.6932
3  8.284390 -0.221055 30.6812
3 -2.820260 -7.147520 32.2342
3 -0.246689 -7.129900 32.1885
3  1.189260 -6.695580 32.2026
3 -6.355980 -5.334810 32.2088
3 -7.335420 -4.173750 32.1652
3 -4.276870 -6.822800 32.2212
3  3.682270 -5.833420 32.1993
3  5.055060 -5.312190 32.1926
2  0.082375 -2.977610 32.2233
2  0.072401 -2.355920 30.9489
2  2.597960 -2.275240 31.0590
2  2.565960 -2.898020 32.3957
3  6.907350 -3.441650 32.1946
3  7.768670 -2.200430 32.2640
3 -8.383680 -1.843610 32.1648
3 -8.573480 -0.407938 32.1392
2 -1.831620 -0.952730 31.6493
2 -1.868250 -1.594510 32.9058
2  3.579220 -1.213820 31.1081
2  4.155740 -1.185990 32.4377
3 -2.248010 -7.182860 33.8007
3 -0.839824 -7.194610 33.7713
3  1.764320 -6.454020 33.8005
3 -4.833680 -6.605350 33.8000
3 -5.931400 -5.706880 33.8011
3  3.163870 -6.100620 33.7867
3  5.526300 -4.969430 33.8024
3 -8.245460 -2.445180 33.7501
3 -7.672460 -3.738080 33.7488
2 -0.946209 -2.603050 33.2138
2 -0.251761 -2.541120 34.5292
2  1.326530 -3.279640 32.9306
2  1.127440 -2.953960 34.3147
2  3.520150 -2.219810 33.1830
3  6.607040 -3.875360 33.7990
2 -2.174930 -0.560123 33.8691
2  4.614470  0.025540 33.0286
2  4.415610  0.321023 34.4344
3  7.983380 -1.648810 33.8007
3  8.299280 -0.224408 33.7498
3 -4.315850 -6.857160 35.3571
3 -2.846670 -7.166970 35.3523
3 -2.253460 -7.204360 36.9002
3 -0.857132 -7.135200 36.8949
3 -0.229057 -6.992800 35.3339
3  1.194970 -6.633270 35.3666
3  1.722970 -6.382070 36.9548
3  3.142910 -6.020550 36.9482
3 -6.382750 -5.214180 35.3186
3 -7.412130 -4.243100 35.3629
3 -4.881890 -6.572490 36.9065
3 -5.929710 -5.661180 36.8925
3  3.702330 -5.856140 35.3593
3  5.046980 -5.298210 35.3504
3  5.480580 -4.916750 36.9458
3 -8.320850 -2.360730 36.8844
3 -7.736540 -3.701490 36.9329
2  2.116150 -2.396080 35.1802
2  3.379900 -1.976030 34.5469
3  6.928510 -3.384420 35.3845
3  7.730280 -2.191700 35.3525
3  6.494020 -3.872730 36.9194
3 -8.370600 -1.883360 35.3036
3 -8.573820 -0.411178 35.3260
2 -0.615229 -1.568600 35.4641
2 -1.528730 -0.527090 35.1132
2  0.432673 -0.955314 36.3075
2  1.765140 -1.331000 36.1448
2  3.797280 -0.720056 35.1421
2  2.795030 -0.291869 36.1017
3  8.007980 -1.673140 36.9019
3  8.414160 -0.290332 36.9680
3 -4.327690 -6.760540 38.4702
3 -2.906810 -7.024160 38.4961
3 -0.280476 -6.909370 38.4937
3  1.102290 -6.469680 38.4983
3 -6.420340 -5.308360 38.4764
3 -7.480920 -4.221540 38.5227
3  3.681210 -5.826830 38.5612
3  5.005620 -5.270190 38.5209
3  6.947100 -3.402470 38.4226
3  7.780500 -2.198270 38.4374
3 -8.373810 -1.867060 38.5253
3 -8.497010 -0.373709 38.5404
3 -4.811660 -6.584730 40.0348
3 -2.298190 -7.020050 40.0596
3 -0.815159 -7.122420 40.0689
3  1.708890 -6.252140 40.0516
3  3.118940 -5.927730 40.0668
3 -6.027960 -5.710410 39.9928
3  5.565990 -4.893680 39.9971
3 -8.344840 -2.457520 40.0597
3 -7.800150 -3.822010 40.0503
3  6.541670 -3.795240 40.0314
1 -0.557242 -0.189229 40.4217
1  1.937590 -0.558393 40.2870
1  0.650567 -1.068380 40.4776
3  7.861580 -1.627310 40.0423
3  8.371740 -0.229015 40.0193
1 -0.093325 -0.376656 26.4967
1  1.320470 -0.082855 26.7216
1  1.538150  1.305190 26.5905
1  0.253222  1.948430 26.2205
1  2.729690  1.763420 26.1635
3 -8.040780  1.562790 27.4095
3 -8.317210  0.152363 27.4191
3 -6.914450  3.934830 27.4901
3  7.434140  3.700370 27.5330
3  7.941210  2.320790 27.5354
3 -5.902430  5.015230 27.4855
3 -3.573390  6.223670 27.4214
3  5.510870  5.477830 27.4757
3 -2.087120  6.614940 27.4162
3  0.352743  7.230030 27.4292
3  1.857890  7.019650 27.4504
3  4.316580  6.337260 27.4653
3 -8.525980  0.197417 30.5765
3 -8.073360  1.592720 30.6139
2  0.523676  2.036610 30.0614
2 -0.523168  1.067160 30.0284
2  1.840410  1.657280 29.8502
2  2.907640  2.258130 30.7347
3  8.184590  1.835150 29.0778
3  8.414590  0.355150 29.0802
3 -7.778830  2.035890 29.0213
3 -7.193090  3.370830 29.0623
3 -6.812060  3.821250 30.6059
3  7.439390  3.741480 30.6305
3  8.010160  2.394010 30.6490
3 -5.319200  5.301950 29.0581
3 -5.724700  4.773600 30.6317
3 -4.039050  5.948680 29.0531
3 -3.479300  6.053890 30.6235
3  5.517680  5.484810 30.6178
3  7.081930  4.258480 29.0932
3  5.940340  5.132690 29.0582
3 -2.054520  6.498270 30.6132
3 -1.560210  6.634260 29.0378
3 -0.186333  7.154790 29.0192
3  0.422598  7.173580 30.6231
3  1.823380  7.272660 30.5974
3  2.428600  7.063510 29.0288
3  3.813400  6.627670 29.0434
3  4.342900  6.338910 30.6008
2 -1.582590  1.438370 30.9833
2 -2.212270  0.444575 31.7366
2  3.941730  1.253850 30.9941
2  4.517040  1.297110 32.3043
3  8.076510  1.803400 32.2596
3  8.331400  0.351269 32.2315
3 -7.887260  2.087160 32.1909
3 -7.224950  3.388630 32.1899
2 -1.333050  2.902820 32.9993
2 -1.143440  2.677010 31.6228
2  0.206859  2.990420 31.0636
2  1.162610  3.729480 31.7963
2  2.517860  3.284210 31.6269
3 -5.297850  5.176620 32.2419
3 -3.973350  5.771100 32.2476
3  7.119100  4.227780 32.2078
3  5.968280  5.119720 32.1993
3 -1.495340  6.666910 32.2234
3 -0.109184  7.193630 32.2026
3  2.471720  7.181660 32.1725
3  3.856330  6.655190 32.1575
3 -8.535280  0.123750 33.7411
3 -8.069550  1.559640 33.6999
2 -2.381590  0.712249 33.1766
2 -1.935180  1.889360 33.7708
2  4.219140  2.292820 33.2531
2  4.114600  1.718380 34.5664
3 -6.778380  3.848400 33.7924
2  0.925230  3.903990 33.2002
2 -0.310390  3.610600 33.8011
2  2.186070  3.595230 33.8857
2  3.163440  3.215360 32.9083
3  7.375480  3.675520 33.8026
3  7.936700  2.295620 33.8337
3 -5.716680  4.807680 33.8248
3 -3.471730  6.146420 33.7471
3  5.618930  5.647830 33.8018
3 -2.079720  6.654950 33.8048
3  0.440371  7.200200 33.8124
3  1.925290  7.291440 33.8017
3  4.412840  6.503020 33.7327
3 -8.501000  0.174110 36.9187
3 -8.108230  1.577340 36.8643
3 -7.894760  2.132810 35.3169
2 -1.353880  1.925050 35.0921
2 -1.133550  0.724043 35.7159
2  0.114343  0.454108 36.3697
2  1.122240  1.437720 36.4897
2  2.541160  1.084550 36.3272
2  3.138910  2.060670 35.4978
3  8.133960  1.700540 35.3907
3  8.474540  0.273567 35.3676
3 -7.226580  3.435380 35.3246
3 -6.920800  3.911300 36.9199
2 -0.391799  2.997170 35.1375
2  0.868652  2.674990 35.7842
2  2.144080  3.027660 35.1492
3  7.181080  4.216620 35.4094
3  7.468160  3.733490 36.9261
3  7.942870  2.346340 36.9373
3 -5.316340  5.263180 35.4015
3 -5.866390  4.921270 36.9366
3 -4.027970  6.036970 35.3633
3 -3.501290  6.171460 37.0024
3  5.648200  5.643870 36.8966
3  4.427620  6.416160 36.9302
3  6.101250  5.272150 35.3616
3 -2.188140  6.576580 36.9857
3 -1.529890  6.765400 35.3946
3 -0.072583  7.113540 35.3445
3  0.458942  7.242370 36.8790
3  1.904660  7.318530 36.9178
3  2.504480  7.263870 35.3507
3  3.855390  6.729410 35.3281
3 -7.896780  2.100980 38.4477
3  8.021520  1.794440 38.4928
3  8.316060  0.331498 38.4972
3 -7.283200  3.454890 38.4948
3  7.173030  4.249050 38.5155
3 -5.357810  5.239520 38.5472
3 -4.027230  5.819790 38.5823
3  6.210300  5.361300 38.4494
3 -1.541280  6.681920 38.4545
3 -0.140853  7.027550 38.4620
3  3.838700  6.586490 38.4886
3  2.512340  7.150130 38.4540
3 -8.499100  0.211951 39.9839
3 -8.220170  1.628830 39.9818
1 -0.322290  1.239850 40.3687
1  1.089200  1.696360 40.3180
1  2.192060  0.855520 40.2628
3 -6.911240  3.877030 40.0010
3  7.363150  3.736730 40.0874
3  7.919350  2.403810 40.0547
3 -5.865660  4.802460 40.0797
3 -3.531070  6.041290 40.1048
3  5.660570  5.654060 40.0567
3  4.468440  6.497280 40.0707
3 -2.059750  6.435850 40.0706
3  0.436914  7.174810 40.0343
3  1.889870  7.135520 39.9958