311

2 -1.771000 -0.765654 108.997
2  2.740170 -1.035040 108.828
3 -5.255070 -6.665920 110.202
3 -2.917080 -8.102530 110.225
3 -1.474070 -8.200150 110.173
3  1.117260 -7.896490 110.152
3  2.400970 -7.217050 110.157
3  2.941930 -6.897200 111.612
3 -6.196880 -5.606860 110.150
3  4.521930 -5.638350 110.218
3  5.457530 -4.496810 110.166
3 -7.298340 -3.156200 110.133
3 -7.577990 -1.761670 110.117
2 -1.392640 -0.657427 110.342
2 -0.154013 -1.112400 110.882
2  0.815064 -1.686710 109.962
2  2.178730 -1.252140 110.174
2  2.595000 -0.434331 111.221
3  6.769200 -2.237020 110.253
3  7.174410 -0.795658 110.218
3 -5.252670 -6.621270 113.055
3 -4.821030 -7.134120 111.652
3 -3.559400 -7.835590 111.635
3 -2.960180 -8.021460 113.083
3 -1.544460 -8.195430 113.062
3 -0.860694 -8.212790 111.605
3  0.553802 -7.996380 111.593
3  1.142110 -7.908170 113.024
3  2.385270 -7.171470 113.099
3 -6.602260 -5.130080 111.562
3 -6.267810 -5.601580 113.053
3  4.080520 -6.099360 111.615
3  4.450860 -5.618920 113.083
3  5.305850 -4.506460 113.089
3 -7.111210 -3.773880 111.606
3 -7.283510 -3.182140 113.047
3  6.365720 -2.751940 111.731
3  5.695590 -4.002720 111.703
3  6.603240 -2.171590 113.098
3 -7.603140 -1.151290 111.570
3 -7.543140 -1.777890 113.079
2  0.275550 -0.215693 111.941
3  7.171920 -0.149254 111.590
3  7.010620 -0.792511 113.065
3 -4.787220 -7.016540 114.495
3 -3.538210 -7.819120 114.484
3 -0.920384 -8.167010 114.497
3  0.521487 -8.049910 114.485
3  2.828280 -6.834490 114.530
3 -6.588890 -5.088170 114.455
3  4.012040 -6.048250 114.553
3 -7.139050 -3.761290 114.462
1 -0.736039 -2.413650 115.577
3  5.619320 -3.955300 114.619
3  6.406460 -2.674460 114.531
3 -7.693610 -1.161550 114.526
1 -2.125520 -1.996030 115.626
1 -2.133650 -0.510459 115.732
1  0.118356 -1.265520 115.635
3  7.094500 -0.218438 114.567
3 -5.179090 -6.551050 115.922
3 -4.817880 -7.063690 117.391
3 -3.543320 -7.746390 117.429
3 -2.973030 -8.057680 115.974
3 -1.553320 -8.164940 115.962
3 -0.918134 -8.327160 117.375
3  0.565842 -8.154160 117.342
3  1.093560 -7.944270 115.938
3  2.408400 -7.302230 115.919
3  2.982170 -7.093120 117.407
3 -6.503530 -5.125320 117.349
3 -6.253300 -5.641920 115.930
1 -1.214570 -4.465200 116.856
1 -0.470248 -4.968610 118.029
1  0.928206 -4.500830 117.939
3  4.466470 -5.590620 116.101
3  4.071850 -6.117390 117.438
3  5.287580 -4.407460 116.069
3 -7.147180 -3.836650 117.387
3 -7.252970 -3.187960 115.954
1 -2.543000 -4.085610 116.962
1 -3.018700 -2.802340 116.323
1 -0.307133 -3.641900 116.120
1  0.993200 -3.707820 116.712
1  1.818030 -2.597930 116.790
3  5.728120 -3.990010 117.467
3  6.326060 -2.719760 117.522
3  6.562660 -2.095750 116.045
3 -7.629690 -1.784280 115.951
3 -7.587840 -1.148210 117.450
1 -3.792660 -2.142500 117.344
1 -3.891850 -0.759768 117.511
1  1.431770 -1.409810 116.160
1  2.548890 -2.263450 117.973
1  1.914210 -0.241584 116.928
3  6.933210 -0.686363 116.063
3  7.042770 -0.161053 117.532
3 -5.241650 -6.714230 118.880
3 -2.974010 -7.959080 118.843
3 -1.581670 -8.268750 118.809
3  1.175400 -7.885450 118.867
3  2.458710 -7.263740 118.872
3 -6.236050 -5.618580 118.861
1 -1.113430 -5.014030 119.275
1 -2.502110 -4.692760 119.421
3  4.536340 -5.700060 118.992
3  5.394290 -4.557820 118.977
3 -7.382380 -3.253790 118.937
1 -3.177780 -4.154530 118.297
1 -3.947630 -3.022400 118.475
1 -4.136520 -2.480820 119.762
1  1.631450 -4.208610 119.107
1  2.504150 -3.074100 119.149
3 -7.598720 -1.834940 118.938
1 -4.143490 -1.033240 119.915
1  2.468070 -0.240729 119.356
1  2.615620 -0.809192 118.083
3  6.480310 -2.108230 118.978
3  6.913040 -0.742784 119.022
3 -5.296490 -6.718370 121.746
3 -4.798700 -7.054630 120.316
3 -3.517770 -7.755860 120.336
3 -2.968520 -8.145680 121.784
3 -1.522360 -8.238630 121.769
3 -0.904457 -8.308430 120.329
3  0.533040 -8.091750 120.284
3  1.136080 -7.877840 121.695
3  2.431510 -7.328530 121.678
3  2.946290 -6.940780 120.320
3 -6.576280 -5.138180 120.391
3 -6.328270 -5.651920 121.812
1 -0.404808 -4.664610 120.472
1  0.980270 -4.350460 120.424
3  4.503150 -5.656730 121.820
3  4.031700 -6.078000 120.386
3  5.342330 -4.438040 121.843
3 -7.219160 -3.797200 120.341
3 -7.364700 -3.188110 121.857
1 -3.447430 -3.054740 120.942
1 -2.645420 -4.141800 120.805
1 -1.334180 -4.147200 121.408
1  0.521923 -2.681920 122.181
1  2.379040 -2.489460 120.485
1  1.465600 -3.256530 121.285
3  5.679470 -3.999460 120.412
3  6.281920 -2.669300 120.397
3  6.564460 -2.073390 121.842
3 -7.510740 -1.193150 120.367
3 -7.573180 -1.785770 121.825
1 -3.429320 -0.688412 121.121
1 -3.016990 -1.953680 121.731
1  2.394140 -1.067150 120.564
1  1.416370 -0.453206 121.466
3  6.881690 -0.701624 121.830
3  6.996070 -0.133481 120.413
2 -2.862100  1.460110 109.128
2  4.254800  2.119970 109.021
3  7.016450  3.906400 108.825
3 -3.991180  6.255900 108.842
2 -1.275210  4.626310 109.495
2  3.194180  4.357120 109.231
3  6.493200  5.224980 108.799
3 -3.010470  7.300650 108.812
3  3.441720  7.995070 108.824
3  4.579700  7.120230 108.817
3 -6.989120  0.836024 110.165
2 -2.484010  1.505600 110.552
2 -1.800910  0.451006 111.170
2  4.137830  0.752413 109.669
2  3.582280  0.597653 110.974
3  7.497570  1.880240 110.203
3  7.458370  1.273390 111.606
3 -6.419770  2.210670 110.201
2 -2.095280  2.869070 110.898
2 -2.154130  3.571900 109.687
2 -0.187996  4.170610 111.564
2  2.287570  4.000550 111.387
2  3.851080  3.215410 109.799
2  3.320720  3.019470 111.171
3  7.298000  3.279250 110.279
3 -5.269100  4.587730 110.317
3 -4.367810  5.719760 110.364
3 -3.988250  6.158780 111.792
2  0.964242  5.254950 109.697
2 -0.222934  4.893700 110.432
2  2.221970  4.867270 110.198
3  6.174620  5.713000 110.243
3 -2.567080  7.644160 110.262
3 -3.076430  7.263200 111.812
3 -1.237980  8.210420 110.324
3  1.441760  8.604270 110.238
3  2.866160  8.233240 110.243
3  4.686690  7.178240 111.761
3  5.130680  6.767270 110.271
3 -7.212870  0.269809 111.572
3 -7.207830  0.890050 113.124
2 -0.764882  0.750282 112.123
2 -0.469960  2.070400 112.590
2  1.642610  0.121439 112.160
2  2.003000  1.513030 112.534
2  3.119640  1.769540 111.707
3  7.250870  1.823530 113.071
3 -6.287720  2.762640 111.715
3 -5.555880  4.023590 111.776
3 -6.593800  2.180310 113.145
2 -1.136530  3.135660 111.877
2  1.105580  3.731750 112.105
2  0.978095  2.484450 112.799
3  6.954290  3.890480 111.711
3  7.158780  3.254040 113.071
3 -5.317770  4.573370 113.213
3 -4.327280  5.626640 113.207
3  6.494080  5.212970 111.698
3  6.220470  5.725100 113.142
3 -2.495190  7.552260 113.214
3 -1.158580  8.026560 113.108
3 -0.616961  8.295970 111.762
3  0.816086  8.575010 111.726
3  1.496620  8.616740 113.164
3  2.872290  8.156370 113.131
3  3.488050  8.037990 111.774
3  5.228050  6.750940 113.190
3 -7.465030  0.272076 114.515
1 -0.725064 -0.098868 115.762
3  7.227340  1.270930 114.542
3 -6.217790  2.722110 114.575
3 -5.495440  3.938810 114.592
3  7.068460  3.852540 114.614
3 -3.884030  6.058510 114.655
3  6.504330  5.169330 114.591
3 -2.979010  7.140380 114.664
3 -0.519087  8.218110 114.513
3  0.907864  8.562830 114.526
3  3.455900  7.899500 114.605
3  4.681260  7.117790 114.622
3 -7.332360  0.299288 117.501
3 -7.140140  0.827715 116.058
3 -6.665630  2.195030 116.071
1 -3.005320  0.131168 116.669
1 -2.512260  1.196570 117.555
1 -1.187120  1.664190 117.490
1 -0.283840  0.952005 116.534
1  1.065760  0.904532 117.146
3  7.218850  1.875860 116.038
3  7.165040  1.291040 117.536
3 -6.377860  2.773000 117.490
3 -5.633060  4.008710 117.515
3  7.103270  3.897680 117.529
3  7.232590  3.312060 116.056
3 -5.245990  4.478310 116.004
3 -4.316980  5.585300 116.042
3 -3.978370  6.062790 117.446
3  6.160670  5.715510 116.028
3  6.617980  5.289290 117.537
3 -2.929240  7.029460 117.470
3 -2.411610  7.470590 116.113
3 -1.077530  7.946070 116.077
3 -0.485404  8.046660 117.463
3  0.883668  8.341120 117.519
3  1.523890  8.444110 116.015
3  2.945660  8.142840 116.027
3  3.525760  7.905510 117.491
3  4.781960  7.210950 117.477
3  5.140090  6.729860 116.015
3 -7.096670  0.850102 118.961
3 -6.720700  2.242950 118.967
1 -4.059010 -0.196062 118.792
1 -3.198670  1.016040 118.834
1 -0.444179  1.976860 118.664
1 -1.068650  1.789800 119.931
1  0.924785  1.489520 118.480
1  1.592810  0.895750 119.534
3  7.320270  1.896230 119.013
3  7.235340  3.367890 118.944
3 -5.280300  4.497890 118.863
3 -4.455470  5.635540 118.884
3  6.207620  5.894280 118.948
3 -2.388890  7.290050 118.989
3 -1.073310  7.938010 119.025
3  1.503870  8.191600 119.088
3  2.949980  8.199500 119.048
3  5.218320  6.930410 118.922
3 -7.168170  0.245706 120.394
3 -7.137930  0.828114 121.851
3 -6.658890  2.171770 121.926
1 -2.404400  1.393820 120.026
1 -2.584060  0.499400 121.184
1 -1.236490  0.375313 121.694
1 -0.317275  1.174530 121.010
1  1.000930  0.814231 120.852
3  7.140190  1.880400 121.913
3  7.184560  1.302870 120.452
3 -6.465730  2.746600 120.413
3 -5.692200  3.997110 120.384
3  7.073520  3.342950 121.866
3  6.991210  3.982590 120.433
3 -5.329100  4.476230 121.874
3 -3.992140  6.018040 120.376
3 -4.487600  5.637050 121.842
3  6.307240  5.894180 121.785
3  6.586350  5.394710 120.426
3 -2.345890  7.245090 121.837
3 -2.899050  6.910060 120.354
3 -0.991090  7.763270 121.860
3  0.889988  8.326090 120.456
3 -0.485435  7.999780 120.461
3  3.028070  8.208260 121.841
3  1.561210  8.274430 121.852
3  3.555360  8.050770 120.443
3  4.789850  7.378830 120.359
3  5.445200  7.042670 121.784