343

3 -4.476940 -6.402660 11.7176
3 -1.887690 -7.082620 11.6433
3 -0.453216 -7.049610 11.6694
3  2.115930 -6.659070 11.6686
3 -5.741550 -5.735130 11.7084
3  3.468860 -6.120790 11.7065
3  5.846480 -5.009990 11.7013
3 -8.255210 -2.484620 11.6696
3 -7.531760 -3.738150 11.6353
2 -3.074640 -3.422350 12.4750
2 -0.838911 -3.505000 11.8806
2 -1.773540 -3.872890 12.8889
2  0.429112 -3.038960 12.3104
3  6.907890 -4.070320 11.7361
2 -4.693510 -1.037910 12.0061
2  1.004370 -1.846130 11.8099
2  1.735880 -1.189990 12.8749
3  8.108880 -1.681170 11.7250
3  8.435370 -0.230490 11.6810
3 -3.942690 -6.737690 13.2345
3 -4.508680 -6.450780 14.8219
3 -2.531540 -7.015070 13.2188
3 -1.955800 -7.158130 14.7920
3  0.126724 -7.188640 13.2741
3 -0.475707 -7.109670 14.8496
3  1.539100 -6.751670 13.2708
3  2.031350 -6.595640 14.8544
3 -6.213770 -5.290380 13.2576
3 -5.827240 -5.750070 14.8499
3  3.380190 -6.132790 14.8556
3  3.984020 -5.914640 13.2815
3  5.323990 -5.274570 13.2992
3  5.755120 -4.849210 14.8911
3 -8.082640 -2.433340 14.8446
3 -7.203390 -4.191190 13.2548
3 -7.430900 -3.718060 14.7955
2 -4.046560 -2.980570 13.4048
2 -3.742420 -3.053050 14.8098
2 -1.478640 -4.017070 14.2518
2  0.712886 -3.113570 13.7616
2 -0.133938 -3.718500 14.6992
3  6.857250 -3.930270 14.9035
3  7.269300 -3.543150 13.3143
3  7.798620 -2.171740 13.3302
3 -8.306660 -1.835970 13.2513
3 -8.394310 -0.428001 13.2430
2 -4.831770 -1.761060 13.2161
2 -5.046300 -1.113550 14.5432
2  1.547780 -1.979120 14.0579
3  8.008370 -1.686660 14.8974
3  8.417410 -0.289571 14.8677
3 -3.984660 -6.514210 16.3896
3 -2.564180 -6.967220 16.3756
3  0.029944 -6.974260 16.4166
3  1.489650 -6.724380 16.4389
3 -6.295520 -5.407510 16.4292
3  3.893990 -5.809340 16.4562
3  5.281590 -5.222120 16.4959
3 -7.227260 -4.268700 16.3980
2 -2.496850 -3.533050 15.2128
2 -1.680970 -2.930460 16.2947
2 -0.259379 -3.068070 16.0052
3  7.189600 -3.544430 16.4710
3  7.682280 -2.143600 16.4491
3 -8.306300 -0.373285 16.4277
3 -8.204610 -1.825440 16.4294
2 -4.327020 -1.924660 15.4683
2 -3.562370 -1.356320 16.5760
2 -2.234540 -1.820370 16.9212
2  1.415570 -1.345490 15.2643
2  0.547103 -1.880610 16.3380
3 -4.535230 -6.378450 17.9684
3 -2.014630 -7.039340 18.0046
3 -0.544605 -6.878320 18.0192
3  2.002690 -6.471660 18.0418
3 -5.850020 -5.814460 18.0163
3  3.438940 -6.115150 18.0729
3  5.745080 -4.963810 18.1261
3 -8.045760 -2.358680 18.0114
3 -7.521490 -3.730310 17.9718
3  6.880270 -4.047700 18.0686
2 -1.466500 -0.718587 17.2193
2 -0.064565 -0.679879 16.9585
3  8.005900 -1.675590 18.0412
3  8.362910 -0.275728 18.0793
3 -3.995610 -6.624870 19.5471
3 -2.577780 -6.959640 19.5799
3 -0.033235 -6.896070 19.6518
3  1.381630 -6.545930 19.6466
3 -6.294650 -5.356110 19.5572
3  3.857390 -5.706930 19.6625
3  5.204560 -5.144440 19.6698
3 -7.205100 -4.277340 19.5515
3  7.213270 -3.560030 19.6638
3  7.760400 -2.168670 19.6585
3 -8.163190 -1.780950 19.6037
3 -8.369980 -0.301200 19.6180
1 -1.143780 -0.318535 20.7725
1  1.098830 -0.849987 19.8986
1 -0.112484 -1.248830 20.4403
1  2.403430 -1.531040 20.2201
1  3.340550 -0.455078 20.4152
3 -2.056050 -7.004480 21.1739
3 -2.689780 -6.979530 22.7359
3 -0.653994 -7.045400 21.1944
3 -0.039292 -6.964860 22.7339
3  1.345350 -6.631250 22.7893
3  1.991680 -6.569910 21.2389
3  3.358410 -6.055580 21.2429
3 -6.339260 -5.340150 22.7053
3 -7.251470 -4.194450 22.7145
3 -4.564100 -6.322870 21.0998
3 -5.867260 -5.707230 21.1092
3 -4.020210 -6.487780 22.7172
3  3.807080 -5.666310 22.8156
3  5.138450 -5.083150 22.7941
3  5.693970 -4.837420 21.2434
3 -8.091840 -2.415000 21.1142
3 -7.494180 -3.705460 21.0965
1 -0.161031 -2.326520 21.3788
1  1.068950 -2.899690 21.7812
1  2.327320 -2.427100 21.3122
1  3.236660 -2.522010 22.3893
3  6.818580 -3.970410 21.2368
3  7.156110 -3.553920 22.8239
3  7.819280 -2.191120 22.8343
3 -8.253310 -1.779710 22.6960
3 -8.387930 -0.365317 22.6939
1 -1.232270 -2.092810 22.3394
1 -1.864700 -0.839675 21.9431
1  4.241640 -0.477965 21.5076
1  4.226220 -1.576800 22.4439
3  7.900760 -1.615520 21.2264
3  8.377560 -0.250040 21.2315
3 -2.117940 -7.030810 24.3188
3 -0.639151 -7.148770 24.3120
3  1.881620 -6.447100 24.3631
3 -4.707630 -6.437660 24.2918
3 -5.967700 -5.745770 24.2695
3  3.277580 -5.966330 24.3591
3  5.630530 -4.879870 24.4044
3 -8.186050 -2.361640 24.2688
3 -7.582570 -3.691610 24.2671
1 -0.999073 -2.459730 23.6812
1  1.262850 -3.259390 23.1837
1  0.232282 -3.035880 24.1307
1  2.623510 -2.980650 23.5444
3  6.755810 -3.918060 24.4185
1 -1.410200 -1.533480 24.7336
1 -2.047980 -0.314499 24.3882
1  4.600200 -1.062440 23.7420
3  8.033830 -1.633250 24.3826
3  8.352480 -0.216980 24.3895
3 -2.770000 -7.052960 25.9073
3 -0.158518 -7.016370 25.9365
3  1.281430 -6.599060 25.9662
3 -6.362620 -5.277860 25.8567
3 -4.197430 -6.715490 25.8691
3  3.772020 -5.836080 25.9710
3  5.086010 -5.169860 25.9650
3 -7.304370 -4.168340 25.9024
1  0.606554 -2.528030 25.4459
1  3.017610 -2.592810 24.8328
3  7.105970 -3.508020 25.9735
3  7.933810 -2.237970 25.9681
3 -8.374230 -1.821510 25.8427
3 -8.445980 -0.392414 25.8663
1 -0.477678 -1.576380 25.8417
1  1.939550 -2.290810 25.8060
1  3.537460 -0.563129 25.9130
1  3.978390 -1.493260 24.9237
3 -8.424780  0.185772 11.6736
3 -8.122000  1.589620 11.6701
2 -4.655250  0.440916 12.1399
2  1.210600  1.062830 11.8869
3 -6.763870  3.880600 11.7199
2 -2.779790  2.013300 11.5752
2 -2.938430  2.633480 12.8538
2 -0.695791  2.648590 12.2970
2  0.550386  2.156930 12.6307
3  7.506580  3.632550 11.6893
3  8.027840  2.334900 11.7151
3 -5.739270  4.925760 11.6961
3 -3.482370  6.192040 11.6596
3  5.750170  5.511760 11.7437
3 -2.088950  6.616900 11.6843
3  0.483583  7.050050 11.6869
3  1.973030  6.992640 11.7055
3  4.533900  6.347660 11.7348
3 -8.424500  0.169513 14.8188
3 -8.244380  1.612330 14.8083
2 -4.759640  1.042070 13.4165
2 -4.910220  0.265413 14.6010
2  1.671160  0.838986 14.1791
2  1.811550  0.203352 12.8972
3  8.148560  1.727430 13.3019
3  8.372360  0.293629 13.3049
3 -7.953900  2.183710 13.2575
3 -7.167140  3.423530 13.2783
3 -6.851290  3.950340 14.8685
2 -3.947180  2.141820 13.7144
2 -1.638360  3.029420 13.2901
2 -1.337910  2.963010 14.6553
2  0.831700  2.050860 14.0229
3  7.480060  3.677950 14.8738
3  7.997730  2.333240 14.8672
3 -5.309960  5.320820 13.2343
3 -5.839910  4.967880 14.8028
3 -4.040520  6.026200 13.2584
3 -3.532040  6.263000 14.7678
3  5.603340  5.488770 14.8722
3  7.265270  4.176200 13.3014
3  6.187280  5.216960 13.3355
3 -2.154370  6.620300 14.8006
3 -1.503210  6.642380 13.2793
3 -0.117413  6.944980 13.2843
3  1.926800  6.872310 14.8109
3  0.483648  6.949990 14.8212
3  3.937870  6.530520 13.3040
3  2.609710  6.971000 13.2498
3  4.418380  6.329860 14.8105
2 -4.209640  0.895200 15.6688
2 -3.473410  0.100513 16.5439
2 -0.245411  1.659210 16.2434
2 -1.650030  1.683400 16.5846
2  1.428300  0.074270 15.3619
2  0.512488  0.472765 16.4018
3  8.247650  1.760400 16.4790
3  8.489250  0.289827 16.4773
3 -7.992660  2.153500 16.3791
3 -7.243580  3.453620 16.4003
2 -3.605280  2.074200 15.1218
2 -2.342150  2.586960 15.6546
2 -0.064940  2.473500 15.0235
3 -5.327260  5.291990 16.3692
3 -4.058560  6.033440 16.3738
3  7.153300  4.108920 16.4106
3  6.088470  5.126220 16.4325
3 -0.133266  6.891040 16.3656
3 -1.559170  6.604380 16.3491
3  3.880640  6.566460 16.4260
3  2.487990  6.912420 16.3884
3 -8.436510  0.230771 17.9899
3 -8.256710  1.645020 17.9913
2 -2.213420  0.521050 17.0142
3 -6.822530  3.830070 17.9827
3  7.416990  3.678600 18.0151
3  8.092400  2.366170 18.0239
3 -5.823370  4.883500 17.9617
3 -3.543300  6.179750 17.9689
3  5.573340  5.440790 18.0322
3 -2.159110  6.678490 17.9520
3  1.849590  6.865250 17.9649
3  0.449913  6.968530 17.9291
3  4.391810  6.240670 17.9658
1 -0.973002  1.072300 20.5515
1  0.376974  1.503810 20.0283
1  1.344820  0.542099 19.7953
1  3.062590  2.003330 20.7557
1  2.693960  0.823302 20.0947
3  8.254920  1.844970 19.6176
3  8.354640  0.403681 19.6464
3 -7.982560  2.218150 19.5351
3 -7.274790  3.535400 19.5421
1  0.741480  2.725740 20.7986
1  2.088640  3.055670 21.0440
3 -5.352420  5.266820 19.5271
3 -4.096900  5.963730 19.5211
3  7.130820  4.199860 19.5829
3  6.072180  5.208210 19.5895
3 -1.541130  6.733060 19.5169
3 -0.142379  7.003890 19.5252
3  2.475390  6.929590 19.5389
3  3.868980  6.611030 19.5194
3 -8.391550  0.229595 21.0844
3 -8.144520  1.655410 21.1523
1 -1.326260  2.008740 21.6162
1 -2.233170  0.052853 22.9514
1 -1.980520  1.496920 22.7318
1  4.029470  1.954070 21.8500
1  4.651850  0.777348 22.2005
3  8.304010  1.804380 22.7831
3  8.391450  0.372589 22.7845
3 -7.895060  2.169300 22.7666
3 -7.242110  3.465740 22.7403
3 -6.981960  4.036130 21.1475
1 -0.326762  2.959450 21.7323
1  0.079545  3.486400 22.9701
1  2.436420  3.561500 22.3600
1  3.587740  2.888850 22.8396
3  7.409830  3.714530 21.1738
3  8.156870  2.384810 21.1625
3 -5.871060  5.026340 21.1320
3 -5.330340  5.169570 22.7351
3 -3.999960  5.799240 22.6578
3 -3.526250  6.091160 21.0615
3  5.615430  5.524470 21.1368
3  7.094300  4.119040 22.8107
3  6.058680  5.143500 22.7602
3 -2.170100  6.571100 21.1054
3 -1.554350  6.670680 22.7020
3 -0.185219  6.989380 22.6769
3  0.446580  6.946970 21.1252
3  1.935220  6.967730 21.1305
3  2.454870  6.999300 22.7448
3  3.877760  6.641270 22.7387
3  4.366570  6.352380 21.1260
3 -8.370940  0.241528 24.2982
3 -8.043890  1.612660 24.3234
1 -1.616980  0.912053 25.0085
1  4.430410  1.294670 24.5885
1  4.819740  0.354831 23.5961
3 -6.908040  3.952650 24.3243
1 -1.621240  2.001970 24.0550
1 -0.672847  3.072190 24.2050
1  1.403100  3.750430 23.3090
1  0.321495  2.992240 25.2396
1  1.581970  3.488960 24.7167
1  2.758350  2.852650 25.1392
1  3.833340  2.588930 24.2046
3  7.491430  3.675740 24.3697
3  8.163760  2.350670 24.3997
3 -5.867680  4.969200 24.3429
3 -3.479860  6.124970 24.2322
3  5.523340  5.359110 24.3285
3 -2.071570  6.637340 24.2369
3  0.449791  7.106340 24.2381
3  1.883710  7.097780 24.3036
3  4.377850  6.322510 24.3267
1 -0.723293  0.836436 26.0979
1  3.746670  0.777743 25.7604
3  8.242750  1.754270 25.9715
3  8.387720  0.303952 25.9957
3 -7.868890  2.187320 25.8830
3 -7.237660  3.493800 25.9123
3 -5.335680  5.359730 25.8905
3 -4.040160  5.922980 25.8239
3  7.155030  4.118490 25.9754
3  5.948600  5.056360 25.9426
3 -1.575780  6.782030 25.8367
3 -0.171280  7.049330 25.8539
3  3.823120  6.602270 25.9117
3  2.395780  7.045300 25.8871