135

1 -3.088970  -9.264190 29.8395
1 -0.428828  -8.593190 29.0709
1 -0.639209  -9.766480 29.9792
1 -3.522970  -6.896300 29.2482
1 -4.443200  -6.870560 30.2844
1 -2.809850  -8.136710 29.0598
1 -1.491400  -7.802550 28.5887
1 -1.381240  -6.304450 28.5178
1  0.657001  -7.845910 29.6837
1  0.806488  -6.445150 29.5439
1 -2.638110  -5.795290 28.9744
1 -2.766840  -4.609340 29.7271
1 -0.220826  -5.598260 28.9678
1 -0.272418  -4.361420 29.7502
1 -1.563740  -3.873780 30.1180
2 -3.040150  -0.465228 30.5142
1 -2.248710 -10.451800 31.7236
1 -4.031240  -9.169640 30.9159
1 -3.504110  -9.850360 32.0761
1 -1.962510 -10.092800 30.3557
1  0.383963  -9.723150 31.0030
1  1.094780  -8.488160 30.8360
1 -4.737600  -7.946020 31.1607
1  1.741060  -7.772330 31.8406
1  1.909830  -6.373360 31.7338
1 -4.470610  -5.663680 31.0879
1 -3.661410  -4.598650 30.8225
1  0.701772  -4.454250 30.8182
1  1.419260  -5.696130 30.6268
1 -3.117700  -3.836320 31.9042
1 -1.810210  -3.391860 31.4995
1  0.499938  -3.922090 32.0974
2 -5.391030  -0.448087 30.5309
2 -4.206540  -0.762186 31.3235
1 -1.253370 -10.424000 32.7247
1 -3.734420  -9.355680 33.3909
1 -1.468570  -9.915130 34.0627
1  0.104129 -10.023200 32.3377
1  0.689794  -9.277950 33.4160
1 -4.479030  -8.119060 33.5475
1 -4.989820  -7.447370 32.4765
1  1.486730  -8.150160 33.2135
1  1.485900  -6.939210 33.9879
1 -4.834130  -6.021020 32.4398
1 -4.296790  -5.251810 33.4797
1 -3.406950  -4.157930 33.2317
1 -2.368400  -4.202220 34.2457
1  0.042156  -4.584370 34.2875
1  1.783720  -5.802220 33.0649
1  1.054220  -4.607470 33.2668
1 -0.804848  -3.506800 32.4810
1 -1.083470  -3.853870 33.8130
2 -4.174910  -0.502654 32.7063
1 -2.738310  -9.358800 34.4316
1 -0.288887  -9.201500 34.4769
1 -3.935040  -7.348580 34.6579
1 -2.818500  -8.121800 35.1517
1 -1.643910  -7.456940 35.5613
1 -0.357272  -7.984480 35.2053
1  0.562723  -6.850710 35.0206
1 -3.840600  -5.944150 34.6591
1 -2.634640  -5.300900 35.1298
1 -1.536580  -6.030440 35.6530
1 -0.171925  -5.640840 35.1974
3  4.962300 -11.675900 36.8274
3  5.668020 -11.626900 37.9313
3  6.621510 -11.323900 38.8446
1 -3.336130   2.157550 24.3289
1 -2.572370   3.391820 24.1838
1 -1.173120   3.349600 24.2631
3  1.373220   7.911240 24.2718
1 -2.686990   0.932241 24.5358
1 -1.245440   0.901642 24.6413
1 -0.518921   2.081950 24.4762
3  2.379810   3.071370 26.2044
3  2.101330   4.298680 25.6733
3  2.091960   5.549730 25.2087
3  1.792410   6.859190 24.9217
3  2.494790   1.849650 26.6629
2 -5.575070   3.446680 28.2031
2 -4.886540   2.214660 27.9512
2 -3.485410   2.180880 27.9208
2 -2.749290   3.410360 28.1559
2 -4.877220   4.647880 28.4078
2 -3.431580   4.619700 28.4010
2 -6.774250   1.723380 29.2458
2 -5.610540   1.143200 28.6114
2 -2.799420   1.117590 28.6274
2 -1.602700   1.664900 29.2246
2 -1.179500   1.180620 30.4781
2 -6.756090   3.160870 28.9860
2 -7.173710   4.071660 29.9754
2 -1.568370   3.087610 28.9359
2 -1.126350   3.964880 29.9451
2 -6.428180   5.292620 30.1956
2 -5.301130   5.595620 29.4142
2 -4.114750   6.128580 30.0498
2 -2.950930   5.562290 29.3926
2 -1.837360   5.202730 30.1709
2 -7.572200   2.171000 31.5301
2 -7.202380   1.232010 30.4995
2 -6.515470   0.123879 31.1552
2 -1.875870   0.351795 32.5535
2 -1.916050   0.113709 31.1269
2 -7.570240   3.546920 31.2559
2 -0.693943   2.082450 31.5011
2 -0.669772   3.463270 31.2269
2 -7.119060   4.469590 32.2717
2 -6.385980   5.548160 31.6150
2 -5.248850   6.134640 32.2239
2 -2.904530   6.064960 32.2085
2 -1.782810   5.489240 31.5913
2 -1.083750   4.397470 32.2497
2 -4.069590   6.410130 31.4188
2 -7.140580   1.654750 32.8002
2 -6.467930   0.392956 32.5834
2 -4.869250   0.997288 34.3825
2 -3.421250   0.979856 34.3609
2 -5.336190   0.063814 33.3582
2 -2.993870   0.038387 33.3449
2 -1.124730   1.568480 32.7879
2 -5.548070   2.223450 34.5905
2 -6.704650   2.549350 33.7872
2 -6.671230   3.968880 33.4998
2 -2.705010   2.174770 34.5931
2 -1.527830   3.888220 33.4863
2 -1.535390   2.470260 33.7825
2 -5.476250   4.511890 34.0796
2 -4.791050   5.565680 33.4711
2 -3.357370   5.541900 33.4757
2 -2.686120   4.482860 34.1126
2 -4.811980   3.456010 34.8010
2 -3.411380   3.427640 34.7988
2 -4.937770   0.101594 29.2685
2 -3.499220   0.067012 29.2512