313

3 -5.417760 -6.727040 28.8070
3 -2.975100 -7.769730 28.7227
3 -1.587100 -8.169890 28.7365
3  1.009170 -7.713860 28.6400
3  2.305570 -7.127270 28.6497
3  2.773930 -6.736940 30.0911
3 -6.421840 -5.681720 28.8177
3  4.446000 -5.483100 28.6614
3  5.450230 -4.375950 28.6916
3 -7.508280 -3.266970 28.7780
3  5.739590 -3.835210 30.1545
3 -7.597740 -1.805740 28.7469
3  6.899160 -2.071720 28.6831
3  7.294290 -0.650523 28.7031
3 -5.247210 -6.579940 31.6000
3 -4.838010 -6.981930 30.2127
3 -3.598700 -7.618100 30.1663
3 -2.938260 -7.841500 31.5336
3 -1.568550 -8.224330 31.5350
3 -0.989073 -8.238420 30.1079
3  0.424986 -7.925950 30.0978
3  1.044100 -7.770380 31.5459
3  2.296550 -7.097820 31.5295
3 -6.822700 -5.232060 30.1993
3 -6.346430 -5.697060 31.6381
2 -0.709062 -4.212900 31.7448
3  3.918090 -5.786420 30.0666
3  4.330270 -5.401060 31.5581
3  5.364130 -4.420190 31.5546
3 -7.298980 -3.863330 30.1600
3 -7.441840 -3.225630 31.5933
2 -1.629480 -3.360170 31.1503
2 -3.002820 -3.165300 31.6700
2 -1.225730 -2.052070 30.5592
2  0.652546 -3.785270 31.8717
2  0.995215 -2.522710 31.4036
3  6.534940 -2.625790 30.1793
3  6.641860 -2.028680 31.6119
3 -7.667860 -1.791770 31.6134
3 -7.661190 -1.180500 30.2586
2 -3.461030 -1.837150 31.3160
2 -4.164340 -1.131220 32.2822
2 -2.371320 -1.173400 30.6524
2 -2.030390  0.257003 30.8585
2  0.106091 -1.645990 30.6537
2  0.398757 -0.274858 30.9863
2  1.622210 -0.265969 31.7998
2  1.993420 -1.666970 32.0183
3  7.132300 -0.670610 31.5943
3  7.415390 -0.076479 30.1148
3 -4.769260 -6.960000 32.9806
3 -3.519090 -7.761780 32.9501
3 -0.917271 -8.206480 32.9851
3  0.488662 -8.003070 33.0152
3  2.854620 -6.716150 32.9960
3 -6.718670 -5.098320 33.0464
2 -1.130460 -4.792860 33.0066
2 -2.456580 -4.663340 33.5684
2 -0.011395 -4.719430 33.9348
3  3.976210 -5.853250 32.9895
3 -7.278070 -3.775960 33.0296
2 -4.189350 -3.036640 33.8465
2 -3.391780 -3.781280 32.8724
2  1.091530 -4.124600 33.2249
2  1.934180 -3.279480 33.9351
3  5.740540 -3.861300 33.0135
3  6.429310 -2.622320 33.0723
3 -7.710770 -1.090250 33.0309
2 -4.542550 -1.726630 33.5446
2  2.440580 -2.048010 33.3564
3  7.309700 -0.100934 33.0231
3 -5.197040 -6.499020 34.4326
3 -4.668560 -6.901840 35.8810
3 -3.498390 -7.695610 35.8548
3 -2.896420 -7.879990 34.4153
3 -1.512790 -8.215300 34.3904
3 -0.938172 -8.276390 35.8351
3  0.496606 -8.032470 35.8816
3  1.133440 -7.790030 34.3946
3  2.354080 -7.075530 34.4034
3  2.795880 -6.713800 35.8407
3 -6.563120 -5.010610 35.9202
3 -6.267060 -5.571750 34.4170
2 -2.682850 -4.415380 34.9998
2 -0.207393 -4.618300 35.3066
3  4.440060 -5.460160 34.3781
3  3.985130 -5.927420 35.8214
3  5.344460 -4.380870 34.4571
3 -7.348760 -3.797710 35.9096
3 -7.618560 -3.188770 34.4057
2 -3.754840 -3.458510 35.1480
2 -3.708500 -2.501460 36.1680
2 -1.540810 -4.374270 35.8709
2  0.672181 -3.734700 36.0263
2  1.722660 -3.057830 35.3602
3  5.703720 -3.890250 35.8444
3  6.384350 -2.555970 35.8695
3 -7.762420 -1.749660 34.4486
3 -7.771600 -1.142710 35.8939
2 -4.460510 -0.686689 34.5579
2 -4.046460 -1.080870 35.8602
2 -3.084050 -0.231067 36.6055
2  2.469900 -1.032510 34.4391
2  2.054960 -1.687940 35.6428
3  6.570180 -1.985810 34.5402
3  7.373650 -0.088958 35.9094
3  7.149390 -0.734735 34.5093
3 -5.248530 -6.657630 37.2996
3 -2.954530 -8.040360 37.2751
3 -1.606370 -8.361400 37.2659
3  1.043030 -7.782180 37.3200
3  2.363090 -7.166270 37.3309
3 -6.174380 -5.513870 37.2988
3  4.395130 -5.439950 37.3833
3  5.314470 -4.376400 37.4048
3 -7.515240 -3.185370 37.3640
2 -2.454070 -2.429130 36.9479
2 -1.402270 -3.372400 36.8737
2 -0.045387 -2.987190 36.9961
3 -7.707580 -1.766570 37.3531
2 -2.126570 -1.065040 37.2671
2  0.233899 -1.640220 37.3097
2 -0.839072 -0.663935 37.4119
2  1.278800 -1.028030 36.6058
3  6.613440 -2.048530 37.3660
3  7.188770 -0.733582 37.4079
3 -5.285260 -6.565790 40.2373
3 -4.764820 -6.922340 38.7395
3 -3.575350 -7.699200 38.7561
3 -3.037190 -8.048020 40.2268
3 -1.619800 -8.399330 40.3022
3 -0.962974 -8.299870 38.7511
3  0.429507 -7.971720 38.7247
3  0.929388 -7.690970 40.2270
3  2.301420 -7.120230 40.2589
3  2.984020 -7.003620 38.8227
3 -6.556920 -4.952100 38.8404
3 -6.224570 -5.476800 40.2168
3  4.060370 -6.018220 38.8373
3  4.347670 -5.502220 40.3344
3  5.299870 -4.402390 40.3073
3 -7.387490 -3.742920 38.7787
3 -7.585840 -3.147700 40.2012
3  5.578830 -3.855670 38.8021
3  6.264180 -2.617710 38.7954
3 -7.573810 -1.708770 40.2502
3 -7.610120 -1.097410 38.7983
1 -1.572280 -0.777391 40.4965
1 -0.223857 -1.279620 40.4800
3  6.595980 -2.153790 40.3366
3  7.188540 -0.806577 40.3135
3  7.286660 -0.170425 38.8437
3 -4.813970 -6.968210 41.6255
3 -3.644590 -7.795130 41.6187
3 -1.013370 -8.314150 41.7190
3  0.401159 -7.984940 41.7387
3  2.841980 -6.857890 41.8042
3 -6.615330 -5.011930 41.6437
3  3.999040 -5.984620 41.8208
3 -7.385220 -3.801160 41.6807
1 -1.580070 -3.071600 41.1814
1 -0.215526 -2.694740 40.9063
1  0.914350 -3.194470 41.6710
3  5.537070 -3.873840 41.7828
3  6.358250 -2.674900 41.7345
3 -7.630430 -1.158710 41.6550
1 -3.522300 -1.664590 41.8453
1 -2.376530 -1.872960 41.0613
1  0.868455 -0.375999 40.7650
1  1.971650 -0.892645 41.6193
3  7.364610 -0.188896 41.7436
3 -7.205600  0.837963 28.6540
3  7.685060  1.976230 28.6422
3 -6.825580  2.199420 28.6371
3  7.584540  3.404190 28.6300
3 -5.452750  4.478510 28.6093
3 -4.539670  5.628340 28.6322
3  6.388620  5.737090 28.5918
3 -2.320370  7.229740 28.6535
3 -0.977200  7.766170 28.6716
3  1.587980  8.057930 28.6645
3  2.982830  7.738290 28.6848
3  5.403080  6.759790 28.6338
3 -7.387320  0.213609 30.2519
3 -7.226030  0.841906 31.5924
2 -2.818220  0.964723 31.8907
2 -0.609995  1.713260 32.0309
2 -0.658722  0.749986 30.9616
3  7.772880  1.301750 30.1428
3  7.688980  1.935420 31.6098
3 -6.590640  2.776910 30.1829
3 -6.888100  2.250050 31.6105
3 -5.845110  4.013720 30.1987
3  7.570400  3.368970 31.5981
3  7.401040  3.939940 30.0669
3 -5.441730  4.518400 31.6437
3 -4.510760  5.607900 31.5926
3 -4.012000  6.020160 30.1389
3  6.800140  5.258850 30.0552
3  6.453350  5.793400 31.5371
3 -2.810870  6.932990 30.1000
3 -2.248410  7.167940 31.5723
3 -0.948619  7.758770 31.6061
3 -0.413433  7.887670 30.1236
3  1.007540  8.150700 30.1497
3  1.587190  8.172140 31.5294
3  3.012490  7.884410 31.5479
3  4.857070  7.122840 30.1330
3  3.538660  7.615450 30.1155
3  5.448800  6.838370 31.5748
3 -7.394230  0.281688 33.0288
2 -4.033130  0.525762 33.9515
2 -3.796630  0.257097 32.5754
2 -1.898440  1.801040 32.6480
2 -2.039820  2.010920 33.9803
2  0.521773  1.606920 32.8957
2  0.426028  1.799330 34.3911
2  2.145670  0.296686 34.1484
2  1.639840  0.626323 32.8476
3  7.513380  1.321980 33.0324
3 -6.463120  2.753040 33.0865
3 -5.785510  4.039020 33.0917
3  7.445310  4.011250 33.1102
3 -3.928250  5.947530 33.0767
3  6.849210  5.347560 33.0307
3 -2.769700  6.791250 33.0942
3 -0.380306  7.964900 33.0507
3  1.039000  8.161120 33.0450
3  3.632630  7.792500 32.9857
3  4.976920  7.198740 33.0408
3 -7.524030  0.256196 35.9174
3 -7.301940  0.886704 34.4712
2 -3.099460  1.371780 34.6847
2 -2.701640  1.023690 36.0595
2 -1.304520  1.460320 36.1318
2 -0.905489  2.061720 34.8866
2  0.884124  0.343294 36.2564
2  1.340650  0.990878 35.1177
3  7.592900  1.971610 34.5025
3  7.517240  1.337340 35.9427
3 -6.837520  2.264950 34.4891
3 -6.540770  2.792130 35.9684
3 -5.841230  4.095640 35.9356
3  7.463470  3.372240 34.5142
3  7.391860  4.009850 36.0596
3 -5.412770  4.522310 34.5262
3 -4.460290  5.592480 34.5332
3 -3.905720  5.912950 35.8865
3  6.507290  5.833440 34.4190
3  6.833180  5.329270 36.0024
3 -2.767060  6.806110 35.9056
3 -2.236170  7.070030 34.4927
3 -0.954287  7.687600 34.4890
3 -0.390517  7.961590 35.8351
3  0.987455  8.304560 35.8390
3  1.639760  8.273340 34.4756
3  3.060170  7.956310 34.5067
3  3.639780  7.794350 35.9561
3  4.917260  7.204330 35.9512
3  5.429780  6.870540 34.4333
3 -7.226580  0.858122 37.4267
2 -0.423763  0.543787 36.7755
3  7.542020  1.959320 37.4170
3 -6.683850  2.199010 37.3963
3  7.559340  3.435180 37.4766
3 -5.440300  4.571840 37.4199
3 -4.449500  5.599510 37.3770
3  6.423980  5.853090 37.3447
3 -2.250970  7.126490 37.4095
3 -0.931884  7.738100 37.2938
3  1.680940  8.344460 37.3588
3  3.071550  8.027620 37.3734
3  5.331870  6.807040 37.3528
3 -7.420810  0.303821 38.8030
3 -7.176750  0.875249 40.2570
3  7.483860  1.246640 38.8067
3  7.545740  1.875510 40.3263
3 -6.700240  2.257400 40.2197
3 -6.529700  2.804640 38.7663
3 -5.857980  4.057250 38.7692
3  7.275090  3.943300 38.9175
3  7.422570  3.282380 40.3479
3 -5.527230  4.593550 40.2491
3 -3.986100  5.991790 38.8311
3 -4.507710  5.633220 40.2729
3  6.269150  5.821800 40.2783
3  6.671620  5.293720 38.8978
3 -2.749790  6.771740 38.8373
3 -2.277880  7.123060 40.2399
3 -0.986963  7.855390 40.2755
3 -0.419403  8.155640 38.7394
3  1.030680  8.358840 38.7460
3  1.595980  8.424710 40.1931
3  2.992060  8.162650 40.2382
3  3.581800  7.914210 38.7913
3  4.876720  7.284130 38.8071
3  5.318050  6.822400 40.2779
3 -7.321840  0.296071 41.6359
1 -3.005260  0.742400 41.7893
1 -1.882080  0.505363 40.9064
1 -0.822919  1.410140 41.2793
1  0.511679  0.936449 41.2294
3  7.578140  1.219510 41.7701
3 -6.532540  2.854290 41.7009
3 -5.895330  4.156770 41.7190
3  7.266570  3.930240 41.7577
3 -4.042040  6.087840 41.6775
3  6.724530  5.270310 41.7389
3 -2.871870  6.879290 41.6485
3 -0.369529  8.095000 41.6414
3  0.993808  8.354000 41.6376
3  3.623160  7.937310 41.6839
3  4.881980  7.273390 41.6716