85

2  1.152030 -1.138180 10.11970
2  0.277545 -0.595221 11.08210
2 -1.104780 -1.002960 11.12100
2 -0.677427 -2.459300  9.16346
2 -2.854860 -1.670680  9.53669
2  0.669919 -2.073750  9.12934
2  2.092920 -0.243634  9.45785
2 -3.631500 -0.563284  9.90275
2 -1.577840 -1.908970 10.15790
1 -2.215950 -0.170129 18.18400
1 -0.817325 -0.207845 18.32100
1 -4.193700 -0.156924 19.45160
1 -3.020360 -0.938222 19.11290
1 -2.389320 -1.690290 20.12160
1 -0.157687 -1.022760 19.32790
1 -0.951348 -1.766130 20.21700
1  1.007250 -0.286697 19.78060
1 -4.739690 -0.178955 20.74350
1 -4.104810 -0.981028 21.76840
1 -1.835020 -1.785020 22.38350
1 -2.932000 -1.701820 21.44970
1 -0.595498 -1.832570 21.61350
1  0.533776 -1.128310 22.05720
1  1.353820 -0.353783 21.13660
1 -4.202230 -0.248887 23.01540
1 -1.923150 -1.069750 23.58590
1 -3.113450 -0.285795 23.89880
1  0.420592 -0.368774 23.28920
1 -0.761857 -0.336629 24.05660
2 -4.308880  0.194224  8.86627
2 -4.236190  1.588990  9.23049
2 -2.481630  3.792300  9.63483
2  2.341960  2.141570  8.79216
2  1.572340  3.312580  9.17587
1  9.197190  2.897620  8.67624
2 -1.093010  4.200910  9.61173
1  8.616800  4.194290  8.80137
1  9.353860  5.384400  8.57279
2 -3.519150  1.705710 10.47410
2 -3.138550  0.373936 10.90240
2 -1.897070  0.147160 11.51890
2  0.337561  0.810368 11.43420
2 -1.000400  1.275520 11.68890
2  1.254720  1.662300 10.80690
2  2.128690  1.121150  9.79150
2 -1.363360  2.577300 11.28360
2 -2.643880  2.785860 10.66150
2 -0.408588  3.465750 10.65160
2  0.904051  3.012410 10.43020
1 -2.887330  1.084460 17.95540
1 -0.065519  1.010790 18.15470
1 -2.161270  2.266670 17.78750
1 -0.721786  2.221950 17.89630
1 -4.105990  1.094430 18.73060
1  1.056670  0.970665 19.06090
1 -4.547940  2.295360 19.29970
1 -3.784400  3.509690 19.15630
1 -2.613830  3.512760 18.38510
1 -0.286419  3.425340 18.54830
1  0.794127  3.415440 19.43750
1  1.441610  2.151000 19.70840
1 -1.444090  4.231070 18.85710
1 -1.522760  4.941400 20.07710
1 -5.189930  1.065530 21.33770
1  1.723310  0.874723 21.79940
1 -5.095740  2.269280 20.62250
1 -4.692360  3.488910 21.29650
1  1.741840  2.089110 21.10030
1  1.294940  3.314520 21.70090
1 -3.863000  4.246100 20.39120
1 -2.750420  4.975490 20.84590
1 -2.399080  4.948480 22.25640
1  0.710701  4.147250 20.68480
1 -0.417320  4.909240 21.00920
1 -0.958128  4.907770 22.35580
1 -4.863640  1.021270 22.75280
1  0.668353  2.047150 23.68250
1  1.135720  0.861571 23.11160
1 -4.429370  2.202990 23.38800
1 -4.335960  3.447310 22.65600
1 -3.182890  4.175850 23.12790
1 -0.354844  4.117510 23.34870
1  0.774621  3.296870 22.98750
3  1.129400  9.071150 23.66280
3  0.731390 10.175000 23.05220