297

3 -4.835340 -7.040610 56.2924
3 -3.601540 -7.756900 56.3189
3 -1.023780 -8.020130 56.3324
3  0.388656 -7.777530 56.2852
3  2.888910 -6.772070 56.3282
3 -6.722330 -5.207000 56.3156
3  4.068220 -5.979950 56.2874
3 -7.070930 -3.800940 56.3155
3  5.621770 -3.825090 56.2264
3  6.283730 -2.517170 56.1704
3 -7.228720 -1.144500 56.2179
2 -0.880548 -0.662310 56.3029
2 -0.297323 -1.583430 55.3914
2  1.933380 -1.044260 56.3223
2  1.359180 -0.199216 57.3640
2  1.112990 -1.806780 55.4478
2  3.168960 -0.470826 55.8597
3 -5.322600 -6.736620 57.7723
3 -4.925520 -7.129640 59.2136
3 -3.633180 -7.868840 59.2298
3 -3.029250 -7.972850 57.8022
3 -1.570220 -8.077050 57.7760
3 -0.966957 -8.122880 59.1715
3  0.421620 -7.767200 59.1830
3  0.983587 -7.607130 57.7344
3  2.355820 -7.119420 57.7031
3  2.849460 -6.747040 59.1734
3 -6.392980 -5.714690 57.7930
3 -6.664820 -5.150460 59.2268
3  4.410310 -5.465340 57.6945
3  3.999580 -5.876420 59.1408
3 -7.116880 -3.180410 57.7255
3 -7.062990 -3.764090 59.1881
3  5.299200 -4.308610 57.6921
3  6.253400 -2.499250 59.1426
3  5.653110 -3.802950 59.1644
3 -7.276240 -1.782940 57.6940
3 -7.355110 -1.122690 59.2123
3  6.501820 -1.916050 57.7090
3  7.048090 -0.594624 57.6606
3  7.426220 -0.091082 59.1346
3 -5.421450 -6.804330 60.6051
3 -2.986220 -8.055640 60.6398
3 -1.540260 -8.211830 60.6129
3  0.983070 -7.598240 60.6046
3  2.397010 -7.106130 60.6058
3 -6.306890 -5.671240 60.6169
3  4.496670 -5.486320 60.5373
3 -7.351760 -3.222330 60.6964
1  0.286312 -2.125890 60.9284
3  5.282710 -4.297220 60.5438
3 -7.497890 -1.794520 60.7082
1 -2.134220 -2.029050 61.1969
1 -0.948391 -1.381390 60.8456
1 -0.658913 -0.014557 61.1370
3  6.660960 -2.045200 60.5798
3  7.262030 -0.740761 60.5920
3 -4.901760 -7.189660 62.1135
3 -3.659390 -7.898750 62.0305
3 -2.976420 -8.029290 63.5860
3 -1.546220 -8.252280 63.5646
3 -0.977767 -8.167030 62.0885
3  0.477625 -7.902360 62.0338
3  2.947800 -6.785050 62.0451
3  1.056790 -7.761290 63.5156
3  2.383660 -7.190320 63.5249
3 -6.622460 -5.199090 62.0537
1 -0.910465 -4.775180 63.0115
3  4.053020 -5.876290 62.0345
3  4.448130 -5.540860 63.4589
3 -7.040240 -3.793570 62.0858
1 -3.817400 -2.037600 62.8838
1 -3.327460 -3.411270 62.7131
1 -2.275080 -3.336010 61.6576
1 -1.092390 -4.075900 61.7850
1  0.210744 -3.432550 61.4669
1  1.149720 -3.886940 62.4187
1  2.242750 -3.040230 62.8612
3  5.607950 -3.819200 62.0379
3  6.300520 -2.592330 62.0979
3  5.249970 -4.351020 63.4518
3 -7.371680 -1.101790 62.0968
1 -3.150750 -1.226260 61.8494
1  1.441360 -1.237160 61.2739
1  2.333450 -1.681830 62.3225
3  6.650140 -2.091360 63.5938
3  7.473410 -0.174255 62.0438
3  7.216290 -0.774465 63.5364
3 -5.367200 -6.813490 63.5964
3 -4.863240 -7.243590 65.0614
3 -3.535560 -7.857400 65.0459
3 -0.944716 -8.162970 65.0514
3  0.494693 -8.017040 64.9997
3  2.931500 -6.855140 64.9871
3 -6.268600 -5.674890 63.5908
3 -6.542550 -5.087300 65.0315
1 -1.826200 -4.808560 64.0766
1  0.501353 -4.744490 63.4065
1  0.750012 -4.679730 64.8089
3  4.017720 -5.984690 64.9761
3 -7.293890 -3.206520 63.5673
3 -7.182150 -3.796140 65.0141
1 -3.121950 -4.125120 63.8988
1 -3.991180 -2.294910 65.3368
1 -3.513260 -3.561410 65.2094
1  2.475110 -2.994710 64.2886
1  1.820500 -3.815760 65.2234
3  5.675170 -3.891610 64.9505
3  6.533540 -2.716230 65.0086
3 -7.395420 -1.755360 63.5457
3 -7.359350 -1.102030 64.9551
1 -4.172300 -1.521950 64.1558
1 -3.930200 -0.129997 64.4670
1  2.781260 -1.625750 64.6054
1  2.661440 -0.760117 63.3975
3  7.438300 -0.169769 64.9826
3 -5.216530 -6.758970 66.5331
3 -2.944220 -8.011160 66.5079
3 -1.493310 -8.259500 66.5088
3  1.082260 -7.776470 66.4393
3  2.312520 -7.144030 66.3559
3 -6.184960 -5.682760 66.5822
1 -1.532330 -4.802490 65.4607
1 -0.241069 -4.659800 65.9094
3  4.449890 -5.495810 66.3722
3  5.331930 -4.360100 66.3531
3 -7.303090 -3.176340 66.4689
1 -2.492800 -3.980370 66.1729
1 -2.056130 -3.201810 67.2844
1  0.287197 -3.808080 66.9173
1  1.512740 -3.257860 66.4962
3 -7.482910 -1.743800 66.4499
1 -3.616090 -1.409690 66.3810
1 -3.633960 -0.102065 65.8780
1 -2.629100 -1.820470 67.3402
1  0.868980 -1.095390 67.5789
1  1.841230 -1.917030 66.8393
1  2.468270 -1.115310 65.8376
3  6.758060 -2.074390 66.4026
3  7.321420 -0.773929 66.3910
3 -4.770960 -7.064730 67.9799
3 -3.486650 -7.797140 67.9179
3 -0.904284 -8.141630 67.9280
3  0.485410 -8.077060 67.9145
3  2.873010 -6.799830 67.8116
3 -6.326600 -5.028880 67.9551
3  4.031140 -5.947520 67.9070
3 -7.028500 -3.727720 68.0172
1 -0.648293 -3.063850 67.6072
3  5.655220 -3.870660 67.8686
3  6.454700 -2.646300 67.8554
3 -7.378680 -1.068040 67.8819
1 -1.559970 -0.940262 67.7081
1 -0.398900 -1.675830 67.8999
3  7.572510 -0.205286 67.8047
3 -7.087770  0.259397 56.1964
2 -1.721150  1.459810 56.4556
2 -1.941890  0.238020 55.7826
2 -0.576562  1.329610 57.3418
2 -0.077699 -0.011014 57.3103
2  3.963790  1.817960 55.8714
2  3.348740  0.752967 56.5241
3  7.493670  1.389330 56.1712
3  7.263080 -0.011493 56.1827
3 -6.271060  2.735580 56.2222
3 -5.535720  3.979360 56.1996
2 -1.938060  2.603010 55.6779
2 -1.019750  3.688770 55.7200
2  0.007544  3.633010 56.6398
2  2.357250  3.375740 56.7423
2  1.267350  4.223590 56.2532
2  3.517010  3.187540 55.9821
3  7.059130  3.973560 56.2436
3 -3.946820  6.088210 56.3026
3  6.456400  5.260720 56.2500
3 -2.853610  7.037210 56.3185
3 -0.424299  8.155850 56.2765
3  3.531590  7.988230 56.1936
3  4.740390  7.258990 56.2129
3  0.981388  8.455430 56.1817
3 -7.116230  0.297836 59.1845
3 -6.965100  0.837881 57.6663
2  2.253390  0.960611 57.4285
3  7.472260  1.944590 57.6423
3  7.500580  1.328980 59.1903
3 -6.509120  2.229720 57.6910
3 -6.128650  2.796140 59.2242
3 -5.476120  4.065020 59.2184
2  0.283604  2.453530 57.4707
2  1.751600  2.260540 57.5091
3  7.281370  3.402230 57.6434
3  7.125140  3.971040 59.1069
3 -5.182810  4.550530 57.7672
3 -4.381590  5.746980 57.7242
3 -3.861360  6.103200 59.2029
3  6.190400  5.743390 57.6383
3  6.582540  5.288650 59.1100
3 -2.248950  7.366970 57.8151
3 -2.745390  7.010630 59.1916
3 -0.959460  7.965650 57.8083
3 -0.364784  8.124800 59.2124
3  3.019870  8.291590 57.7057
3  3.588620  8.186910 59.1238
3  4.772300  7.359990 59.1481
3  5.191370  6.790210 57.6439
3  1.011540  8.568470 59.1402
3  1.587530  8.610590 57.7166
3 -6.893270  0.896212 60.6527
3  7.481580  1.953690 60.6586
3 -6.339170  2.231860 60.6427
3  7.193660  3.311880 60.6454
3 -5.183520  4.567470 60.6687
3 -4.300540  5.710390 60.6834
3  6.150580  5.741420 60.6031
3 -2.221670  7.358700 60.7281
3 -0.942338  7.935790 60.7294
3  3.083630  8.393120 60.6026
3  5.265650  6.904440 60.6006
3  1.666220  8.667680 60.6794
3 -7.024110  0.282752 62.1797
1 -3.285920  0.646511 63.4856
1 -2.876850  0.045385 62.2110
1 -1.581680  0.655153 61.8647
1 -1.240360  1.552730 62.8931
1  0.783238  0.097477 61.3352
1  1.106060  0.968133 62.4947
1  0.101339  1.719340 63.1971
3  7.595610  1.283900 62.1058
3  7.459950  1.905980 63.5040
3 -6.194540  2.897230 62.0984
3 -5.510850  4.142630 62.1027
3  6.950470  3.902020 62.0459
3  7.254710  3.307120 63.5187
3 -3.882820  6.209020 62.2422
3  6.436820  5.251830 62.0215
3  6.160420  5.761460 63.4505
3 -2.806320  7.174100 62.1983
3 -2.223520  7.449640 63.6458
3 -0.345994  8.206760 62.1260
3  3.674830  8.246280 61.9844
3  4.833960  7.431580 62.0353
3  5.339690  6.964970 63.4745
3  1.092260  8.586360 62.1242
3 -7.033200  0.922376 63.5321
3 -7.158180  0.354275 64.9134
1 -2.259570  1.558210 63.8949
1 -1.946360  1.589280 65.2448
1 -0.558015  1.760860 65.5932
1  0.440956  1.734110 64.6126
1  2.053810  0.463631 63.4658
1  1.674760  1.036440 64.7438
3  7.564970  1.208570 65.0081
3 -6.417170  2.239940 63.5507
3 -6.158540  2.748290 65.0402
3 -5.547030  4.049800 65.0433
3  6.941300  3.853600 64.9976
3 -5.167370  4.563670 63.5951
3 -4.284690  5.730420 63.6418
3 -3.977600  6.270150 65.1021
3  6.414480  5.252110 65.0121
3 -2.801660  7.117040 65.0821
3 -0.903006  8.102900 63.6308
3 -0.334261  8.244710 65.1023
3  1.041200  8.626460 65.0589
3  1.685940  8.599180 63.5426
3  3.097880  8.490490 63.4977
3  3.687040  8.220480 64.9553
3  4.867180  7.403310 64.9416
3 -6.985890  0.957825 66.4427
1 -2.641590  0.810491 66.2743
1 -1.600010  0.368196 67.1902
1  0.764192  0.174577 66.8646
1 -0.321974  1.004630 66.7972
1  1.856630  0.215066 65.8793
3  7.512380  1.876690 66.4925
3 -6.442230  2.293500 66.4528
3  7.217250  3.290170 66.4361
3 -5.269950  4.608480 66.5194
3 -4.424830  5.811280 66.5861
3  6.170640  5.824790 66.4549
3 -2.206920  7.412060 66.5154
3 -0.935386  8.054100 66.4805
3  1.648790  8.633750 66.4883
3  3.066450  8.385160 66.4845
3  5.326720  7.008500 66.5029
3 -7.142560  0.375420 67.8587
3  7.598440  1.243550 67.8271
3 -6.303520  2.854850 68.0139
3 -5.584350  4.096850 68.0025
3  7.050730  3.899230 67.8425
3 -3.974690  6.292030 67.9543
3  6.475740  5.195190 67.9131
3 -2.866320  7.202690 67.9757
3 -0.429166  8.370840 67.9472
3  0.993716  8.540000 67.9486
3  3.657330  8.144570 67.9607
3  4.837310  7.306250 67.9847