277

3 -3.391060 -7.265030 44.8573
3 -4.009800 -6.944130 46.0711
3 -2.075930 -7.745190 44.8593
3 -1.393350 -7.897110 46.0720
3  0.698723 -7.988490 44.8603
3  0.000771 -8.018940 46.0727
3  2.077010 -7.745020 44.8614
3  2.744180 -7.532710 46.0742
3  4.599990 -6.565360 44.8629
3  4.012330 -6.938080 46.0776
3 -5.669380 -5.661250 44.8557
3 -6.571370 -4.589230 44.8522
3 -5.155650 -6.139690 46.0690
3  5.670770 -5.662760 44.8663
3  6.145960 -5.141120 46.0786
3 -7.530490 -2.737270 46.0703
3 -6.939870 -4.005510 46.0704
3  6.963830 -4.001900 46.0839
3  7.261830 -3.380790 44.8648
3 -7.757340 -2.072960 44.8576
3 -8.005130 -0.696175 44.8555
3 -8.011050 -0.001361 46.0714
1  2.733370 -0.080147 45.9069
1  3.131490 -1.408560 46.1815
3  7.746830 -2.068390 44.8666
3  7.966980 -1.395650 46.0790
3 -3.390010 -7.267610 47.2841
3 -4.009110 -6.945650 48.4972
3 -2.075030 -7.746160 47.2848
3 -1.392940 -7.897060 48.4973
3  0.699161 -7.987610 47.2853
3  0.000931 -8.018350 48.4975
3  2.077310 -7.743030 47.2864
3  2.745470 -7.529100 48.4985
3  4.606250 -6.556310 47.2895
3  4.014020 -6.933200 48.5010
3 -5.669970 -5.671140 47.2838
3 -6.568750 -4.598490 47.2834
3 -5.155350 -6.143280 48.4969
3  5.693610 -5.667970 47.2950
3  6.240690 -5.189480 48.5005
3 -7.535910 -2.742790 48.4976
3 -6.944760 -4.011020 48.4971
1  0.320068 -2.323540 48.3612
1  2.219190 -2.343970 46.8034
1  2.931230 -3.152740 47.7632
1  4.291140 -2.692220 47.7627
3  7.154620 -4.098380 48.5003
3  7.389000 -3.413170 47.2906
3  7.940770 -2.110280 47.2917
3 -7.743050 -2.075570 47.2851
3 -7.985360 -0.697886 47.2849
3 -8.019320 -0.000345 48.4976
1  0.501718 -0.595001 46.8091
1 -0.388998 -0.162508 47.8543
1  0.926301 -1.933090 47.1158
1  4.435860 -1.638360 46.7438
1  5.625170 -0.408205 48.3730
1  5.180200 -0.486662 47.0395
3  8.327480 -1.448510 48.4910
3  8.473380 -0.007022 48.4914
3 -3.389610 -7.267970 49.7098
3 -2.074810 -7.746160 49.7098
3  0.699157 -7.986980 49.7098
3  2.077030 -7.741930 49.7097
3  4.618600 -6.559640 49.7098
3 -5.670190 -5.671700 49.7098
3 -6.569700 -4.600060 49.7099
3  5.730590 -5.694310 49.7101
1  0.912288 -2.792490 50.7053
1  1.013390 -3.092820 49.2981
1  2.355530 -3.526840 49.0105
1  4.347940 -3.044260 50.2865
1  3.056700 -3.529910 50.2888
1  4.823140 -2.543550 49.0363
3  7.584640 -3.492610 49.7128
3  8.196790 -2.180120 49.7135
3 -7.746560 -2.076600 49.7101
3 -7.989570 -0.698560 49.7100
1 -0.595572 -0.939786 50.1785
1 -0.501124 -1.231370 48.8143
1  5.494120 -1.127170 50.6896
1  5.501300 -1.365740 49.3140
3 -4.009150 -6.945680 50.9224
3 -3.389900 -7.267900 52.1353
3 -1.392920 -7.897160 50.9223
3 -2.074980 -7.746340 52.1348
3  0.000937 -8.018460 50.9221
3  0.699121 -7.987870 52.1344
3  2.745410 -7.529640 50.9211
3  2.077290 -7.743470 52.1332
3  4.014320 -6.934480 50.9187
3  4.605420 -6.557300 52.1307
3 -5.155360 -6.143350 50.9226
3 -5.670200 -5.671560 52.1356
3 -6.569430 -4.599400 52.1359
3  6.240860 -5.192000 50.9218
3  5.689710 -5.665890 52.1266
3 -7.536370 -2.742950 50.9227
3 -6.944980 -4.011060 50.9227
1  2.186030 -3.030340 51.3277
1  2.626940 -2.172430 52.3696
1  4.780140 -2.149040 51.3414
3  7.127670 -4.081860 50.9202
3  7.384230 -3.414360 52.1332
3  7.920940 -2.106560 52.1331
3 -7.744970 -2.076440 52.1354
3 -7.987580 -0.698531 52.1349
3 -8.019880 -0.000503 50.9224
1  0.580269 -0.851185 52.1860
1  0.121207 -1.730810 51.1435
1  1.818870 -1.056670 52.7871
1  4.032960 -0.339688 52.8917
1  4.004220 -1.746390 52.4302
3  8.303390 -1.444850 50.9342
3  8.429860 -0.008043 50.9305
3 -4.009630 -6.945010 53.3482
3 -3.390920 -7.265980 54.5620
3 -1.393300 -7.897370 53.3475
3 -2.075770 -7.745710 54.5603
3  0.000788 -8.019180 53.3469
3  0.698610 -7.988800 54.5595
3  2.743900 -7.533520 53.3457
3  2.076870 -7.745460 54.5585
3  4.012090 -6.939220 53.3427
3  4.599820 -6.566580 54.5573
3 -5.155690 -6.141360 53.3498
3 -5.668780 -5.664650 54.5633
3 -6.566940 -4.590340 54.5659
3  6.144050 -5.141840 53.3429
3  5.670490 -5.664120 54.5550
3 -7.531080 -2.739190 53.3496
3 -6.941910 -4.008240 53.3491
3  6.960610 -4.002680 53.3391
3  7.260870 -3.382520 54.5579
3 -7.737660 -2.070540 54.5626
3 -7.987100 -0.695237 54.5630
3 -8.012750 -0.001307 53.3478
3  7.926250 -1.391300 53.3422
3  7.737420 -2.067660 54.5562
2 -2.732190  0.078756 44.1657
3 -7.756980  2.068720 44.8529
3 -7.889610  1.391180 46.0710
1  1.390180  0.315425 46.2361
1  3.573640  1.086320 46.1012
3  7.745940  2.071670 44.8628
3  7.990740  0.695242 44.8642
3  8.107200  0.002107 46.0785
3 -7.265180  3.379270 44.8553
3 -6.942050  4.003660 46.0681
3  6.967410  4.002300 46.0783
3  7.600550  2.749020 46.0810
3 -5.671220  5.661620 44.8534
3 -6.141410  5.151930 46.0697
3  5.669140  5.663230 44.8641
3  6.568300  4.589380 44.8673
3  5.158920  6.133260 46.0804
3 -4.600100  6.564160 44.8570
3 -4.011060  6.943250 46.0703
3 -2.077050  7.744820 44.8588
3 -2.742770  7.535450 46.0718
3 -0.698756  7.988440 44.8599
3 -0.000323  8.018890 46.0725
3  2.075860  7.745420 44.8609
3  1.393870  7.896290 46.0735
3  3.391000  7.265530 44.8628
3  4.011690  6.938260 46.0757
3 -7.743870  2.074410 47.2839
3 -7.897510  1.393620 48.4972
1 -0.370825  1.165200 48.2905
1  1.402170  1.681630 46.6834
1  4.837510  0.887313 46.6624
1  5.126900  1.730710 47.8016
3  8.258350  0.718854 47.2839
3 -7.266340  3.389530 47.2837
3 -6.945480  4.009760 48.4968
1  0.534370  2.110680 47.6923
1  0.969493  3.012920 48.7266
1  2.753020  2.168970 46.6379
1  2.267270  3.515760 48.7105
1  3.154310  3.072270 47.6488
1  4.420090  2.832420 48.2569
3  7.987770  2.116520 47.2830
3  7.148170  4.080090 48.4979
3  7.849840  2.833600 48.4983
3 -5.671240  5.669590 47.2832
3 -6.142900  5.155930 48.4969
3  5.695860  5.664150 47.2900
3  6.646460  4.624300 47.2934
3  5.179370  6.141400 48.5029
3 -4.599410  6.569490 47.2841
3 -4.010330  6.944870 48.4970
3 -2.076270  7.745760 47.2846
3 -2.742160  7.535990 48.4973
3 -0.698219  7.988460 47.2850
3 -0.000123  8.018250 48.4974
3  2.076960  7.742770 47.2860
3  1.393750  7.894970 48.4978
3  3.392000  7.260670 47.2887
3  4.018410  6.933270 48.4996
3 -7.746870  2.075670 49.7098
1 -0.575026  0.428695 50.6253
1 -0.465537  1.465450 49.6966
1  5.541610  1.146410 50.1475
1  5.608640  0.899731 48.8230
3  8.464380  0.736095 49.7130
3 -7.268170  3.390460 49.7097
1  0.379992  2.597750 49.9733
1  2.993030  3.537330 49.9654
1  4.309530  3.085720 49.6793
1  4.907370  2.286170 50.6393
3  8.174900  2.162200 49.7133
3 -5.671150  5.670720 49.7098
3  5.751400  5.701680 49.7101
3  6.748780  4.688270 49.7100
3 -4.599230  6.569890 49.7098
3 -2.076000  7.745800 49.7098
3 -0.698101  7.988230 49.7098
3  2.077100  7.741590 49.7097
3  3.391920  7.258730 49.7094
3 -7.897970  1.393490 50.9224
3 -7.745190  2.074850 52.1353
1  0.155368  0.483548 51.8634
1  0.978222  1.576610 52.1349
1  2.256320  1.379090 52.7634
1  4.878980  0.618678 52.2966
1  4.467150  1.999180 51.9774
1  5.543650  0.156131 51.1320
3  8.206430  0.713811 52.1352
3 -7.267340  3.389940 52.1353
3 -6.945640  4.009900 50.9225
1  2.438600  3.143760 51.2034
1  1.086910  2.649260 51.1815
1  3.149540  2.382770 52.2338
3  7.902860  2.097680 52.1316
3  7.150020  4.087730 50.9248
3  7.831170  2.830460 50.9259
3 -6.142990  5.155980 50.9226
3 -5.671280  5.670230 52.1359
3  5.174190  6.137320 50.9161
3  5.682790  5.656180 52.1292
3  6.623590  4.611840 52.1256
3 -4.010300  6.944990 50.9225
3 -4.599390  6.569820 52.1354
3 -2.742160  7.536070 50.9224
3 -2.076250  7.745960 52.1350
3 -0.000129  8.018410 50.9222
3 -0.698213  7.988660 52.1347
3  1.393770  7.895230 50.9217
3  2.076750  7.743470 52.1336
3  4.017140  6.933690 50.9197
3  3.391850  7.261830 52.1310
3 -7.890110  1.391360 53.3480
3 -7.739680  2.066360 54.5647
1  2.665560  0.069418 53.0879
3  8.064050  0.002323 53.3416
3  7.736410  2.071130 54.5573
3  7.982920  0.695447 54.5574
3 -7.261100  3.380660 54.5624
3 -6.942650  4.005640 53.3498
3  6.949460  3.998510 53.3424
3  7.557040  2.735960 53.3381
3 -5.670730  5.662620 54.5653
3 -6.141850  5.153450 53.3491
3  6.566600  4.591440 54.5544
3  5.668900  5.665860 54.5564
3  5.156310  6.132720 53.3400
3 -4.600120  6.565530 54.5623
3 -4.011030  6.943870 53.3491
3 -2.077050  7.745250 54.5609
3 -2.742710  7.535810 53.3478
3 -0.698743  7.988730 54.5598
3 -0.000374  8.019160 53.3471
3  2.075680  7.745860 54.5590
3  1.393810  7.896680 53.3463
3  3.390810  7.266310 54.5574
3  4.010960  6.939660 53.3443