370

3 -6.580700  -8.293160 -21.30420
3 -5.321700  -8.855670 -21.13410
3 -4.658490  -8.979910 -22.33300
3 -3.247410  -8.861230 -22.32880
3 -2.625820  -8.568980 -21.10210
3 -8.130500  -6.640360 -22.30990
3 -8.482470  -6.209220 -21.01570
3 -7.103800  -7.645310 -22.40620
3 -1.304510  -8.041440 -21.13830
3 -0.814226  -7.572290 -22.34870
3  0.306767  -6.747350 -22.36900
3  1.088080  -6.541940 -21.19910
3  2.265740  -5.865200 -21.27140
3 -9.290480  -4.112300 -21.98480
3 -9.005210  -4.935850 -20.86330
3  2.543030  -5.079080 -22.41570
3  4.661170  -4.435680 -21.38670
3  3.825420  -4.478450 -22.46980
3 -9.292150  -2.676020 -21.87980
3  5.720480  -3.486740 -21.32900
3  5.957450  -2.668480 -22.42460
3 -8.308700  -0.088471 -21.79880
3  6.762450  -1.551790 -22.33280
3  6.993640  -1.013410 -21.08500
3 -4.796140  -8.778280 -19.51390
3 -3.166310  -8.801580 -19.80150
3 -2.239310  -8.807200 -18.69500
3 -0.885333  -8.544470 -18.85120
3 -8.011240  -6.946130 -19.91420
3 -7.107880  -7.949170 -20.09290
3 -6.287550  -8.108680 -19.03340
3 -0.482268  -8.001380 -20.02800
3  0.763402  -7.326070 -20.07630
3  1.670690  -7.375620 -19.04210
3  2.831250  -6.664650 -19.14700
3 -8.881570  -4.363750 -19.62350
2  0.757753  -3.716260 -19.08180
3  3.178000  -5.893590 -20.22280
3  4.357960  -5.151050 -20.22680
3  4.990120  -4.870800 -19.02220
3 -8.862110  -2.996890 -19.51060
3 -9.017910  -2.141590 -20.61390
2 -1.515500  -3.365520 -19.49480
2 -2.500670  -2.374900 -19.45920
2 -0.210317  -3.017730 -19.89710
2  2.256620  -1.815250 -18.94650
3  5.865910  -3.807210 -18.92920
3  6.189780  -3.068020 -20.06700
3 -8.649360  -0.756133 -20.58020
3 -8.247440  -0.254115 -19.34980
2 -2.265460  -1.016300 -19.86150
2  0.094889  -1.674320 -20.23450
2 -0.951819  -0.646764 -20.18740
2  1.281160  -1.098050 -19.66010
3  6.771830  -1.801170 -19.93440
3 -6.010180  -8.635810 -17.13900
3 -4.987860  -9.154800 -17.96610
3 -3.923840  -9.537750 -17.11080
3 -2.635580  -9.202800 -17.39410
3  0.038823  -8.653070 -17.81240
3 -0.336822  -9.241610 -16.63580
3  1.290530  -8.069540 -17.91690
3  2.164340  -8.077310 -16.81690
3 -7.976200  -6.463150 -18.64020
3 -6.881520  -7.339350 -17.68490
3  3.621160  -6.551920 -17.97240
3  3.300610  -7.284050 -16.85180
3 -8.537940  -5.191290 -18.50170
3 -8.491800  -4.621900 -17.26510
2 -1.440560  -4.278950 -18.39150
2 -2.361050  -4.265040 -17.34290
2 -0.022945  -4.541490 -18.14840
3  4.551410  -5.537440 -17.86140
3  5.063770  -5.121510 -16.68170
3 -8.613790  -3.244570 -17.08480
3 -8.603910  -2.424110 -18.24800
2 -3.467070  -2.380730 -18.36890
2 -3.443000  -3.339970 -17.32400
2  1.979030  -3.189620 -18.58530
2  2.402700  -3.397420 -17.22600
3  6.221140  -3.328890 -17.68610
3  6.903940  -2.144640 -17.53420
3 -8.317180  -1.032140 -18.17830
3 -7.913620  -0.535050 -16.94890
2 -3.748880  -1.000250 -18.02600
2 -2.960590  -0.157172 -18.89270
2  2.856580  -1.177530 -17.80520
3  7.042940  -1.302580 -18.63230
3 -6.263510  -8.202140 -14.71440
3 -5.613880  -8.829820 -15.76810
3 -4.291560  -9.359990 -15.72100
3 -1.668380  -9.400440 -16.35560
3 -2.052470  -9.685430 -15.03500
3 -3.366230  -9.414350 -14.59470
3  0.621084  -9.440570 -15.64180
3  1.910290  -8.776180 -15.65170
3  2.692470  -8.693760 -14.49170
3 -7.529810  -6.753410 -16.32100
3 -6.964390  -7.103280 -15.08190
3  3.968100  -7.024920 -15.65240
3 -7.900490  -5.425660 -16.33910
3 -7.394150  -4.875900 -15.19620
2 -1.920500  -4.516040 -16.00180
2  0.410904  -4.782750 -16.82980
2 -0.563331  -4.787590 -15.73210
2  1.609430  -4.198290 -16.35230
3  5.958010  -4.064140 -16.55760
3  4.802230  -5.940910 -15.56460
3 -8.184740  -2.735580 -15.84500
3 -7.652430  -3.581530 -14.87330
2 -3.697580  -2.963510 -15.95030
2 -2.718120  -3.704680 -15.12790
2  2.972250  -2.173540 -16.74190
2  2.804520  -1.790270 -15.41210
2  1.452240  -3.793000 -14.96760
3  6.410390  -3.677930 -15.34330
3  7.008900  -2.462450 -15.15090
3 -7.872910  -1.383390 -15.81180
2 -3.958290  -0.612621 -16.64660
2 -3.947180  -1.613610 -15.56540
2  2.595320  -0.388454 -15.04620
3  6.962840  -1.635050 -16.25970
3  7.040810  -0.263221 -16.02160
3  3.173520 -15.492800 -12.65300
3 -1.413570 -10.227800 -12.75540
3  1.233370 -10.278900 -13.42300
3 -5.704980  -8.335770 -13.41250
3 -4.525510  -8.292790 -12.67100
3 -3.482240  -9.084070 -13.20530
3  0.278285 -10.007700 -14.42890
3 -1.061990 -10.015900 -14.11700
3  2.350890  -9.441950 -13.31610
3  3.740730  -7.787890 -14.49220
3  4.548810  -7.571610 -13.32930
3  5.640170  -6.672440 -13.40080
3 -6.638390  -5.851440 -14.27380
3 -6.864180  -5.379990 -12.83220
3 -6.653840  -4.008640 -12.65240
3 -5.043140  -5.623030 -14.01580
3 -4.339580  -6.006860 -13.02750
2  0.095293  -4.179980 -14.60430
3  5.612200  -5.701340 -14.41360
3  6.422520  -4.605110 -14.30270
3  7.164190  -4.321440 -13.15560
3 -7.049880  -3.149640 -13.68290
2 -2.088980  -3.059810 -14.03110
2 -0.662036  -3.317810 -13.79270
2 -0.055080  -2.095090 -13.34240
2  2.053490  -2.627830 -14.48080
3  7.748430  -3.064030 -12.96130
3 -6.675150  -1.822650 -13.64990
3 -7.178310  -0.956221 -14.66880
2 -3.268320  -0.972632 -14.42680
2 -2.365720  -1.719220 -13.62430
2 -1.090230  -1.117570 -13.20460
2  1.289630  -1.760320 -13.60890
2  1.620220  -0.414660 -13.97490
3  7.473170  -2.050880 -13.89680
3  7.581620  -0.643449 -13.65680
3  2.670960 -13.153400 -11.52840
3  2.988940 -14.305800 -12.10190
3  0.739496 -11.123700 -12.43740
3 -0.528025 -10.898700 -11.93860
3 -0.531745 -10.494900 -10.63810
3  2.365300 -12.069400 -10.90510
3  1.885240 -10.795400 -10.48970
3 -3.310060  -8.003320 -10.61260
3 -2.487500  -9.459020 -12.30480
3 -2.512090  -9.146110 -10.93130
3  2.880770  -9.714200 -10.78340
3  3.079510  -9.186070 -12.07490
3  4.300630  -8.389240 -12.16890
3  5.328930  -8.371720 -11.13470
3 -6.416250  -6.170910 -11.84010
3 -4.200990  -7.507790 -11.56910
3 -4.858900  -6.042340 -11.49430
3  6.400230  -7.484420 -11.30250
3  6.474020  -6.458750 -12.27030
3 -4.908790  -4.561670 -10.96480
3  7.266780  -5.291910 -12.18700
3  8.341570  -5.145970 -11.24360
3 -5.671500  -3.645490 -11.72050
3 -5.541320  -2.290710 -11.50290
3  8.435860  -2.750360 -11.78170
3  9.027800  -3.891170 -11.11600
3 -6.169810  -1.389260 -12.46270
3 -6.269410  -0.039892 -12.25090
3  8.217290  -0.291437 -12.42670
3  8.431620  -1.361550 -11.42270
3  0.686263 -10.506100  -9.72102
3 -1.718510  -9.963060 -10.08380
3 -1.462280  -9.948860  -8.67823
3  0.046406 -10.070200  -8.44192
3  3.890350  -9.500210  -9.78844
3  5.200320  -9.064010  -9.93638
3  6.371720  -9.417580  -9.23857
3  7.580080  -9.003980  -8.76838
3 -3.285060  -7.449840  -9.27547
3 -2.950780  -6.175520  -8.73870
3  9.075690  -7.148000  -9.58827
3  8.763710  -8.378650  -8.98374
3 -4.383790  -4.134210  -9.73474
3 -3.885790  -5.022780  -8.68180
3  8.853710  -6.248380 -10.52690
3 -4.536390  -2.726210  -9.38487
3 10.126500  -3.842370 -10.33780
3 10.854100  -3.712050  -9.21018
3 11.567500  -3.240740  -8.19033
3 -5.066090  -1.799130 -10.29800
3 -5.232970  -0.455662 -10.11770
3  8.467510  -0.903622 -10.07880
3 -3.295160  -8.431540  -8.25318
3 -2.078430  -9.045190  -7.83201
3  0.197902  -9.270740  -7.29571
3 -1.784850  -6.230780  -7.92657
3 -4.405250  -4.760880  -7.33094
3 -4.377490  -2.404320  -8.01937
3 -3.691010  -1.245480  -7.62632
3 -7.701300   1.170020 -21.72570
3  7.092490   1.144160 -22.08430
3  7.069760   0.377079 -20.88730
3 -6.067390   3.486360 -21.61020
3  6.677430   3.110860 -20.74470
3  6.929050   2.531490 -21.99910
3 -5.126440   4.526400 -21.52480
3 -4.651680   5.119000 -22.74400
3 -3.546870   5.985750 -22.65950
3 -2.920140   6.228520 -21.40220
3  5.597380   5.004520 -21.85690
3  6.148620   4.464150 -20.69320
3 -1.683770   6.959730 -21.46880
3 -1.067170   7.210110 -22.70500
3  0.309965   7.532590 -22.73720
3  1.062280   7.640150 -21.55620
3  2.416880   7.595200 -21.63120
3  4.777650   6.144450 -21.80540
3 -7.616510   0.969489 -19.31260
3 -7.336220   1.679130 -20.50580
2 -0.361581   0.554557 -19.66050
3  6.865570   0.910541 -19.60700
3 -6.507630   2.843610 -20.43100
3 -5.949930   3.234320 -19.19300
3  6.511620   2.328600 -19.59240
3 -5.038760   4.282070 -19.12150
3 -4.602940   4.917440 -20.28150
3 -3.450330   5.705380 -20.23360
3 -2.730390   5.942380 -19.01220
3 -1.465890   6.500550 -19.11030
3  5.895690   5.157000 -19.50500
3 -0.937915   7.054840 -20.27420
3  0.424637   7.489120 -20.30320
3  1.151880   7.525200 -19.11050
3  2.541900   7.552890 -19.23620
3  3.094690   7.366020 -20.47710
3  4.326990   6.676000 -20.57010
3  4.973390   6.209140 -19.39810
3 -7.214520   1.508790 -18.08020
3 -7.444260   0.795405 -16.88950
2 -2.561500   1.374770 -16.99950
2 -2.388760   1.025470 -18.39140
2 -0.432208   2.038000 -17.68620
2 -1.054840   1.426990 -18.82950
2  0.906923   1.720390 -17.39240
2  1.643240   0.871061 -18.27380
3  6.943250   0.100579 -18.43460
3  6.049670   1.729510 -16.89810
3  6.729560   0.606099 -17.16140
3 -6.388620   2.621980 -18.00530
3 -5.898970   3.084510 -16.76880
3 -4.854240   4.028450 -16.70090
3  6.065440   2.978750 -18.52460
3  5.255900   3.191840 -17.06310
3 -4.390230   4.582220 -17.89800
3 -3.210430   5.343550 -17.85000
3 -2.427290   5.361600 -16.71370
3 -1.091470   5.717350 -16.79780
3  4.903940   5.953310 -16.86900
3  6.109440   4.431120 -18.35780
3  5.692210   4.832720 -17.01210
3 -0.683720   6.439020 -17.93670
3  0.570623   7.052620 -17.94690
3  1.369060   6.933780 -16.82010
3  2.661890   7.574650 -16.85100
3  3.332370   7.443670 -18.09580
3  4.462140   6.571060 -18.10840
3 -6.945310   1.227350 -15.68780
2 -3.335780   0.593488 -16.15820
2 -1.351700   2.021140 -16.55710
2 -2.867400   0.389747 -14.79460
2 -0.903520   1.825580 -15.21390
2  0.493278   1.559940 -15.00260
2  1.387470   1.537350 -16.07410
2  2.457090   0.544757 -16.10370
3  7.112800   0.294921 -14.70430
3  5.602450   2.012920 -15.51490
3 -6.335420   2.503570 -15.60170
3  4.890490   3.260760 -15.39770
3  4.346400   4.162940 -14.53350
3 -4.201360   4.311310 -15.50240
3 -2.982350   4.986370 -15.53010
3 -0.190751   5.575720 -15.70270
3  1.140780   6.003150 -15.77620
3  2.115360   5.506430 -14.76160
3  3.521090   5.274100 -15.00730
3  3.488170   7.523170 -15.74020
3  4.195950   6.318770 -15.69960
3 -6.894710   0.389986 -14.55580
3 -6.461060   0.848914 -13.29410
3 -6.063760   2.216140 -13.14810
2 -1.649500   0.957284 -14.34480
2 -0.755477   0.217582 -13.54940
2  0.580777   0.560473 -13.98510
3  6.431690   1.518480 -14.52660
3 -5.788870   2.916660 -14.35700
3 -4.674800   3.763670 -14.33600
3 -4.029880   4.033560 -13.13160
3  4.703650   4.002310 -13.17550
3  6.008360   3.427730 -12.89600
3  6.779150   2.425020 -13.53580
3  7.902600   2.039100 -12.88010
3 -2.162760   4.864500 -14.37570
3 -2.709840   4.500260 -13.13140
3 -0.750466   5.191670 -14.46560
3  0.140909   4.961480 -13.37720
3  1.583260   5.171210 -13.49370
3 -5.806100   0.396731 -11.08680
3 -5.660440   1.758440 -10.81400
3  8.354120   1.033880 -12.00980
3  8.653700   1.408450 -10.69810
3 -5.496950   2.627100 -11.90570
3 -4.513640   3.569830 -11.87830
3 -3.730950   3.719970 -10.71880
3 -2.369080   3.951550 -10.88180
3  6.524330   3.760850 -11.59990
3  5.596200   3.789750 -10.53860
3  7.867770   3.751460 -11.15450
3  8.226320   2.732860 -10.25770
3 -1.836370   4.338280 -12.10860
3 -0.502757   4.608640 -12.16580
3  0.266440   4.436880 -11.01920
3  2.392440   4.725330 -12.34170
3  1.627900   4.804470 -11.11270
3  3.769240   4.379800 -12.15980
3  4.335810   4.299470 -10.81410
3 -4.784410   1.819030  -9.65156
3 -4.659850   0.437828  -9.17112
3  8.273610   0.427954  -9.69931
3  7.521790   1.140970  -8.70035
3 -3.910250   2.892110  -9.51614
3 -2.546350   2.808140  -8.84628
3 -1.615140   3.503670  -9.76181
3 -0.311182   4.007500  -9.75875
3  3.656510   3.515300  -8.61132
3  5.945650   3.073590  -9.37435
3  7.215560   2.481340  -9.15304
3  0.328981   4.541960  -8.62259
3  1.400800   5.404190  -8.88107
3  2.310670   5.053420  -9.88709
3  3.476570   4.351170  -9.71836
3 -3.428460   1.155350  -7.20778
3 -2.313770   1.877150  -7.76465
3 -1.057930   1.513760  -7.22372
3  0.154829   1.921800  -7.75934
3  1.394270   2.349460  -7.82711
3  2.471840   3.061540  -8.06481
3  4.945610   3.015110  -8.38402
3 15.495400  17.476600  -7.65926
2  1.017920   0.293136 -19.37520
2  2.620120   0.172157 -17.49070
3 -3.948110   0.056709  -8.04546