281

3  0.780257 -8.408500  93.4764
3  0.164017 -8.424290  92.1684
3  2.243650 -8.188010  93.4694
3 -3.559130 -6.811730  92.2033
3 -3.079620 -7.282710  93.5339
3 -1.245680 -8.214730  92.1360
3 -1.843940 -8.058160  93.4827
3  2.791230 -7.910040  92.1542
3  4.097780 -7.365920  92.2074
3  4.683610 -7.021320  93.5022
3 -4.531990 -5.756530  92.2304
3 -4.879900 -5.304120  93.5797
3 -5.546440 -4.032030  93.5960
2  0.435027 -3.995860  93.8457
3  5.774960 -6.109810  93.5198
3  6.158680 -5.638430  92.1987
3  6.819450 -4.398560  92.1981
3 -6.682310 -2.283640  92.3019
3 -5.893370 -3.484380  92.2451
2 -0.128098 -2.933790  93.1852
2 -1.412110 -2.339880  93.7783
2  2.648850 -2.938390  93.9156
3  7.113980 -3.795560  93.5110
3  7.241400 -2.397910  93.5054
3 -6.888960 -1.715090  93.5996
3 -7.351550 -0.327546  93.5670
2 -0.022799 -0.539652  93.3637
2 -1.272860 -0.900403  93.8054
2  0.710690 -1.709430  92.9687
2  2.127010 -1.728780  93.3013
2  2.727840 -0.582372  93.9039
3  7.304570 -1.721670  92.1999
3  7.116780 -0.313974  92.2163
3  0.122731 -8.341210  94.8312
3 -3.604070 -6.897000  94.9046
3 -1.317100 -8.355910  94.8596
3  2.881650 -7.937460  94.7540
3  4.153610 -7.400530  94.8212
3 -4.519910 -5.875330  94.9387
2 -0.310529 -4.630140  94.9271
2 -1.536710 -4.181800  95.4003
2  1.960870 -4.763470  95.4411
2  0.647101 -5.119280  95.8913
3  6.173740 -5.610430  94.8577
3  6.904220 -4.353690  94.8459
3 -6.632110 -2.272960  94.9074
3 -5.879110 -3.511620  94.9170
2 -2.115150 -2.954270  94.8264
2 -2.758860 -2.250210  95.8878
2  1.847950 -4.017870  94.2369
2  3.720130 -3.160830  96.0658
2  3.576970 -2.450640  94.8855
2 -1.980660 -0.178394  94.7975
2 -2.783170 -0.798465  95.8128
2  3.642420 -1.031620  94.9023
2  3.807150 -0.256729  96.0918
3  7.282230 -1.737140  94.8225
3  7.184700 -0.339385  94.8378
3  0.186677 -8.432670  97.5044
3  0.845412 -8.410100  96.1520
3  2.243390 -8.219650  96.1655
3 -3.540380 -6.821720  97.6013
3 -3.114010 -7.304940  96.2398
3 -1.277780 -8.239490  97.5467
3 -1.886770 -7.982350  96.2486
3  2.844490 -8.077380  97.5197
3  4.104810 -7.293690  97.4962
3  4.635700 -7.025230  96.1583
3 -4.561340 -5.793760  97.5755
3 -4.882850 -5.288470  96.2459
2 -0.812332 -4.581700  97.7329
2 -1.854500 -4.152700  96.8644
2  0.389120 -5.069910  97.2671
2  2.928770 -4.329290  96.3789
2  2.746430 -4.397700  97.8090
3  5.712840 -6.053080  96.1744
3  6.140970 -5.546440  97.5310
3  6.935240 -4.359940  97.5440
3 -6.824590 -2.338040  97.5453
3 -5.613410 -4.102200  96.2677
3 -5.918970 -3.460440  97.5544
2 -2.563270 -2.962740  97.0917
2  3.920030 -2.397970  97.3076
3  7.098440 -3.747790  96.1880
3  7.333390 -2.356140  96.2002
3 -7.005940 -1.721040  96.2165
3 -7.508960 -0.378366  96.2428
2 -2.426290 -0.123986  97.0830
2  3.999010 -0.987150  97.3027
2  3.345710 -0.258372  98.3459
3  7.263900 -1.756090  97.5350
3  7.221660 -0.362484  97.5418
3  0.845196 -8.349370  98.8500
3  2.271980 -8.221670  98.8485
3 -3.055000 -7.227910  98.9147
3 -1.829840 -8.023260  98.9201
3  4.640300 -6.986210  98.8432
3 -4.864880 -5.189970  98.9109
2  1.447260 -4.781170  98.2810
3  5.692110 -6.018660  98.8671
3 -5.597220 -4.028480  98.8986
2 -2.418000 -2.277580  98.2821
2 -1.421380 -2.793100  99.2863
2 -0.666226 -3.917890  98.9790
2  0.766324 -4.004810  99.3861
2  1.315150 -2.804780  99.8347
2  3.259790 -3.100600  98.3662
2  2.584800 -2.412790  99.3717
3  7.138480 -3.818830  98.8387
3  7.261320 -2.370870  98.8829
3 -7.596330 -0.429086  98.9021
3 -7.123390 -1.747530  98.9016
2 -2.344950 -0.801687  98.2736
2 -0.772987 -1.600090  99.8284
2 -1.316720 -0.392120  99.1713
2  0.586253 -1.595980 100.1420
2  1.398360 -0.482265  99.7305
2  2.680970 -0.948965  99.3364
3  0.236304 -8.418610 100.2470
3  0.911527 -8.463060 101.5960
3  2.357220 -8.285710 101.5770
3 -3.517760 -6.758250 100.2840
3 -2.945690 -7.077420 101.6120
3 -1.152510 -8.104420 100.2680
3 -1.729910 -7.801310 101.5860
3  2.909430 -8.147800 100.1830
3  4.118740 -7.368100 100.1810
3  4.643590 -6.972310 101.5470
3  5.764590 -6.107400 101.4930
3 -4.384760 -5.618430 100.3100
3 -4.722120 -5.040280 101.6260
3  6.119910 -5.579530 100.1860
3  6.864530 -4.348570 100.2350
3 -6.769430 -2.240220 100.2170
3 -5.728420 -4.002510 101.6370
3 -6.051080 -3.467420 100.2630
3  7.069690 -3.790950 101.5850
3  7.346010 -2.345110 101.5660
3 -7.103900 -1.668750 101.5800
3 -7.575620 -0.368804 101.6360
3  7.183800 -1.767600 100.2280
3  7.239610 -0.339651 100.2060
3  0.303238 -8.361820 102.9100
3 -3.310940 -6.585590 102.9530
3 -1.073860 -7.992600 102.9170
3  3.021120 -8.172990 102.8980
3  4.224880 -7.412050 102.9240
3 -4.274300 -5.532590 102.9490
3  6.203010 -5.623560 102.9040
3  6.764620 -4.330270 102.9420
3 -6.776230 -2.218150 102.9630
3 -6.046580 -3.426120 102.9770
3  7.455360 -1.750020 102.8810
3  7.282870 -0.328149 102.9140
3 -7.558260  0.290645  92.2733
3 -7.732770  1.714910  92.2503
2  0.544695  0.586800  93.9134
2  1.952560  0.585861  94.1810
3  6.565900  1.644450  93.5406
3  6.945560  0.309200  93.5571
3 -7.827710  2.332180  93.5941
3 -7.597520  3.769060  93.6141
3  5.660760  3.496740  92.2356
3  5.505800  4.082720  93.6558
3  6.327960  2.255980  92.2840
3 -7.352090  4.369230  92.2675
3 -6.610310  5.572910  92.2932
3 -6.219640  6.078650  93.6345
3  4.602920  5.196670  93.6126
3  4.222710  5.729110  92.3138
3 -5.196450  7.006770  93.6354
3 -4.666820  7.262800  92.2753
3 -3.309930  7.716350  92.3004
3 -2.651250  7.894770  93.6468
3  0.813847  7.976490  92.3478
3  1.406200  7.646450  93.6705
3  2.733610  7.109630  93.6443
3  3.261730  6.764430  92.2946
3 -1.250060  8.080860  93.6395
3 -0.604514  8.141460  92.3201
3 -7.577930  0.289458  94.9226
3 -7.774530  1.677480  94.9338
2 -1.355810  0.982099  95.4040
2 -0.119836  1.418070  94.8723
2  2.152360  1.359450  95.4182
2  0.874039  1.893180  95.8323
3  5.766770  3.526980  94.9474
3  6.472080  2.295850  94.9013
3 -7.346730  4.326460  94.9957
3 -6.691030  5.600620  94.9936
3  4.227200  5.642970  94.9150
3 -4.612150  7.331350  94.8866
3 -3.320280  7.881680  94.9090
3  0.766893  7.752850  94.9646
3  3.251710  6.668170  94.9603
3 -0.631336  8.032330  94.9668
3 -7.645140  0.170483  97.5828
3 -7.662440  1.602350  97.6161
2 -1.713770  1.081470  96.8061
2 -0.736074  1.497930  97.7524
2  0.595502  1.844300  97.2080
2  1.535670  1.420610  98.2227
2  3.032010  0.912859  96.3557
2  2.827560  0.985690  97.7978
3  7.205850  0.319315  96.2016
3  6.781150  1.666180  96.2029
3 -7.701000  2.262240  96.2658
3 -7.402720  3.634760  96.3137
3  5.952820  3.556370  97.5968
3  5.467850  4.067070  96.2577
3  6.596460  2.253020  97.5603
3 -7.233530  4.289580  97.6284
3 -6.681370  5.570840  97.6265
3 -6.302900  6.147920  96.3422
3  4.660500  5.181230  96.2469
3  4.170320  5.589900  97.5899
3 -5.165780  7.044840  96.2917
3 -4.649430  7.482400  97.6476
3 -3.312520  7.914940  97.5939
3 -2.698000  8.103630  96.2597
3  0.776540  7.771710  97.6251
3  1.408050  7.563130  96.3004
3  2.707510  6.982530  96.2670
3  3.199790  6.615410  97.6220
3 -1.262150  8.066750  96.2691
3 -0.665460  7.932850  97.6010
2 -0.569394  0.775705  98.9808
2  0.856368  0.748528  99.2942
3  7.154150  0.295158  98.8673
3  6.786320  1.671650  98.8905
3 -7.694980  2.301260  98.9134
3 -7.463270  3.645690  98.9477
3  5.516410  4.026940  98.8674
3 -6.243450  6.085950  98.9125
3  4.685540  5.188210  98.8862
3 -5.190730  7.123650  98.9774
3 -2.690280  7.984130  98.9659
3 -1.308420  7.968260  98.9268
3  1.376260  7.605080  98.9459
3  2.653840  7.017460  98.9832
3 -7.711440  0.210858 100.2820
3 -7.851240  1.641710 100.2460
3  6.645900  1.610530 101.5150
3  7.142610  0.257670 101.5390
3 -7.904290  2.297330 101.5660
3 -7.542490  3.672880 101.6130
3  5.881140  3.523410 100.1800
3  6.387730  2.184590 100.1980
3 -7.237750  4.238800 100.3160
3 -6.567660  5.486850 100.2880
3 -6.166470  6.014300 101.6820
3  4.211910  5.698570 100.2100
3  4.733220  5.252660 101.4970
3  5.487820  4.067700 101.4900
3 -5.185600  7.028990 101.6730
3 -4.670320  7.383730 100.3540
3 -3.366400  7.940940 100.2920
3 -2.730610  8.061240 101.6550
3  1.367420  7.611600 101.5860
3  0.706347  7.759790 100.2550
3  3.227610  6.699590 100.2530
3  2.713470  7.029060 101.5570
3 -0.669346  7.937990 100.2710
3 -1.288720  8.084520 101.6560
3 -7.838160  0.273695 102.9620
3 -7.954460  1.709190 102.9350
3  5.840640  3.535680 102.7780
3  6.544960  2.274020 102.8480
3 -7.287750  4.295920 102.9820
3 -6.611250  5.498850 102.9810
3  4.198870  5.713850 102.8100
3  4.609640  5.193780 104.1810
3  5.449100  4.087760 104.1590
3 -4.647830  7.391040 102.9390
3 -3.330790  7.879300 102.9620
3  0.800450  7.897180 102.8800
3  1.493580  7.821160 104.1520
3  3.261220  6.758340 102.8500
3  2.739200  7.194420 104.1470
3 -0.593668  8.136050 102.9150
3  6.867400  1.688570 104.1640