368

3 -5.468120 -6.170910 71.4915
3 -6.419360 -5.166210 71.3526
3 -7.475910 -2.634800 71.2477
3 -7.588730 -1.242350 71.1885
3 -4.871300 -6.326270 72.7414
3 -3.502540 -6.602350 72.8334
3 -2.765150 -6.781730 71.6771
3 -1.388110 -6.663830 71.7160
3 -0.773528 -6.556620 72.9460
3  0.606140 -6.562090 73.0479
3  1.324070 -6.534180 71.8527
3  2.677420 -6.249370 71.9059
3 -6.887780 -4.519740 72.5182
3 -6.624740 -5.094390 73.7585
3  3.341220 -6.160080 73.1258
3  4.693640 -5.675260 73.2184
3  5.389520 -5.498350 71.9951
3  6.576770 -4.714120 72.0197
3 -7.554570 -2.519100 73.6616
3 -7.361440 -3.229540 72.4656
3  7.093300 -4.260620 73.2832
3  7.959590 -3.152920 73.3144
3  8.240290 -2.509790 72.1216
3 -7.495610 -1.149020 73.6490
3 -7.451330 -0.531960 72.4281
3  8.754820 -1.251740 72.1279
3  8.957710 -0.591237 73.3317
3 -4.993410 -6.212500 75.1316
3 -3.651350 -6.484160 75.2180
3 -2.852510 -6.465810 74.0719
3 -1.491490 -6.497250 74.1311
3 -0.870765 -6.537810 75.3567
3 -7.137020 -4.472840 74.9060
3 -5.533290 -5.944890 73.9091
3  1.263980 -6.386900 74.2517
3  0.514013 -6.459400 75.4043
3  2.612440 -6.232200 74.3355
3  3.200820 -5.919730 75.5469
3  4.572680 -5.605610 75.5830
3  5.258330 -5.329450 74.4478
3  6.468330 -4.639620 74.4564
3 -7.563140 -3.154930 74.8784
3  8.215640 -2.511900 74.5560
3 -7.609930 -0.418426 74.8338
3  8.785330 -1.246280 74.5733
3 -5.151970 -6.062830 77.4724
3 -3.034910 -6.567030 76.4420
3 -3.801430 -6.412260 77.5843
3 -1.618680 -6.483550 76.5099
3 -1.015670 -6.601840 77.7482
3  1.136480 -6.344830 76.6599
3 -7.427320 -4.508270 77.3392
3 -5.778230 -5.945900 76.2559
3 -6.848580 -5.051400 76.1441
3  2.504230 -6.096630 76.7110
3  5.135400 -5.352730 76.8470
3  6.231870 -4.479370 76.9176
3 -7.837220 -2.499740 76.0942
3 -7.929180 -3.221060 77.2761
3  6.892400 -4.162500 75.7162
3  7.747340 -3.079170 75.7556
3  8.002580 -2.425690 77.0123
3 -7.873400 -1.119660 76.0532
3 -8.061840 -0.401985 77.2820
3  8.547670 -1.158060 77.0116
3  8.922840 -0.568474 75.7860
3 -3.165870 -6.636680 78.7914
3 -1.774770 -6.797200 78.8829
3  0.364513 -6.440060 77.7902
3  1.001590 -6.612470 79.0140
3  2.351930 -6.385480 79.0571
3 -7.463560 -4.441130 79.7751
3 -6.990770 -4.981640 78.5705
3 -5.801160 -5.699410 78.6444
3  3.145010 -6.162340 77.9554
3  4.443860 -5.712410 78.0124
3  4.911330 -5.285310 79.2777
3  5.939080 -4.357360 79.3575
3 -8.127010 -3.202210 79.7147
3 -8.210420 -2.530950 78.4659
3  6.582630 -3.981460 78.1903
3  7.548630 -2.947140 78.2465
3  7.670560 -2.213310 79.4651
3 -8.242730 -1.120700 78.4697
3 -8.035060 -0.418541 79.6946
2 -2.057860 -0.605192 79.6877
2 -0.698513 -1.081870 79.6976
3  8.319190 -0.982974 79.4430
3  8.577880 -0.410236 78.2270
3 -5.202600 -5.938610 79.8613
3 -3.889520 -6.444060 79.9296
3 -3.290120 -6.719030 81.1448
3 -1.167040 -6.996080 80.0971
3 -1.998250 -7.160840 81.2213
3  0.202596 -6.859310 80.1355
3  0.773404 -6.886130 81.3614
3  2.114950 -6.454650 81.4358
3  2.885480 -6.157770 80.2931
3 -5.884610 -5.683790 81.0361
3 -7.048400 -4.968760 80.9701
3  4.079440 -5.441410 80.4056
3  4.291130 -4.789910 81.6028
3 -8.196730 -2.485070 80.8740
2 -1.226680 -2.681830 81.5178
3  5.306750 -3.911380 81.6697
3  6.076280 -3.636380 80.5312
3  6.974800 -2.576970 80.5843
3 -8.123690 -1.117670 80.9085
2 -3.843970 -0.226482 81.3300
2 -2.950750 -1.118590 80.6371
2 -2.543470 -2.170710 81.5466
2 -0.282784 -2.088870 80.5864
2  0.982132 -1.974850 81.2594
2  1.829720 -0.901992 80.9679
2  2.602680 -0.281574 82.0192
3  8.420810 -0.250752 80.6482
3 -5.311090 -6.037860 82.2521
3 -4.038730 -6.575840 82.3047
3 -3.538790 -7.033320 83.5440
3 -2.134010 -7.353850 83.5972
3 -1.323700 -7.249730 82.4516
3  0.053525 -7.238300 82.5131
3  0.668071 -7.244810 83.7579
3  1.937770 -6.695350 83.8107
3  2.607130 -6.111130 82.6795
3 -7.599380 -4.437200 82.1829
3 -6.062120 -5.820460 83.4463
3 -7.214870 -5.000820 83.3801
3  3.602290 -5.172980 82.7341
3 -8.127150 -3.165350 82.1235
3 -8.235680 -2.441650 83.3565
2 -2.503260 -2.107550 84.0178
2 -1.149390 -2.601870 84.0001
2 -0.522769 -2.873360 82.7792
2  0.854121 -2.461660 82.6087
3  5.537070 -3.296880 82.9008
3  6.366250 -2.183800 82.9244
3 -8.229190 -0.404207 82.1081
3 -8.286870 -1.074060 83.3752
2 -3.192690 -1.900540 82.8182
2 -4.008910 -0.708326 82.6765
2  1.610990 -1.854750 83.6374
2  2.487170 -0.733912 83.3501
3  7.031490 -1.821390 81.7447
3  7.862620 -0.709114 81.8290
3  8.166960 -0.090994 83.0365
3 -5.494200 -6.215380 84.6472
3 -4.313970 -6.959890 84.6922
3 -3.724220 -7.287660 85.9452
3 -1.538650 -7.554990 84.8452
3 -2.348990 -7.447850 85.9711
3 -0.131585 -7.498310 84.8721
3 -7.658840 -4.447120 84.6029
3 -7.205530 -4.993930 85.7858
3 -6.139840 -5.874970 85.8206
3  2.356290 -6.266510 85.0299
3  3.837310 -4.677100 83.9625
3  3.358730 -5.305020 85.1087
3 -8.136900 -3.106560 84.5763
3 -8.302230 -2.440110 85.8253
3  4.802540 -3.677320 84.0297
3  5.214630 -3.199920 85.2656
3  6.063750 -2.126970 85.3369
3 -8.515400 -1.073050 85.8180
3 -8.538930 -0.400148 84.6107
2 -3.407110 -0.008877 84.9672
2 -2.599410 -1.146640 85.0873
2 -1.305580 -1.036390 85.7096
2  0.955389 -1.582360 84.8967
2 -0.398614 -1.930660 85.0430
2  1.447280 -0.309187 85.4122
3  6.562030 -1.557490 84.1546
3  7.471210 -0.485843 84.1932
3  0.440929 -7.260650 86.1311
3  1.757320 -6.803360 86.1719
3  3.795570 -4.833180 86.3536
3  4.680240 -3.775470 86.4177
3 -7.051890  1.477360 71.1625
3 -6.536720  2.757480 71.2431
3 -4.789230  4.828020 71.3932
3 -3.841330  5.788160 71.4893
3 -7.358910  0.857389 72.3898
3  9.121500  0.811080 73.3139
3  8.961160  1.459780 72.0828
3 -6.358510  3.426410 72.4872
3  8.487350  2.773120 72.0518
3  8.191450  3.448020 73.2298
3 -5.478260  4.509240 72.5831
3 -3.425580  6.286920 72.7204
3  7.035330  5.164120 71.9990
3  7.441630  4.626090 73.2622
3 -1.488890  7.272550 71.6668
3 -2.193700  6.997980 72.8181
3 -0.223326  7.825450 71.7065
3  0.322181  7.955060 72.9622
3  2.512900  8.185650 71.8379
3  1.714680  8.102400 73.0483
3  3.878280  7.801640 71.8940
3  4.415630  7.392920 73.1450
3  6.098460  6.199490 71.9439
3  5.630480  6.740780 73.1430
3 -7.320500  1.602690 73.6030
3 -7.494780  0.965595 74.8224
3  8.876370  1.508080 74.5039
3 -6.864290  2.905860 73.6695
3 -6.630450  3.587280 74.8694
3  8.586760  2.879930 74.4666
3 -5.880810  4.738400 74.9466
3 -5.174190  5.130850 73.8032
3 -4.068240  5.942130 73.8689
3  7.084050  5.277190 74.4721
3 -3.588780  6.365340 75.0950
3 -1.752500  7.417560 74.0372
3 -2.416210  7.125930 75.1959
3 -0.452599  7.885510 74.1546
3  0.128938  8.032130 75.4095
3  2.314030  7.910360 74.2927
3  1.540380  8.040630 75.4548
3  3.671730  7.575980 74.3370
3  4.208690  7.252770 75.5718
3  5.406690  6.575130 75.6365
3  6.067650  6.267220 74.4181
3 -7.572350  1.685930 75.9947
3 -7.884880  0.989333 77.2406
3  8.915140  0.843253 75.7519
3  8.805600  1.617700 76.9279
3 -7.046060  2.976540 76.0672
3 -6.858040  3.581710 77.2837
3  8.324240  3.628520 75.6532
3  8.499680  2.998390 76.8932
3 -5.530140  5.302150 76.1501
3 -6.102380  4.760540 77.3079
3  7.102090  5.343680 76.8774
3  5.970050  6.198620 76.8333
3  7.592030  4.814610 75.6884
3 -4.397430  6.155750 76.2093
3 -4.068920  6.747870 77.4551
3 -2.839230  7.436550 77.5681
3 -2.027040  7.651930 76.4246
3 -0.690800  8.117100 76.5500
3  2.105840  7.854120 76.7201
3  3.416480  7.381210 76.7546
3 -7.933460  0.962212 79.6381
3 -7.709230  1.666200 78.4296
2 -2.907790  1.685420 80.0591
2 -2.029150  0.819553 79.3862
2 -0.648139  1.206240 79.2344
2  0.168980  0.034535 79.4206
2  1.431640  0.107526 80.0208
3  8.708890  0.988021 78.1575
3  8.613810  1.681130 79.3657
3 -7.287560  2.979260 78.4711
3 -7.052640  3.608340 79.6802
2 -0.168573  2.462480 79.6438
3  8.528850  3.044100 79.3071
3  8.275310  3.632390 78.1033
3 -5.768350  5.333360 78.5014
3  6.936590  5.236050 79.2849
3  5.651790  5.798390 79.2642
3  7.446430  4.723610 78.0803
3 -4.775420  6.302040 78.5933
3 -2.356120  7.762490 78.8361
3 -0.946668  7.977520 78.9227
3 -0.088883  8.174090 77.8148
3  1.287370  7.906280 77.8621
3  1.842330  7.431870 79.0527
3  3.181490  7.056110 79.1029
3  3.903400  6.901430 77.9520
3  5.188340  6.319350 78.0506
3 -7.874400  1.643930 80.8625
2 -3.786620  1.144120 81.0666
2  1.925230  1.379100 80.4874
2  2.650800  1.141680 81.7254
3  8.763970  1.086930 80.5919
3 -7.353250  2.935830 80.8995
2 -3.925540  2.100540 82.1257
2 -3.086750  3.233470 81.8099
2 -2.444840  2.991800 80.5178
2 -1.086830  3.362260 80.3359
2  0.996237  3.441990 81.4264
2 -0.355013  3.946110 81.4441
2  1.113640  2.514320 80.3289
3  8.389120  3.795200 80.5209
3 -6.287530  4.762430 79.6705
3 -6.042130  5.304870 80.9278
3  4.979460  6.069600 80.4200
3  6.840650  5.246970 81.6866
3  5.563610  5.776390 81.6472
3  7.527310  4.861660 80.5003
3 -4.417520  6.739710 79.8339
3 -5.072960  6.300430 81.0198
3 -3.128710  7.379620 79.9654
3 -2.543110  7.399060 81.2608
3 -1.176070  7.396410 81.3011
3 -0.373196  7.614320 80.1537
3  1.009840  7.341720 80.1800
3  2.866650  6.566760 81.4331
3  1.547180  6.952770 81.4292
3  3.693620  6.576750 80.3255
3 -8.123840  1.002270 82.1086
3 -8.156750  1.660350 83.3291
2 -4.111650  1.639260 83.4479
2 -4.122890  0.214704 83.7298
2  2.452180  1.605180 84.1651
3  8.929170  1.814530 81.7757
3  8.754750  1.203020 83.0422
3 -7.695240  2.987460 83.3601
3 -7.299390  3.608700 82.1241
2 -2.377400  3.835440 82.8613
2 -2.526570  3.358600 84.2315
2 -0.282159  3.929240 83.8834
2  1.037540  3.461070 83.8710
2  1.703150  3.218770 82.6198
2  2.551330  2.058290 82.7845
3  8.735290  3.240780 81.7596
3  8.367970  3.895450 82.9953
3 -6.605470  4.793530 82.1387
3 -6.330720  5.329190 83.4070
2 -0.991885  4.177800 82.6622
3  4.809470  6.044590 82.8291
3  3.446030  6.428080 82.6981
3  7.333540  4.845690 82.9083
3 -5.298900  6.246250 83.4703
3 -4.599000  6.604910 82.2939
3 -3.348640  7.186190 82.3875
3 -2.761730  7.399800 83.6180
3 -1.369180  7.469380 83.6592
3 -0.605226  7.218130 82.5368
3  0.764714  7.002310 82.5917
3  2.715100  6.619340 83.9078
3  1.348110  7.011400 83.8434
3 -8.438150  0.990981 84.5477
3 -8.377660  1.651880 85.7914
2 -2.930440  1.262970 85.4549
2 -1.669280  1.360070 86.0743
2 -0.850476  0.179951 86.2287
2  0.568994  1.971900 85.7534
2  0.536587  0.562938 86.0490
2  2.409180  0.216652 84.4560
3  8.387290  1.275910 85.5186
3  8.729160  1.907690 84.2946
3 -7.951310  3.030510 85.8562
3 -7.600770  3.636430 84.5931
2 -3.379390  2.279850 84.5256
2 -1.220090  3.425530 84.8507
2 -0.788809  2.470220 85.7787
2  1.488520  2.476380 84.8243
3  8.179040  3.996530 85.4380
3  8.655270  3.310260 84.2468
3 -6.901470  4.861090 84.6415
3 -6.543430  5.408930 85.8950
3  6.712440  5.304200 84.0602
3  7.255650  5.077620 85.3133
3  5.412590  5.834090 84.0504
3 -5.478530  6.310660 85.9246
3 -4.875770  6.683850 84.6860
3 -3.506230  7.206900 84.7579
3 -0.739730  7.575030 84.8789
3  0.674516  7.395410 84.9536
3  4.698430  6.218300 85.1831
3  3.352290  6.605340 85.1221
3  6.657440  5.687850 86.4728
3 -2.881650  7.449860 85.9792
3 -1.518570  7.706140 86.0332
3  2.690000  7.090090 86.2884
3  1.332740  7.507490 86.1652
3  5.321080  6.165030 86.4281
3  7.803930 -0.001495 85.4521