296

3  0.556448 -8.382430 44.2608
3 -3.133510 -6.658060 44.3125
3 -0.860826 -8.071650 44.2598
3  3.215940 -8.062080 44.2607
3  4.522530 -7.481380 44.2598
3 -4.133240 -5.699170 44.3316
3  6.477770 -5.594370 44.2614
3  7.127130 -4.357530 44.3068
3 -6.624640 -2.513340 44.3303
3 -5.948130 -3.750530 44.3390
1 -0.410713 -1.032600 44.6928
3  7.566070 -1.661350 44.2682
3  7.423470 -0.251573 44.2841
3  1.207230 -8.483470 45.6220
3  0.546507 -8.401290 46.9853
3  2.572890 -8.154870 45.6182
3 -2.621420 -7.110120 45.6322
3 -3.098510 -6.723120 46.9753
3 -0.854590 -8.131650 46.9334
3 -1.473070 -7.888620 45.6118
3  3.157890 -7.867090 46.9333
3  4.465600 -7.358510 46.8933
3  5.015800 -7.049930 45.5642
3  6.008260 -6.064200 45.5889
3 -4.527850 -5.226300 45.6825
3 -4.128890 -5.763270 46.9677
3 -5.491250 -4.185050 45.7099
3  6.418580 -5.506990 46.9150
3  7.252310 -4.372170 46.9275
3 -6.657510 -2.464080 46.9852
3 -5.878100 -3.683840 47.0138
1 -0.218703 -2.303560 46.6062
3  7.435840 -3.730550 45.5903
3  7.610320 -2.306220 45.6199
3 -7.031340 -1.937480 45.6655
3 -7.385810 -0.562531 45.6547
1 -2.482360 -1.482500 45.9415
1 -3.110630 -0.336915 45.2763
1 -1.151270 -1.891880 45.5739
1  0.960463 -0.984443 45.0533
1  1.109780 -1.794540 46.2943
3  7.625060 -1.660180 46.9347
3  7.403080 -0.261995 46.9613
3  1.189500 -8.311190 48.2837
3  2.551750 -8.027800 48.2845
3 -2.628470 -7.098840 48.2611
3 -1.444410 -7.913810 48.2151
3  5.039270 -7.017770 48.1734
3  6.111090 -6.098440 48.1971
3 -4.483790 -5.245850 48.2668
3 -5.373290 -4.103570 48.3119
1 -0.677302 -2.323220 47.9473
3  7.466220 -3.790320 48.2360
3  7.662400 -2.368170 48.2470
3 -6.875240 -1.885360 48.3295
3 -7.328110 -0.471356 48.2949
1 -2.902200 -1.523740 47.2896
1 -2.053110 -1.927410 48.2943
1 -3.788940 -0.418313 47.5424
1  1.941550 -1.272280 47.2749
1  1.442960 -1.314140 48.6557
1  2.727270 -0.045627 47.1574
3  0.572034 -8.370490 49.5866
3  1.222960 -8.487000 50.9246
3  2.609940 -8.246600 50.9245
3 -3.109430 -6.704650 49.6306
3 -2.594600 -7.105380 50.9459
3 -0.803787 -8.120390 49.5894
3 -1.386610 -7.807300 50.8791
3  3.218480 -8.037550 49.5846
3  4.505130 -7.482320 49.5642
3  5.073580 -7.119490 50.8924
3  6.108760 -6.128770 50.8957
3 -4.083360 -5.739050 49.6020
3 -4.412010 -5.162360 50.9033
3 -5.210810 -4.024750 50.9304
3  6.535260 -5.636520 49.5889
3  7.251310 -4.393800 49.6113
3 -6.507690 -2.446190 49.6561
3 -5.688430 -3.590700 49.6396
3  7.447270 -3.795420 50.9148
3  7.772250 -2.408940 50.8865
3 -6.654090 -1.797930 50.9197
3 -7.188100 -0.474584 50.9198
1 -1.968810 -1.298670 49.6050
1  0.190355 -1.849290 48.9902
1 -0.584360 -1.214010 50.0218
1  1.940460 -0.137036 49.3792
3  7.672780 -1.663090 49.5909
3  7.463730 -0.286001 49.6079
3  0.657997 -8.407950 52.2370
3  3.275980 -8.094300 52.2442
3 -3.041930 -6.626440 52.2893
3 -0.737243 -8.034990 52.2198
3  4.533490 -7.476820 52.2108
3 -3.983110 -5.618000 52.2672
3  6.485820 -5.682390 52.2639
3  7.227250 -4.405220 52.2381
3 -6.360350 -2.341280 52.2560
3 -5.636640 -3.594370 52.2560
3  7.715860 -1.762900 52.2535
3  7.511540 -0.338818 52.2420
3 -0.706756 -8.012340 54.9595
3  0.710467 -8.416070 54.9994
3  1.268760 -8.496550 53.5848
3  2.709750 -8.355090 53.5337
3  3.367630 -8.215960 54.8975
3 -3.086060 -6.724210 54.9492
3 -2.508840 -7.031640 53.6149
3 -1.321410 -7.777880 53.6238
3  4.710190 -7.632480 54.9661
3  5.143060 -7.129900 53.6356
3  6.178750 -6.176980 53.6391
3 -4.088240 -5.698150 54.9452
3 -4.404130 -5.178150 53.5682
3 -5.337100 -4.126460 53.6078
2 -0.267569 -4.093410 54.5376
2  2.474510 -4.427470 55.1214
3  6.542350 -5.621720 54.9510
3  7.186280 -4.382010 54.9562
3 -6.490490 -2.359670 54.9705
3 -5.725100 -3.587820 54.9509
2 -1.508210 -3.436840 54.8374
2  0.709098 -3.458580 53.7009
2  0.474429 -2.116270 53.2223
2  2.118760 -3.612750 54.0455
2  2.753890 -2.351710 53.7344
3  7.646140 -2.368590 53.5870
3  7.488940 -3.805790 53.6221
3 -6.618760 -1.812130 53.5949
3 -7.120560 -0.500073 53.5767
2 -1.625720 -2.102510 54.4451
2 -0.683381 -1.435870 53.5671
2 -0.627084  0.007305 53.9288
2  1.742640 -1.401810 53.2852
2  1.870110 -0.063391 53.7243
2  3.742830 -1.905270 54.6418
2  3.864190 -0.498704 54.9763
3  7.624840 -0.297903 54.9363
3  7.636760 -1.714390 54.9569
2 -2.204550 -1.150650 55.3015
3 -7.457470  0.126064 44.3271
3 -7.481880  1.564460 44.2806
1 -2.429700  1.907410 44.4529
1 -2.335620  0.467566 44.3930
1 -0.996545  0.096175 44.1416
1 -0.270393  1.331440 43.9867
1  1.051850  1.405320 44.3534
1 -1.131630  2.444850 44.1783
1 -0.641920  3.570030 44.8680
3  6.197290  3.662820 44.3043
3  6.797710  2.379320 44.2777
3 -6.791350  4.239720 44.3195
3 -6.168740  5.495280 44.3220
3  4.469150  5.745770 44.3901
3 -4.329440  7.418990 44.2853
3 -3.011420  7.981890 44.2875
3 -0.270385  8.325640 44.2969
3  1.092410  7.904920 44.3291
3  3.463770  6.755620 44.3754
3 -7.449950  0.109028 46.9408
3 -7.390430  1.547140 46.9558
1 -3.936830  0.342134 46.2750
1 -4.019460  1.757780 46.3819
1  1.719190  0.208474 44.8494
1  2.576990  0.671193 45.9233
3  6.979740  1.780600 45.6468
3  7.301550  0.418118 45.6672
3 -7.311570  2.158380 45.5981
3 -7.042740  3.628700 45.6298
1 -3.246230  2.517740 45.4395
1 -2.698710  3.667390 46.1831
1  1.565380  2.550270 45.0463
1  0.768211  3.630170 45.2131
1  2.505490  2.169820 46.0445
3  5.774300  4.187890 45.6465
3  6.084570  3.603390 47.0127
3 -6.832100  4.198230 47.0008
3 -6.057600  5.411590 46.9299
3 -5.743080  6.008750 45.6088
1 -1.439380  4.169800 45.8978
1 -0.525008  4.664550 46.9080
1  0.827737  4.318540 46.5333
3  4.944790  5.350360 45.7305
3 -4.772090  7.030950 45.6190
3 -4.135010  7.317570 46.9508
3 -2.374930  8.267180 45.5863
3 -3.002520  8.065730 46.9392
3 -0.938190  8.396870 45.5998
3 -0.295850  8.317990 46.9692
3  1.705360  7.778080 45.6401
3  2.915270  7.101150 45.6869
1 -3.740680  0.223886 48.7796
1  2.720930  0.624562 48.4368
3  6.817810  1.678850 48.3129
3  7.216670  0.315737 48.3266
3 -7.332450  2.226030 48.3083
3 -7.113620  3.621070 48.2937
1 -3.209580  3.633880 47.4963
1 -3.960140  2.375790 47.6582
1 -3.905300  1.644550 48.8626
1  1.717110  3.936590 47.5400
1  1.243630  3.916820 48.9468
1  2.516640  2.763600 47.2959
1  2.619690  2.042010 48.4706
3  5.588010  4.075790 48.3696
3  6.666980  2.281810 46.9917
3 -5.685360  5.956270 48.2763
1 -2.325780  4.092890 48.5058
1 -1.017920  4.672810 48.2313
3  4.470660  5.777460 47.0721
3  4.747190  5.215440 48.3480
3 -4.684310  6.946430 48.2840
3 -2.394340  8.368430 48.2219
3 -0.988460  8.396990 48.2643
3  1.062300  7.954770 46.9560
3  1.666460  7.820370 48.2735
3  3.429770  6.715400 46.9899
3  2.899170  7.168410 48.3145
3 -7.431440  0.165842 49.6057
3 -7.471320  1.562760 49.6336
1 -2.704760 -0.161920 49.7594
1 -2.307940  1.032090 50.4085
1 -0.982662  1.080020 50.8603
1 -0.104941 -0.025627 50.6479
1  1.152260  0.494037 50.3535
3  6.834280  1.645410 50.9204
3  7.337440  0.325726 50.8913
3 -7.384260  2.196170 50.9318
3 -6.931910  3.573690 50.9345
1 -2.963740  2.157100 49.8341
1 -2.270950  3.364260 49.7282
1 -0.239444  2.289630 50.7402
1 -0.885554  3.421010 50.2013
1  1.927760  2.730430 49.5000
1  1.124110  1.937190 50.3884
3  5.408110  3.918440 50.9658
3  5.733730  3.355640 49.5996
3  6.561080  2.236290 49.6297
3 -6.722010  4.155540 49.5922
3 -6.047980  5.384690 49.5677
3 -5.652840  5.972160 50.8572
1 -0.131203  4.245880 49.2945
3  4.618350  5.081950 51.0138
3  4.281600  5.690000 49.6930
3 -4.723130  6.999640 50.8746
3 -4.229520  7.445030 49.5741
3 -3.027060  8.161860 49.5449
3 -2.462670  8.345860 50.8927
3 -0.384306  8.416850 49.6023
3 -1.039140  8.539260 50.9397
3  1.038110  8.122870 49.6133
3  1.592650  7.860150 51.0381
3  3.317980  6.749880 49.7016
3  2.820030  7.165180 51.0694
3 -7.246500  0.117288 52.2232
3 -7.373560  1.529050 52.2583
3  5.814200  3.378240 52.3469
3  6.685450  2.237990 52.2286
3 -6.662590  4.196140 52.2443
3 -6.102040  5.474090 52.1988
3  4.206030  5.547460 52.3856
3 -4.339420  7.485450 52.2060
3 -3.088200  8.145340 52.2179
3 -0.428156  8.463790 52.2892
3  0.889050  8.021110 52.3150
3  3.272060  6.586450 52.3514
3 -7.229660  0.125935 54.8680
3 -7.312740  1.574750 54.8669
2  0.650888  0.614080 54.0034
2  2.862280  0.402412 54.5727
3  7.024580  1.644110 53.5696
3  7.534040  0.340296 53.5609
3 -7.322820  2.235280 53.5714
3 -6.948520  3.594460 53.5653
3  5.896690  3.328560 54.9415
3  6.791120  2.245020 54.9647
3 -6.758900  4.207210 54.8998
3 -6.258770  5.588260 54.9069
3 -5.800370  6.024090 53.5800
3  5.448780  3.886820 53.6870
3  4.590690  5.030240 53.6939
3  4.098590  5.415410 55.0035
3 -4.382060  7.546070 54.9022
3 -4.852010  7.089280 53.5285
3 -2.483700  8.385160 53.5924
3 -3.083930  8.118700 54.9315
3  0.890541  8.031400 54.9920
3  1.446590  7.744770 53.6725
3  3.118900  6.394540 54.9775
3  2.672530  6.933570 53.6510
3 -0.454176  8.382110 54.9942
3 -1.107090  8.538580 53.6194
2 -1.601140  0.173268 55.0011
2  0.953270  1.522530 55.1133
2  2.331820  1.381330 55.4712