313

3 -4.530780 -6.489430 -16.73430
3 -1.957790 -7.092420 -16.68190
3 -0.511614 -6.985040 -16.71190
3  2.077660 -6.566240 -16.74980
3 -5.810730 -5.748590 -16.72620
3  3.468430 -5.953990 -16.72300
3  5.798900 -4.743970 -16.77980
3 -8.003220 -2.411520 -16.72220
3 -7.549390 -3.784760 -16.70860
1 -0.924105 -2.207520 -16.74360
1  0.203605 -3.090870 -16.45050
1  1.186530 -2.950400 -17.56270
1  2.552450 -2.737550 -17.30110
1  3.017200 -2.736370 -15.97330
3  6.898720 -3.856460 -16.77780
1 -1.586970 -1.481300 -15.79920
1 -2.032390 -0.143229 -16.06810
1  4.389610 -1.270870 -17.18070
1  4.739280  0.050929 -17.23110
1  4.173240 -1.879580 -15.87130
3  8.167160 -1.582660 -16.76680
3  8.527240 -0.184049 -16.73510
3 -3.956100 -6.663050 -15.14920
3 -4.559890 -6.515540 -13.57150
3 -2.601190 -7.056260 -15.14120
3 -1.943050 -7.065110 -13.55270
3 -0.470401 -6.925860 -13.60340
3  0.117598 -6.972440 -15.13100
3  1.546030 -6.621640 -15.13290
3  2.139310 -6.492890 -13.53300
3 -6.200810 -5.369340 -15.14460
3 -7.090880 -4.215730 -15.11560
3 -5.849980 -5.773010 -13.57060
3  3.497230 -5.987900 -13.61020
3  3.958130 -5.755670 -15.16910
3  5.201320 -4.998480 -15.19350
3  5.759840 -4.743250 -13.59600
3 -7.995810 -2.442040 -13.53820
3 -7.468310 -3.809810 -13.56890
1  0.736087 -3.159130 -15.12090
1  2.167140 -2.959290 -14.87970
3  6.928830 -3.849410 -13.61560
3  7.380360 -3.427350 -15.18260
3  8.145040 -2.213670 -15.16670
3 -8.026700 -1.849350 -15.11360
3 -8.262190 -0.399691 -15.10190
1 -1.074970 -1.565590 -14.43400
1  0.056184 -2.281340 -14.08500
1  2.392040 -2.098100 -13.74360
1  4.433060 -1.147210 -14.63990
3  8.278430 -1.665790 -13.56220
3  8.411270 -0.231640 -13.52810
3 -3.964460 -6.701640 -11.97580
3 -2.524770 -7.140580 -11.98120
3  0.104970 -6.938740 -12.01470
3  1.546180 -6.608860 -11.93840
3 -6.013510 -5.221330 -12.00160
3 -7.132210 -4.219220 -11.96750
3  4.120060 -5.900410 -12.02100
3  5.273960 -5.050510 -11.99610
3  7.240880 -3.406090 -11.98490
3  8.108010 -2.239020 -11.92560
3 -8.136780 -1.818820 -11.95760
3 -8.390120 -0.364310 -11.99020
1  1.106230 -1.708650 -13.25340
1  0.973095 -0.431489 -12.70670
1  3.524790 -1.219220 -13.57200
3 -4.528700 -6.564680 -10.42590
3 -1.911690 -7.099820 -10.47040
3 -0.444341 -7.037600 -10.42850
3  2.189420 -6.546740 -10.41750
3  3.591140 -6.042910 -10.38280
3 -5.754350 -5.752410 -10.40080
3  5.775460 -4.787120 -10.39540
3 -7.944620 -2.357150 -10.40690
3 -7.355560 -3.653160 -10.40260
3  6.906940 -3.872000 -10.35930
2  2.699310 -0.633356  -9.43566
3  8.249770 -1.666520 -10.34270
3  8.361370 -0.202597 -10.34530
3 -3.993160 -6.752880  -8.81923
3 -2.510020 -7.000120  -8.85248
3  0.146539 -6.930710  -8.81639
3 -0.462789 -6.951240  -7.20103
3  1.601580 -6.649390  -8.83565
3  2.139440 -6.458410  -7.24602
3 -6.128730 -5.332940  -8.80450
3 -7.157270 -4.270280  -8.84820
3  4.006050 -5.774020  -8.78966
3  5.278460 -5.014270  -8.79053
3 -8.069010 -2.425520  -7.28012
3 -7.441820 -3.755230  -7.24664
2  0.103785 -2.236420  -7.53824
2  1.433510 -2.366840  -8.15213
2  2.624130 -2.598920  -7.39630
2  3.824130 -1.890900  -7.58274
3  7.297700 -3.395960  -8.77205
3  8.100970 -2.185230  -8.71999
3 -8.268720 -0.367739  -8.77335
3 -8.168720 -1.821660  -8.82124
2  0.316681 -0.554055  -9.09632
2 -0.528022 -1.083460  -8.07692
2  1.532560 -1.293820  -9.14039
2  3.923600 -0.975811  -8.69572
3 -3.900760 -6.686270  -5.68358
3 -4.473040 -6.501530  -7.25898
3 -1.934850 -6.991320  -7.24218
3 -2.518310 -7.074230  -5.65085
3  0.129824 -6.791510  -5.63456
3  1.543550 -6.602920  -5.65108
3  3.487910 -5.987080  -7.22935
3 -6.145030 -5.286840  -5.66125
3 -5.621830 -5.610250  -7.25262
3  4.016480 -5.731810  -5.64925
3  5.784620 -4.771660  -7.19068
3  5.364690 -5.137360  -5.63793
3 -7.193110 -4.259040  -5.66978
2  0.074131 -2.467340  -6.14920
2  1.233420 -2.791150  -5.39208
2  2.508270 -2.862900  -5.99515
2  3.679710 -2.356880  -5.32907
3  6.930900 -3.831120  -7.16381
3  7.348460 -3.403060  -5.63211
3  8.114610 -2.213300  -5.59090
3 -8.135880 -1.844530  -5.68399
3 -8.192870 -0.346676  -5.68324
2 -1.302200 -0.244419  -7.32259
2 -1.391410 -0.497600  -5.90775
2  4.437730 -1.718120  -6.33575
2  5.220330 -0.612194  -6.11008
3  8.369910 -1.647330  -7.13164
3  8.564030 -0.193137  -7.13003
3 -1.885150 -7.005360  -4.08176
3 -0.397288 -7.042740  -4.08799
3  2.136320 -6.515490  -4.03770
3 -4.418080 -6.463270  -4.10186
3 -5.668020 -5.639220  -4.07179
3  3.547410 -5.985230  -4.07008
3  5.856570 -4.784020  -4.05447
3 -7.937760 -2.393750  -4.06882
3 -7.574270 -3.834020  -4.06933
2  1.153020 -2.142800  -4.11447
3  7.008740 -3.884610  -4.02348
2 -0.755504 -1.581310  -5.36607
2 -0.101545 -1.378480  -4.13060
2 -0.173333 -0.158965  -3.41980
2  2.292800 -1.660150  -3.44664
2  3.626920 -1.757710  -4.07994
2  5.132660  0.033083  -4.83978
2  4.353320 -0.525276  -3.82465
3  8.350450 -1.701170  -3.98383
3  8.486850 -0.178334  -4.03260
2  3.478840  0.331127  -3.12821
3 -8.179620  0.240979 -16.65690
3 -7.933290  1.670060 -16.64130
1  5.023820  0.843528 -16.07040
3 -6.777950  3.941190 -16.65330
1 -1.536300  2.000020 -14.92500
1 -1.320670  2.602450 -16.27320
1 -0.186638  3.410440 -16.14790
1  3.812470  2.887030 -15.31610
1  2.621820  3.732130 -15.63580
1  4.498810  2.194730 -16.33580
3  7.645560  3.714390 -16.73290
3  8.216900  2.364140 -16.70010
3 -5.634960  4.900870 -16.69620
3 -3.297010  6.058530 -16.64120
3  5.878790  5.765220 -16.79350
3 -1.919560  6.564510 -16.68230
3  0.644539  6.892400 -16.73830
3  2.141300  6.941450 -16.72760
3  4.637020  6.443150 -16.80120
3 -8.227200  0.253854 -13.52530
3 -7.930090  1.664820 -13.55710
1 -1.858390  0.633361 -14.85630
1 -1.238240 -0.148856 -13.86310
1 -0.223915  0.346176 -12.99190
1  0.111965  1.729670 -13.02620
1  4.127270  1.000210 -13.75260
1  4.832330  0.234910 -14.79800
3  8.483330  1.832880 -15.15550
3  8.540270  0.417199 -15.10500
3 -7.754400  2.197110 -15.08410
3 -7.110790  3.493520 -15.07170
3 -6.685390  3.951200 -13.51390
1 -0.510989  2.581810 -14.01320
1  0.295491  3.440160 -14.79760
1  1.668990  3.569280 -14.55970
1  2.247420  2.650460 -13.63080
1  3.497250  2.194960 -14.11410
3  7.648120  3.719850 -13.59440
3  8.223710  2.385020 -13.54830
3 -5.627990  4.906170 -13.57840
3 -5.198780  5.233960 -15.11550
3 -3.842460  5.886340 -15.09260
3 -3.186840  6.111720 -13.58940
3  5.853840  5.632850 -13.57050
3  7.247760  4.183950 -15.18470
3  6.303410  5.358370 -15.19560
3 -1.908940  6.724190 -13.53960
3 -1.349130  6.749880 -15.13330
3  0.071045  6.824660 -15.12800
3  0.635070  6.965900 -13.55530
3  2.099130  6.990700 -13.56740
3  4.136130  6.738160 -15.16940
3  2.693850  7.051860 -15.16910
3  4.613290  6.458190 -13.54450
1  2.081600  0.462931 -12.50820
1  3.328960  0.022632 -12.99870
3  8.332680  1.853830 -11.95320
3  8.391320  0.383477 -11.93430
3 -7.714430  2.242730 -12.00700
3 -7.062380  3.548500 -11.93650
1  1.533140  1.840370 -12.73970
3 -5.122400  5.355770 -12.00910
3 -3.778400  5.878190 -11.96570
3  7.394340  4.267350 -11.99110
3  6.425390  5.387390 -11.99680
3 -1.360330  6.809000 -11.98120
3  0.067976  7.066450 -11.98130
3  4.132400  6.690420 -12.01330
3  2.715640  6.896360 -11.98140
3 -8.277190  0.204718 -10.37810
3 -7.907530  1.639500 -10.44060
2  1.539120  1.538560  -9.60922
2  2.737040  0.786974  -9.58114
3 -6.652580  3.967560 -10.38210
3  7.676630  3.801680 -10.38800
3  8.239970  2.434820 -10.37150
3 -5.664940  5.067460 -10.41610
3 -3.264290  6.102100 -10.42520
3  5.982760  5.766070 -10.40450
3 -1.860130  6.746930 -10.40180
3  0.667312  7.022310 -10.39470
3  2.113810  7.021930 -10.42560
3  4.706920  6.505920 -10.41760
3 -7.813690  1.627380  -7.32629
3 -8.238000  0.201684  -7.24468
2  0.243809  0.806669  -9.34261
2 -1.325940  1.129890  -7.55590
2 -0.557364  1.710830  -8.56960
2  3.892390  1.291460  -8.99570
2  4.668590  0.212112  -8.41253
3  8.375000  1.869620  -8.77109
3  8.468410  0.432476  -8.74480
3 -7.627050  2.116920  -8.91569
3 -6.970020  3.481900  -8.89583
3 -6.656850  3.885400  -7.27858
2  0.144812  2.921340  -8.32266
2  1.453620  2.822840  -8.94746
2  2.603840  3.266160  -8.31867
2  3.843540  2.559280  -8.40836
3 -5.160000  5.338290  -8.82887
3 -5.678120  4.972920  -7.26055
3 -3.836410  5.977630  -8.81553
3  7.375140  4.261280  -8.77593
3  6.378420  5.343430  -8.81749
3 -1.281700  6.702330  -8.79171
3  0.087372  7.081920  -8.80949
3  2.704620  6.991900  -8.82243
3  4.179090  6.743050  -8.81182
2 -1.435140  1.791700  -6.26637
2  5.189790  1.682090  -6.55672
2  5.246500  0.414603  -7.14082
3  8.503200  1.832900  -5.63840
3  8.666490  0.406465  -5.60594
3 -7.582490  2.087180  -5.70987
3 -7.094020  3.441560  -5.71460
2 -0.744489  2.947940  -5.98359
2  0.092893  3.483150  -7.00140
2  1.260380  4.077220  -6.42058
2  2.544610  3.988910  -7.07590
2  3.675750  3.636160  -6.34126
2  4.522700  2.796260  -7.16732
3  7.748470  3.775540  -7.19296
3  8.389100  2.452050  -7.15703
3 -5.198030  5.374000  -5.69407
3 -3.814880  5.912970  -5.66692
3 -3.296310  6.172860  -7.21050
3  5.910590  5.669810  -7.19915
3  7.425430  4.269510  -5.59504
3  6.391550  5.284130  -5.61431
3 -1.883400  6.635420  -7.22815
3 -1.307990  6.694440  -5.66571
3  0.121080  6.977500  -5.60951
3  0.653336  7.151670  -7.21331
3  2.121250  7.086500  -7.26505
3  4.140280  6.654640  -5.66772
3  2.699950  6.982180  -5.65505
3  4.692390  6.395350  -7.23564
3 -8.130550  0.207705  -4.10348
3 -7.814490  1.606520  -4.11351
2 -1.443330  0.798914  -5.25727
2 -0.863182  0.956720  -4.01429
2 -0.234003  2.182990  -3.73241
2  5.002950  1.431520  -5.12392
2  4.266430  2.275860  -4.38553
3 -6.749850  3.994640  -4.14161
2 -0.130411  3.204330  -4.72979
2  1.125170  3.926130  -5.00173
2  2.266860  3.508080  -4.29479
2  3.518160  3.362660  -4.98527
3  7.667490  3.686350  -4.06795
3  8.312030  2.374650  -4.03807
3 -5.639040  4.941010  -4.14217
3 -3.337480  6.231510  -4.08431
3  5.939540  5.738840  -4.03723
3 -1.949350  6.721730  -4.09016
3  0.634545  7.114020  -4.05307
3  2.116590  6.996620  -4.08696
3  4.675180  6.439200  -4.06956
2  3.429240  1.721770  -3.33836
2  2.161050  2.445580  -3.28989