282

3 -2.854840 -7.114760 32.1137
3 -1.506030 -7.614340 32.1812
3  1.114450 -8.142890 32.1969
3  2.534960 -7.988540 32.1665
3  4.974830 -6.921420 32.1849
3 -5.031430 -5.544590 32.1736
3 -5.939060 -4.419200 32.1918
3  6.048410 -5.985320 32.1599
3  7.323450 -3.660570 32.2187
3  7.698370 -2.297500 32.2114
3 -6.952050 -1.932560 32.1768
3 -7.340500 -0.553892 32.1829
1 -0.967409 -0.786265 31.2947
1  0.446175 -0.977122 31.3221
3 -3.456460 -6.895440 33.5541
3 -0.899590 -7.804960 33.5532
3  0.472016 -8.170360 33.5533
3  3.145370 -7.817080 33.4838
3  4.391450 -7.166350 33.4803
3 -4.545100 -5.917710 33.5797
3  6.411100 -5.456190 33.5086
3  7.112990 -4.238090 33.5958
3 -6.732950 -2.487170 33.5708
3 -6.168760 -3.821470 33.5371
3  7.618680 -1.671920 33.5324
3  7.422120 -0.273932 33.5553
3  0.438896 -8.284820 36.1942
3  1.072710 -8.296540 34.8614
3 -3.358590 -6.827870 36.2687
3 -2.806130 -7.144170 34.8766
3 -1.525290 -7.684420 34.8574
3 -0.936453 -8.044640 36.2228
3  2.495270 -8.017890 34.8442
3  3.097820 -7.801100 36.2422
3  4.382560 -7.314940 36.2158
3  4.915420 -6.938640 34.8614
3 -4.416770 -5.882400 36.2436
3 -4.995480 -5.494770 34.9321
3 -5.838310 -4.398270 34.9177
2 -0.122804 -4.342140 36.3266
2  2.234960 -4.224760 36.3155
3  5.964220 -5.949880 34.8567
3  6.329130 -5.452410 36.2388
3  7.067320 -4.212320 36.1900
3 -6.789740 -2.590130 36.2599
3 -6.099440 -3.788360 36.2807
2 -0.519966 -2.255590 35.0919
2 -1.694270 -1.906870 35.9498
2  0.231602 -3.392020 35.2837
2  1.746780 -3.321310 35.2938
2  2.364040 -2.078340 35.0997
3  7.298670 -3.617060 34.8684
3  7.533560 -2.251920 34.8320
3 -7.034050 -1.968780 34.9278
3 -7.386950 -0.625498 34.9538
2 -0.510741  0.017712 35.6318
2 -1.718970 -0.465076 36.1769
2  0.155892 -1.023700 34.8717
2  1.547220 -0.864134 34.8928
2  2.242950  0.241949 35.4373
2  3.544070 -1.705900 35.8024
2  3.482470 -0.276191 36.0284
3  7.594710 -1.684780 36.2348
3  7.496990 -0.237543 36.2902
3  1.116360 -8.353500 37.5392
3 -2.717550 -7.087790 37.6063
3 -1.446080 -7.722880 37.5802
3  2.534530 -8.029650 37.5470
3  4.937350 -6.989780 37.5539
3 -4.806470 -5.350070 37.5835
3 -5.767580 -4.300360 37.5847
2 -1.285000 -4.064090 37.1361
2  1.108580 -4.766170 36.9874
2  1.174560 -4.919700 38.3840
3  5.971260 -5.991830 37.5694
2 -2.441710 -2.375960 38.2287
2 -2.019350 -2.811390 36.9329
2  3.354610 -3.852140 37.0673
2  3.437170 -4.080920 38.5285
2  4.020610 -2.594470 36.7659
3  7.354370 -3.695370 37.5571
3  7.569430 -2.309940 37.5343
3 -7.092330 -2.025880 37.6242
3 -7.376680 -0.651622 37.6544
2 -2.109710  0.017974 37.4499
2 -2.532620 -0.959176 38.4366
2  4.288810 -0.673959 38.3019
2  4.422530 -2.011620 38.0580
3 -3.254370 -6.702130 38.9073
3 -2.626250 -6.965020 40.2685
3 -0.881601 -7.943300 38.9241
3 -1.380200 -7.664050 40.2983
3  0.508924 -8.327390 38.8806
3  1.151440 -8.258970 40.3166
3  2.547080 -8.156090 40.2736
3  3.108310 -7.931360 38.9225
3  4.422810 -7.405200 38.9240
3  5.013190 -7.176610 40.2606
3  6.068020 -6.185200 40.2781
3 -4.335800 -5.783190 38.9167
3 -5.785360 -4.420050 40.3036
3 -4.824950 -5.429120 40.2684
2 -1.152920 -4.234680 38.5605
2 -0.023068 -4.711920 39.2050
2  2.278540 -4.534070 39.1591
3  6.420790 -5.573920 38.9016
3  7.149650 -4.356160 38.8997
3 -6.819740 -2.627670 38.9526
3 -6.126320 -3.857700 38.9224
2 -2.030430 -3.313750 39.2493
2 -1.589970 -2.763390 40.5165
2  0.410885 -4.237610 40.5020
2  1.883200 -4.130680 40.4831
2  3.697810 -2.451270 40.3853
2  4.053300 -2.921710 39.0628
3  7.285440 -3.741360 40.2342
3  7.544810 -2.346400 40.2370
3 -7.084380 -2.021080 40.3462
3 -7.346590 -0.618601 40.3889
2 -2.045160 -0.458894 39.7024
2 -1.643460 -1.334990 40.7116
2  3.652130 -1.039240 40.5857
3  7.627790 -1.685150 38.9321
3  7.484970 -0.287680 38.9413
3  1.178160 -8.325260 42.9042
3  2.574620 -8.240250 42.9296
3 -3.121830 -6.631530 41.6257
3 -2.630030 -7.029990 42.9689
3 -0.844625 -7.985900 41.6643
3 -1.464610 -7.820560 42.9437
3  0.510583 -8.292390 41.6205
3  3.220470 -8.041230 41.5907
3  4.543130 -7.534660 41.5724
3  5.087980 -7.159620 42.9538
3  6.047030 -6.104440 42.9325
3 -4.225130 -5.759310 41.6467
3 -4.661220 -5.347180 42.9830
3  6.445830 -5.617000 41.6346
3  7.151500 -4.331190 41.6059
3 -6.841420 -2.597850 41.6994
3 -6.023990 -3.765580 41.6558
2 -0.361936 -3.255180 41.1769
2  2.595680 -3.050480 41.0764
3  7.610310 -2.343820 42.9301
3  7.335730 -3.759140 42.9649
2 -0.415497 -0.956251 41.3511
2  0.368976 -2.072050 41.6417
2  1.775790 -2.014460 41.6233
2  2.476310 -0.748365 41.4482
3  7.585450 -1.717210 41.6049
3  7.455280 -0.312180 41.6074
3 -5.578590 -4.249180 42.9763
3 -7.003510 -1.965320 42.9975
3 -7.327090 -0.576983 43.0167
1 -1.583640  0.486070 31.5307
1 -0.724776  1.576540 31.7244
1  1.303170  0.155400 31.5990
1  0.715222  1.451050 31.8047
3  7.177880  1.790580 32.2260
3  7.466900  0.379773 32.1900
3 -7.483050  2.116630 32.2721
3 -7.123540  3.503650 32.2921
3 -5.768530  5.805120 32.2739
3  5.781240  4.102530 32.2539
3  5.027240  5.345600 32.2846
3 -4.821490  6.880640 32.2254
3 -2.340790  8.102920 32.1911
3 -0.897964  8.149060 32.2019
3  1.702750  7.587980 32.2528
3  3.012150  7.027690 32.3090
3 -7.476830  0.020503 33.5500
3 -7.411280  1.460550 33.5854
3 -6.962700  4.137620 33.6204
3  6.114690  3.568260 33.5881
3  6.877320  2.344630 33.6192
3 -6.211800  5.350540 33.5825
3  4.634500  5.797310 33.5988
3 -4.255250  7.275370 33.5486
3 -2.925440  7.815410 33.5044
3 -0.299794  8.168200 33.5452
3  1.106060  7.915960 33.6032
3  3.556610  6.684830 33.6089
3 -7.505420  0.021004 36.2977
3 -7.467040  1.458850 36.3080
2  0.102490  1.180940 36.1341
2  1.538190  1.261360 36.0661
3  7.040780  1.732860 34.9564
3  7.369800  0.372902 34.9673
3 -7.332850  2.042500 35.0033
3 -7.155340  3.475830 34.9783
3  6.222340  3.597870 36.2854
3  6.763230  2.319920 36.2596
3 -6.831090  4.089330 36.2775
3 -6.242490  5.360210 36.2764
3 -5.773560  5.799270 34.8840
3  5.800250  4.143730 34.9110
3  5.048770  5.343850 34.9167
3  4.646590  5.800770 36.3115
3 -4.803830  6.839860 34.8954
3 -4.214620  7.104870 36.1845
3 -2.922370  7.670540 36.1679
3 -2.309930  7.911540 34.8414
3 -0.915973  8.127260 34.8803
3 -0.244794  8.139670 36.2816
3  1.706400  7.685690 34.9236
3  1.146580  7.892240 36.3209
3  3.007810  7.073970 34.9012
3  3.585180  6.732480 36.2927
2 -1.405190  1.124850 38.0271
2 -0.348298  1.790440 37.3796
2  2.038930  1.889170 37.2767
2  3.165180  1.326600 37.9345
2  3.831330  0.223965 37.2890
3  6.958390  1.726850 37.6073
3  7.303290  0.359135 37.6055
3 -7.286130  2.080890 37.6708
3 -7.067850  3.466140 37.6364
2  0.842368  2.231860 38.1251
3  5.840350  4.164090 37.6071
3 -5.826490  5.878790 37.5559
3  5.057160  5.318120 37.6438
3 -4.788050  6.842760 37.5136
3 -2.366440  7.923920 37.5255
3  1.790540  7.822670 37.6722
3  3.073990  7.144340 37.6415
3 -0.927871  8.091270 37.5642
3 -7.375140  1.473120 38.9993
3 -7.453390  0.045884 38.9946
2 -1.358740  0.859487 39.4324
2 -0.278251  1.273200 40.1534
2  0.207644  0.300748 41.1033
2  2.085330  1.342840 40.1177
2  3.291440  1.125230 39.3793
2  3.904780 -0.194864 39.5639
3  6.979450  1.701390 40.3239
3  7.360690  0.362408 40.3159
3 -7.322700  2.140340 40.3361
3 -6.895250  3.506660 40.3031
2  0.914019  1.822840 39.4782
3  5.808280  4.144680 40.2842
3  6.152920  3.577400 38.9334
3  6.775400  2.282770 38.9480
3 -6.789310  4.119920 38.9546
3 -6.187870  5.400180 38.9511
3 -5.778640  5.928910 40.3024
3  4.659050  5.807700 38.9848
3  5.046440  5.321750 40.3043
3 -4.796540  6.936640 40.2299
3 -4.302870  7.202450 38.8968
3 -3.019610  7.838580 38.8702
3 -2.343030  8.018430 40.2433
3 -0.930173  8.211770 40.2376
3  1.758520  7.781580 40.3078
3  1.108040  7.880240 38.9798
3  3.054510  7.126590 40.3182
3  3.562640  6.761290 38.9523
3 -0.289124  8.137120 38.8969
3 -7.449430  0.032724 41.6945
3 -7.444260  1.480780 41.6518
2  1.659870  0.371736 41.1244
3  6.677910  2.265700 41.6608
3  7.240310  0.343358 42.9919
3  6.073010  3.581600 41.6286
3 -6.647940  4.133960 41.6364
3 -6.091410  5.418700 41.6649
3  4.637940  5.868630 41.6436
3 -4.250950  7.301240 41.5702
3 -2.960940  7.917250 41.6139
3 -0.332468  8.214440 41.6209
3  1.098710  8.012850 41.6171
3  3.537420  6.791970 41.6677
3  6.893200  1.716140 42.9680
3 -7.439970  2.165830 42.9626
3 -7.051710  3.528520 42.9330
3  5.799570  4.169620 42.9712
3 -5.848860  6.051960 42.9691
3  4.988650  5.292600 43.0076
3 -4.805170  7.035740 42.9437
3 -2.334690  8.097890 42.9088
3 -0.930253  8.295790 42.9404
3  1.690560  7.784410 43.0090
3  2.989450  7.143760 43.0016