276

3 -5.079450 -6.612380 69.4164
3 -2.876700 -7.983600 69.3393
3 -1.451240 -8.169160 69.3514
3  1.066950 -7.826470 69.3099
3  2.363200 -7.183300 69.3252
3 -6.007840 -5.532250 69.4192
3  4.425920 -5.460500 69.3839
3  5.390820 -4.400600 69.3332
3 -7.073710 -3.116880 69.4212
3 -7.286040 -1.685360 69.4445
3  6.767870 -2.098860 69.3153
3  7.327250 -0.786320 69.3475
3 -4.661380 -7.068490 70.9002
3 -3.491130 -7.868600 70.8555
3 -0.904925 -8.227060 70.8379
3  0.527435 -8.018390 70.7752
3  2.908550 -6.900320 70.8036
3 -6.329810 -4.965600 70.9115
3  4.051720 -6.010000 70.8173
3 -6.836170 -3.634350 70.8556
3  5.719900 -3.883250 70.7107
3  6.458570 -2.611390 70.6996
3 -7.234970 -1.005550 70.9057
2  0.855148 -1.128100 71.4361
3  7.509970 -0.235634 70.7464
3 -1.490580 -8.162220 72.2364
3 -4.989080 -6.525850 72.3254
3 -4.678340 -7.053350 73.7745
3 -3.464870 -7.879840 73.7455
3 -2.896690 -8.066990 72.2437
3 -0.843655 -8.134910 73.7151
3  0.584270 -8.027390 73.6730
3  1.159440 -7.911440 72.2494
3  2.466460 -7.252410 72.2159
3  2.943160 -6.867490 73.7116
3 -6.194960 -4.909210 73.8092
3 -5.941240 -5.450230 72.2872
3  4.475420 -5.522300 72.1889
3  4.185700 -6.027500 73.6745
3  5.354590 -4.378340 72.2013
3 -7.055480 -3.088070 72.2703
3 -6.924160 -3.678480 73.7513
3  5.801780 -3.870940 73.6215
3  6.509100 -2.695210 73.6260
3 -7.340680 -1.662570 72.3224
3 -7.342030 -1.095210 73.8358
2 -1.536390 -0.595868 72.1277
2 -2.260100 -0.233322 73.3572
2 -0.337734 -1.381940 72.1852
2  0.007956 -1.813970 73.5448
2  1.938430 -1.295880 72.3565
2  1.447920 -1.773750 73.6026
2  3.133320 -0.546638 72.2872
2  3.878690 -0.199498 73.4745
3  6.832560 -2.167420 72.1239
3  7.301380 -0.828982 72.1907
3  7.445810 -0.251160 73.6998
3 -5.094160 -6.729810 75.2186
3 -2.843070 -8.071720 75.2328
3 -1.410270 -8.186270 75.2034
3  1.182390 -7.769380 75.1250
3  2.462840 -7.100350 75.0889
3 -5.936110 -5.515330 75.2976
3  4.619840 -5.524700 75.0887
3  5.422250 -4.290160 75.0742
3 -7.224810 -3.166550 75.2682
3  6.762530 -2.192940 75.1930
3 -7.469410 -1.703560 75.2999
2 -1.908250 -0.666561 74.6424
2 -0.753485 -1.511180 74.7353
2 -0.029707 -1.134170 75.9117
2  2.134690 -1.442000 74.7691
2  1.352360 -1.165780 75.9461
2  3.254800 -0.581481 74.6851
3  7.352020 -0.891468 75.1669
3 -4.589800 -7.108350 76.6899
3 -3.460400 -8.023240 76.6954
3 -4.969920 -6.742420 78.1461
3 -2.882030 -8.312000 78.2156
3 -1.426400 -8.444630 78.1831
3 -0.833758 -8.240250 76.6383
3  0.603834 -8.071050 76.6351
3  2.471280 -7.156530 78.0453
3  1.209130 -7.856040 78.0511
3  2.968520 -6.794360 76.5768
3 -6.230920 -5.037680 76.7195
3 -5.780740 -5.476160 78.2102
3  4.133930 -5.938210 76.6037
3  4.590860 -5.594290 78.1376
3  5.511260 -4.449980 78.1721
3 -6.842730 -3.703100 76.7494
3 -7.012490 -3.164820 78.2138
3  5.771570 -3.887100 76.6621
3  6.541750 -2.672480 76.6064
3  6.912950 -2.169890 78.0556
3 -7.415090 -1.110530 76.7410
3 -7.349270 -1.768680 78.2144
2 -0.698937 -0.018147 76.5239
2  2.063600 -0.069876 76.6914
3  7.572330 -0.318016 76.6252
3  7.388930 -0.809479 78.0921
3 -4.617930 -7.255200 79.5672
3 -3.418510 -8.079030 79.6061
3 -0.697961 -8.512360 79.5911
3  0.658130 -8.080410 79.5693
3  2.965970 -6.790850 79.5231
3 -6.047140 -5.019680 79.6353
3  4.155090 -5.936550 79.5321
3 -6.622560 -3.684280 79.6914
3  5.923720 -3.984950 79.5733
3  6.596930 -2.736910 79.5704
3 -7.225940 -1.145030 79.6476
3  7.612770 -0.228072 79.5585
3 -5.085110 -6.878230 81.0699
3 -2.776950 -8.201160 81.0356
3 -1.339570 -8.492230 81.0263
3  1.177510 -7.775080 81.0179
3  2.452120 -7.059550 80.9741
3 -5.802430 -5.658270 81.1557
3  4.595360 -5.566200 80.9706
3  5.638070 -4.540690 80.9949
3 -6.897010 -3.113980 81.0541
3  6.881260 -2.139980 81.0527
3 -7.191380 -1.717280 81.0763
3  7.520130 -0.827407 81.0198
3 -6.958890  1.000620 69.4017
3  7.558080  1.856870 69.3460
3 -6.625850  2.386230 69.4510
3  7.249760  3.260230 69.3411
3 -5.206480  4.612780 69.4277
3 -4.400260  5.792950 69.3912
3  6.217240  5.719180 69.3620
3 -2.336410  7.480970 69.4929
3 -0.996975  8.038610 69.4579
3  1.675320  8.582890 69.3744
3  3.084900  8.260400 69.3355
3  5.333100  6.846040 69.4073
3 -7.107910  0.427032 70.9187
2 -1.464330  0.575872 71.2804
2 -0.311394  0.898967 70.5180
2  0.876624  0.077274 70.6733
2  2.028070  0.941378 70.7028
2  3.134600  0.638712 71.4383
3  7.707350  1.210060 70.7743
3 -6.363850  2.917850 70.8902
3 -5.510670  4.094080 70.9038
2 -1.754640  2.992650 71.7530
2  0.166741  2.340750 70.4068
2 -0.526741  3.379050 70.9993
2  1.603390  2.288460 70.5553
2  2.343220  3.333800 71.1175
3  7.061430  3.817080 70.7916
3 -3.925980  6.172230 70.9778
2  0.139094  4.451850 71.7138
3  6.520660  5.153690 70.8182
3 -2.870410  7.151700 70.9376
3 -0.417361  8.194670 70.8615
3  1.010100  8.468480 70.8407
3  3.615920  7.963550 70.8711
3  4.838590  7.209290 70.8475
3 -7.131030  0.334631 73.8488
3 -7.017370  0.990246 72.3556
2 -2.643410  1.176570 73.1946
2 -2.122780  1.666650 71.9649
2  4.316650  1.175650 73.4055
2  4.002360  1.701890 72.1014
3  7.568430  1.829690 72.1811
3  7.712770  1.175430 73.6798
3 -6.641350  2.335430 72.3493
3 -6.434990  2.889210 73.7903
3 -5.590380  4.082270 73.7663
2 -1.809080  3.923510 72.9528
2  3.561080  3.067290 71.9454
2  3.490410  3.950660 73.1199
3  7.386360  3.261760 72.2096
3  7.124060  3.819570 73.5803
3 -5.217510  4.610700 72.3479
3 -4.378520  5.793960 72.3891
3 -3.941140  6.229560 73.8224
2 -0.630428  4.738030 72.9039
2  1.583800  4.372260 71.8341
2  2.251290  4.752540 73.0166
3  6.218070  5.660720 72.2208
3  6.556650  5.131950 73.5942
3 -2.393330  7.512600 72.3234
3 -2.905980  7.156030 73.8140
3 -1.132690  8.122000 72.3474
3 -0.465874  8.233530 73.7670
3  1.623210  8.381730 72.2426
3  0.967544  8.392000 73.7417
3  3.030180  8.165260 72.2668
3  3.572700  7.827970 73.7024
3  4.822610  7.132050 73.7320
3  5.356390  6.773790 72.2065
3 -7.032730  0.886121 75.2609
2 -2.248820  1.590810 75.6350
2 -2.670910  2.025760 74.3207
2 -1.903340  0.255794 75.7602
2  3.785670  1.540460 75.7855
2  4.278740  2.053220 74.5197
2  3.273340  0.247158 75.8478
3  7.677700  1.792200 75.1420
3 -6.580040  2.260440 75.2624
2 -2.209510  3.419440 74.1681
2 -1.552540  3.834120 75.4188
2  3.800160  3.386690 74.3415
2  3.078810  3.772360 75.6000
3  7.411340  3.190460 75.1165
3 -5.246720  4.562380 75.2206
3 -4.404490  5.759230 75.2569
2 -0.384266  4.587550 75.3684
2  0.054281  5.095090 74.0892
2  1.493720  5.062130 74.1580
2  1.903820  4.556630 75.4244
3  6.315860  5.665310 75.1513
3 -2.260700  7.459610 75.2226
3 -0.980483  8.017690 75.1527
3  1.588770  8.260990 75.1836
3  3.000450  8.017620 75.1579
3  5.370030  6.741510 75.1405
3 -7.205380  0.282029 76.7636
3 -6.883840  0.873732 78.1548
2 -0.422065  2.376560 77.0819
2 -0.007347  0.968911 77.2289
2  1.400620  0.981581 77.3206
2  1.920590  2.349560 77.2419
3  7.663630  1.189620 76.5749
3  7.504690  1.797040 78.0961
3 -6.295020  2.829600 76.6848
3 -5.521510  4.042110 76.6356
3 -6.519380  2.243610 78.1417
2 -1.648540  2.692260 76.3425
2  0.745371  3.231460 77.1070
2  0.752178  4.318500 76.1926
2  3.099270  2.573110 76.4623
3  7.231030  3.800870 76.6385
3  7.300770  3.250160 78.0383
3 -5.190370  4.547440 78.1005
3 -3.917220  6.216840 76.7234
3 -4.289570  5.732840 78.1360
3  6.749850  5.189200 76.6318
3  6.385200  5.722330 78.0539
3 -2.781070  7.077260 76.7044
3 -2.344260  7.477080 78.1347
3 -0.411360  8.160840 76.6867
3 -0.997642  8.031140 78.1298
3  1.006630  8.353370 76.5986
3  3.564640  7.715950 76.5884
3  3.019170  7.971030 78.0307
3  4.862210  7.071830 76.5484
3  5.374070  6.794770 78.0355
3 -6.997840  0.262169 79.5988
3  7.476720  1.193400 79.5804
3 -6.202180  2.760080 79.6366
3 -5.550690  4.059350 79.6112
3  7.206570  3.846280 79.5667
3 -3.893250  6.217940 79.6039
3  6.715450  5.208160 79.6071
3 -2.798210  7.112120 79.6232
3 -0.435958  8.381040 79.4919
3  1.672270  8.380270 77.9979
3  1.003690  8.472340 79.4894
3  3.592610  7.775880 79.5140
3  4.922990  7.190940 79.5213
3 -6.871960  0.895804 81.0383
3  7.490160  1.811430 80.9844
3 -6.350320  2.235400 81.0276
3  7.379410  3.283460 81.0172
3 -5.227450  4.687650 81.0371
3 -4.359090  5.817330 81.0021
3  6.296190  5.673720 81.0721
3 -2.397120  7.636850 81.0817
3 -1.047930  8.154710 81.0471
3  1.621640  8.378570 81.0275
3  2.999940  8.016790 81.0028
3  5.262960  6.654940 81.0468