416

3 -2.981420 -8.925850 102.678
3 -2.359510 -9.141760 103.945
3 -0.944848 -8.865500 103.996
3 -0.189645 -8.687480 102.789
3 -6.276190 -6.432840 102.670
3 -5.947590 -7.088200 103.827
3 -4.915090 -8.027400 103.880
3 -4.285450 -8.341220 102.645
3  1.109060 -8.083980 102.846
3  1.629280 -7.707380 104.127
3  2.702990 -6.726920 104.179
3 -7.116060 -5.362260 102.750
3 -7.431840 -4.777230 103.943
3  3.202360 -6.173620 102.986
3  3.751230 -4.898400 102.967
3 -7.837140 -3.427040 103.945
3 -8.087520 -2.740720 102.794
3  4.052470 -4.256500 104.178
3  4.467490 -2.867880 104.259
3 -8.325960 -1.396970 102.838
3 -8.249070 -0.721461 104.065
1 -3.466010 -1.365840 102.370
1 -4.451260 -1.142040 103.399
1 -2.382110 -2.111670 102.955
1 -1.077850 -1.811030 102.533
1  0.830957 -0.611602 103.115
1 -0.030287 -1.697810 103.522
3  4.412440 -2.151500 103.081
3  4.562800 -0.766358 103.126
3 -3.118950 -9.073430 105.132
3 -2.449760 -9.087200 106.380
3 -1.076480 -8.765750 106.422
3 -0.314797 -8.673290 105.246
3 -6.100010 -7.209660 106.270
3 -6.550380 -6.653780 105.048
3 -4.362270 -8.426610 105.101
3 -5.010300 -8.081600 106.273
3  0.915315 -7.956780 105.300
3  1.458890 -7.432370 106.487
3  2.537220 -6.545350 106.582
3 -7.840180 -4.980050 106.282
3 -7.361520 -5.517430 105.069
3  3.084870 -6.095870 105.361
3  3.864430 -4.931530 105.370
3 -8.234910 -3.629790 106.309
3 -8.199410 -2.858890 105.147
1 -2.680660 -2.310260 104.368
1 -1.648250 -2.256790 105.326
3  4.221740 -4.249990 106.545
3  4.891980 -2.972990 106.582
3 -8.305600 -1.485750 105.231
3 -8.427380 -0.816862 106.397
1 -3.978350 -1.720320 104.641
1 -4.227580 -1.065100 105.871
1 -0.314138 -1.897880 104.879
1  0.258349 -0.979183 105.835
3  4.888110 -2.218100 105.416
3  5.326400 -0.856667 105.406
3  5.744570 -0.231796 106.597
3 -3.235750 -9.045850 107.574
3 -6.800330 -6.887540 107.461
3 -4.561350 -8.542620 107.532
3 -0.509572 -8.331370 107.630
3  0.757079 -7.690900 107.654
3 -7.662870 -5.759860 107.471
3  2.940720 -5.922010 107.775
3  3.725420 -4.741410 107.743
3 -8.344840 -2.979290 107.534
3 -8.418190 -1.543550 107.596
1 -3.138000 -0.947023 106.808
1 -1.887750 -1.540160 106.568
1 -0.695294 -0.783999 106.894
3  5.195550 -2.266360 107.772
3  5.701800 -0.947051 107.797
3 -3.268050 -8.874050 109.989
3 -2.535300 -8.884610 108.796
3 -1.243340 -8.416990 108.810
3 -5.249670 -8.296460 108.721
3 -6.406740 -7.503910 108.685
3 -6.912990 -6.963500 109.902
3 -4.650890 -8.564570 109.949
3 -0.630953 -8.127050 110.011
3  0.607683 -7.476030 110.056
3  1.251820 -7.185460 108.864
3  2.328960 -6.341660 108.943
3 -7.978260 -5.119270 108.692
3 -7.731770 -5.790970 109.907
3  2.670890 -5.623710 110.111
3  3.548730 -4.539120 110.073
3 -8.344380 -3.749040 108.723
3 -8.497820 -2.997050 109.887
2 -2.487390 -1.797620 110.100
3  3.943750 -3.952950 108.891
3  4.638140 -2.766450 108.935
3 -8.296520 -0.825680 108.750
3 -8.443430 -1.592240 109.937
2 -3.105810 -0.509527 110.238
3  4.867400 -2.089730 110.111
3  5.316110 -0.772340 110.147
3  5.622590 -0.159502 108.972
3 -3.304020 -8.872950 112.421
3 -2.610270 -8.799930 111.228
3 -5.317410 -8.292850 111.162
3 -6.486060 -7.490380 111.143
3 -7.023950 -6.901580 112.313
3 -4.685940 -8.510960 112.411
3 -1.293270 -8.364230 111.223
3 -0.628845 -8.064120 112.399
3  0.450067 -7.220310 112.436
3  1.168690 -7.023580 111.272
3 -8.148250 -5.135220 111.068
3 -7.890390 -5.748620 112.291
2 -2.492850 -3.933140 111.278
3  2.198640 -6.118060 111.291
3  2.731580 -5.544020 112.444
3  3.663760 -4.580090 112.398
3 -8.730450 -3.002050 112.269
3 -8.496310 -3.748450 111.089
2 -4.550370 -2.782350 111.106
2 -3.224700 -2.929550 110.508
2 -1.123560 -3.682320 111.567
2 -0.378079 -2.537880 111.085
2  0.607266 -2.154820 112.073
3  3.961780 -3.946230 111.263
3  4.608280 -2.729160 111.283
3 -8.778370 -1.597220 112.325
3 -8.712250 -0.846612 111.139
2 -5.143270 -1.502500 111.187
2 -4.419740 -0.341593 110.691
2 -1.080010 -1.603860 110.340
2 -0.821181 -0.207544 110.591
2  0.861417 -0.798784 112.306
3  5.176140 -2.181850 112.461
3  5.795720 -0.911342 112.440
3  5.758820 -0.139105 111.292
3 -3.306080 -8.528800 114.811
3 -2.608140 -8.720480 113.618
3 -7.071340 -6.745220 114.712
3 -5.303550 -8.006440 113.573
3 -6.511540 -7.310970 113.542
3 -4.636010 -8.041220 114.751
3 -1.239850 -8.397820 113.606
3 -0.624909 -8.001210 114.805
3  0.512469 -7.156700 114.837
3  0.970942 -6.705320 113.608
3 -8.267760 -5.057970 113.441
3 -7.911300 -5.635120 114.671
2 -3.363710 -4.374550 112.358
2 -2.840000 -4.574680 113.645
2 -1.441770 -4.409380 113.901
2 -0.623488 -3.941460 112.883
3  2.119650 -5.882620 113.632
3  2.785680 -5.515720 114.794
3  3.858490 -4.620730 114.770
3 -8.969010 -3.021050 114.664
3 -8.690650 -3.714180 113.471
2 -5.296440 -3.246260 113.436
2 -5.915020 -1.947460 113.514
2 -4.611190 -3.642390 112.267
2  0.409131 -3.008190 113.217
3  4.233310 -4.049990 113.555
3  4.990220 -2.877650 113.611
3  5.435870 -2.340550 114.771
3 -8.783200 -0.894455 113.536
3 -8.930000 -1.605450 114.697
2 -5.807420 -1.100180 112.409
2  0.996279 -0.323631 113.672
3  6.066410 -1.063950 114.800
3  6.191110 -0.282755 113.614
3 -2.589170 -8.482070 116.014
3 -5.248910 -7.595320 115.933
3 -6.475690 -7.013140 115.915
3 -1.239930 -8.227480 116.007
3  1.220420 -6.871880 115.935
3 -8.442200 -5.007970 115.811
2 -3.554070 -4.197310 114.838
2 -1.281640 -3.944990 115.257
2 -2.593740 -3.799770 115.830
3  2.356000 -6.050310 115.975
3 -8.953620 -3.718650 115.855
2 -4.775030 -3.537530 114.753
2 -5.080090 -2.437780 115.647
2  0.553012 -2.548000 114.536
2 -0.280261 -3.031100 115.610
2 -0.535670 -1.925380 116.516
3  4.425540 -4.195700 115.970
3  5.104270 -2.988170 115.960
3 -8.934740 -0.927286 115.949
2 -5.795360 -1.454550 114.875
2 -5.529070 -0.102373 115.109
2  0.882444 -1.177040 114.788
2  0.219572 -0.781917 116.027
3  6.116980 -0.390493 116.013
3 -7.164980 -6.629010 117.078
3 -3.279810 -8.186640 117.182
3 -4.629510 -7.872310 117.155
3  0.698045 -7.271460 117.181
3 -0.546091 -7.900870 117.188
3 -8.138940 -5.597330 117.049
3  3.139160 -5.840660 117.116
3  4.100970 -4.812170 117.147
3 -9.229950 -3.064710 117.060
2 -4.122790 -2.039430 116.601
2 -2.866200 -2.744440 116.707
2 -1.830300 -1.789150 117.031
3  5.480440 -2.401930 117.167
3 -9.077700 -1.686180 117.135
2 -3.835980 -0.641030 116.825
2 -2.421050 -0.488574 117.121
3  6.036440 -1.118930 117.222
3  4.971550 -0.089771 104.287
3 -8.395870  0.675743 104.113
3 -8.347850  1.373190 102.898
1 -4.955640  1.071580 102.414
1 -5.149380  0.067891 103.440
1  1.414930  0.246542 104.057
1  1.583690  1.657490 103.851
3  5.089120  1.304670 104.309
3 -8.077600  2.746670 102.915
3 -7.878830  3.425590 104.142
1 -4.968340  2.358770 103.058
1 -4.124320  3.392500 102.672
1  1.067140  2.202560 102.670
1  0.322108  3.436870 102.696
3  4.828200  2.053450 103.178
3  5.050600  3.432370 103.180
3 -7.194930  4.654760 104.190
3 -6.809440  5.275580 102.932
1 -3.566700  4.276420 103.662
1 -2.219740  4.590740 103.256
1  0.099127  4.070660 103.924
3  5.162140  4.068790 104.385
3  5.102470  5.473590 104.411
3 -5.833810  6.314830 102.995
3 -5.346000  6.820790 104.230
3 -4.101680  7.509100 104.228
3 -3.427190  7.665190 103.055
3  4.451800  7.442690 103.204
3  5.130890  6.225850 103.245
3  3.905270  7.982490 104.415
3 -2.059460  8.069590 103.074
3 -1.448740  8.366170 104.324
3 -0.136544  8.781390 104.289
3  0.688321  8.697960 103.076
3  2.705110  8.672030 104.350
3  2.068060  8.727700 103.110
3 -8.214030  0.559813 106.482
3 -8.285700  1.339380 105.328
1 -5.303430  0.748335 104.687
1 -4.958940  0.190914 105.909
1  1.150130  0.034442 105.456
1  1.138000  1.313870 106.129
3  5.685010  1.220050 106.680
3 -8.032090  2.727780 105.367
3 -7.647640  3.336400 106.559
1 -5.178840  2.139360 104.458
1 -3.825450  4.069670 105.025
1 -4.668420  2.985720 105.416
1  1.397300  2.342150 105.120
1  0.618339  3.519010 105.152
3  5.281770  1.936310 105.531
3  5.335410  3.335790 105.546
3 -6.793320  5.271920 105.413
1 -1.188780  4.674590 104.203
1 -2.793300  4.194120 106.019
1 -1.480620  4.472100 105.607
3 -5.900660  6.365880 105.438
3 -3.586440  7.925420 105.460
3  4.234160  7.370020 105.622
3  4.804860  6.094030 105.637
3 -2.268550  8.392580 105.465
3  0.485743  9.099460 105.538
3  1.923210  8.939770 105.579
3 -7.935390  1.232890 107.669
1 -4.330070  1.062130 106.881
1 -3.207800  0.345731 107.428
1 -2.053470  1.064880 107.711
1 -0.757450  0.481502 107.494
1  0.148319  1.549430 107.113
3  5.818120  1.946510 107.833
3 -7.599240  2.580100 107.712
1 -4.218080  2.450550 106.666
1 -3.046230  3.211710 107.060
1 -1.956800  2.478670 107.559
1 -0.598993  2.794540 107.186
1 -0.363899  3.753110 106.188
3  5.687000  3.317730 107.904
3 -7.055700  4.581880 106.618
3 -6.477960  5.061070 107.859
3  4.843690  6.058930 107.995
3  5.471860  4.061180 106.739
3  5.209150  5.456550 106.781
3 -5.368510  6.793880 106.683
3 -5.743910  6.273990 107.924
3 -4.223580  7.662300 106.678
3 -3.706240  8.160660 107.916
3  3.689250  7.845650 106.835
3  4.031930  7.222720 108.011
3 -1.733710  8.811900 106.711
3 -2.508270  8.887060 107.912
3 -0.360332  9.153870 106.763
3  0.320235  9.230440 108.008
3  2.533870  8.700210 106.851
3  1.699180  8.844430 108.000
3 -8.023940  0.519774 108.843
3 -7.988210  1.186240 110.070
3  5.782680  1.201910 108.993
3 -7.207400  3.127790 108.964
3 -7.550250  2.510970 110.213
3  5.698470  1.915270 110.151
3  5.379830  3.249640 110.213
3  5.387500  4.007470 109.089
3 -6.697550  4.411900 109.059
3 -6.323700  4.951840 110.331
3 -5.498450  6.095190 110.390
3  4.542200  5.822980 110.375
3  5.046780  5.356020 109.176
3 -5.120620  6.649760 109.182
3 -4.170060  7.647490 109.136
3 -3.622510  8.137400 110.344
3  3.710340  6.944610 110.404
3  3.421220  7.631880 109.228
3 -2.494890  8.921990 110.386
3 -1.869380  9.271700 109.146
3 -0.437129  9.300670 109.198
3  0.249773  9.111640 110.419
3  2.274040  8.461820 109.202
3  1.547660  8.606460 110.421
3 -8.544800  0.570618 111.177
3 -8.412250  1.245470 112.430
2 -4.699050  0.777261 111.565
2 -3.696500  1.726830 111.865
2 -2.369920  1.581580 111.310
2 -1.407240  1.957490 112.308
2 -2.086620  0.472402 110.518
3  5.951650  1.227370 111.333
3  6.265100  1.905310 112.533
3 -7.835990  2.534100 112.623
3 -7.404880  3.154220 111.459
3  5.938980  3.288150 112.607
3 -6.680210  4.375350 111.528
3 -6.182800  4.838570 112.746
3 -5.296480  5.930300 112.812
3  4.290040  5.523880 112.764
3  5.423850  3.884400 111.447
3  4.735570  5.105960 111.534
3 -4.963780  6.564930 111.599
3 -4.102570  7.636750 111.594
3 -3.541380  8.012110 112.864
3  3.041830  7.186600 111.622
3 -1.775430  8.974280 111.645
3 -2.371470  8.765290 112.876
3 -0.413389  9.182730 111.653
3  2.076310  8.138020 111.629
3 -8.662160  0.505562 113.655
2 -5.351630  0.727175 113.950
2 -5.524280  0.287722 112.639
2 -4.337060  1.684010 114.247
2 -0.184768  1.280660 112.433
2  0.380881  0.982149 113.733
3  6.305440  1.114190 113.700
3 -7.480010  3.128490 113.851
3 -6.619090  4.247090 113.926
2 -3.529940  2.180830 113.231
2 -2.114250  2.320730 113.499
3  5.696020  3.876580 113.836
3  4.840440  4.959090 113.922
3 -4.838910  6.367980 114.012
3 -3.872710  7.385270 114.067
3  3.436670  6.593340 112.830
3  3.105750  7.118000 114.033
3 -1.688070  9.114370 114.074
3  0.344595  9.150250 112.898
3 -0.308491  9.360080 114.114
3  1.597150  8.552530 112.879
3  2.118400  8.088230 114.073
3 -8.679750  0.473466 116.080
3 -8.546040  1.201680 114.864
2 -3.807660  1.419640 115.556
2 -4.546700  0.305903 116.098
2 -1.598680  1.954330 114.744
2 -2.432570  1.529930 115.815
2 -0.311320  1.337140 114.899
2 -0.364622  0.496418 116.086
3  6.127790  1.748720 114.911
3  6.185420  0.992060 116.055
3 -7.926990  2.490310 115.041
3 -7.364570  2.957490 116.248
3 -6.407040  3.959450 116.322
3  5.920330  3.138310 114.983
3  5.651180  3.719670 116.213
3 -6.112000  4.669450 115.138
3 -5.166180  5.692570 115.195
3 -4.550540  6.026060 116.413
3  4.929260  4.903980 116.284
3  4.485140  5.503630 115.149
3 -3.724600  7.147980 116.484
3 -3.216500  7.678050 115.288
3  3.581440  6.581280 115.215
3  3.161690  7.025090 116.471
3 -2.223650  8.621860 115.306
3 -1.620680  8.916170 116.548
3 -0.262924  9.236990 116.592
3  0.415758  9.225760 115.338
3  1.599310  8.444640 115.308
3  2.107590  7.892450 116.492
3 -8.371560  1.068160 117.329
2 -1.695600  0.628782 116.665
3  6.176450  1.701110 117.270
3 -7.640470  2.226920 117.432
3  6.007500  3.090320 117.374
3 -5.830000  4.312880 117.578
3 -4.966240  5.408920 117.626
3  4.637700  5.491460 117.521
3  3.613040  6.449850 117.661
2  0.130815  0.190221 111.546