216

3 -4.289620 -6.838790 85.7789
3 -4.850240 -6.641090 87.3331
3 -2.858110 -7.154000 85.7771
3 -2.251520 -7.314370 87.3387
3 -0.225120 -7.000870 85.8232
3 -0.787770 -7.152710 87.3843
3  1.191400 -6.686380 85.8292
3  1.822380 -6.543010 87.3153
3  3.204270 -6.016500 87.2731
3  3.729680 -5.778010 85.7864
3 -6.471010 -5.392830 85.7649
3 -7.539220 -4.441520 85.7496
3 -6.092550 -5.848860 87.3180
3  5.065370 -5.219750 85.7427
3  5.474800 -4.784600 87.3314
3 -7.785210 -3.868740 87.3003
3  6.886180 -3.322350 85.7987
3  7.686840 -2.099270 85.8089
3  6.457040 -3.723280 87.3623
3 -8.431620 -1.951190 85.7371
3 -8.505560 -0.540306 85.7359
3  7.937000 -1.536140 87.3965
3  8.273470 -0.139293 87.3262
3 -4.272150 -6.858840 88.9219
3 -2.814360 -7.193440 88.9286
3 -0.216942 -7.007900 88.8982
3  1.233200 -6.630350 88.8613
3 -6.505350 -5.487930 88.9308
3 -7.539690 -4.440940 88.8757
3  3.684290 -5.757870 88.9119
3  4.997190 -5.149210 88.9127
3 -8.334850 -2.529340 87.2835
3  6.914530 -3.381220 88.9260
3  7.595450 -2.083220 88.9225
3 -8.424580 -2.031350 88.8996
3 -8.445530 -0.537328 88.8947
3 -4.768530 -6.628480 90.5247
3 -2.229910 -7.351610 90.4865
3 -0.753741 -7.116870 90.5156
3  1.770170 -6.485990 90.4386
3  3.118070 -5.998030 90.4947
3 -5.993870 -5.807610 90.5470
3  5.421720 -4.835880 90.4873
3 -8.359960 -2.613880 90.5027
3 -7.842270 -3.956430 90.4697
3  6.542000 -3.826470 90.4806
3  7.926340 -1.566060 90.4015
3  8.307720 -0.128169 90.4384
3 -4.266890 -6.886780 92.0605
3 -2.854580 -7.335770 92.0693
3 -0.204348 -7.000540 92.0468
3  1.197260 -6.686600 91.9981
3 -6.503410 -5.516430 92.1323
3 -7.470290 -4.408270 92.0959
3  3.761680 -5.849470 92.0144
3  5.039620 -5.191240 92.0229
3  7.020170 -3.377170 92.0603
3  7.715220 -2.058500 91.9975
3 -8.482800 -2.001870 92.0725
3 -8.586260 -0.558796 92.0201
3 -4.753080 -6.545980 93.6174
3 -4.235240 -6.978430 95.2011
3 -2.775290 -7.317440 95.1938
3 -2.189280 -7.288700 93.6366
3 -0.774581 -7.164080 93.6498
3 -0.170942 -6.990610 95.2283
3  1.288970 -6.578040 95.1795
3  1.827910 -6.461570 93.5925
3  3.207940 -6.098040 93.6135
3 -7.486810 -4.366910 95.2478
3 -6.421000 -5.414610 95.2185
3 -5.990960 -5.797310 93.7092
3  3.807560 -5.843850 95.1625
3  5.077860 -5.145960 95.1502
3  5.585610 -4.810690 93.6178
3 -8.347050 -2.539420 93.6465
3 -7.808880 -3.853590 93.6767
3  6.648640 -3.813390 93.5648
3  7.131950 -3.418820 95.0515
3  7.789090 -2.097790 95.1232
3 -8.511900 -1.881080 95.2306
3 -8.656500 -0.464826 95.2404
3  8.036350 -1.558470 93.6110
3  8.457360 -0.133026 93.5732
3 -4.743420 -6.630780 96.7936
3 -2.226550 -7.247870 96.8251
3 -0.745667 -7.064150 96.8289
3  1.860540 -6.527850 96.7518
3  3.230200 -6.020240 96.7156
3 -5.958230 -5.756700 96.8083
3  5.539910 -4.774760 96.7100
3 -8.421340 -2.483010 96.7623
3 -7.796330 -3.887530 96.7667
3  6.786260 -3.928660 96.6548
3  8.035830 -1.608180 96.7079
3  8.317480 -0.184615 96.7464
3 -4.269730 -6.944750 98.3754
3 -2.797520 -7.244510 98.4208
3 -0.152242 -6.967390 98.3445
3  1.273840 -6.620320 98.3432
3 -6.398490 -5.352560 98.4074
3 -7.470700 -4.370220 98.3612
3  3.808870 -5.750650 98.3070
3  5.120540 -5.096570 98.2929
3  7.182170 -3.537300 98.2574
3  7.897130 -2.230840 98.2536
3 -8.522040 -1.921390 98.3711
3 -8.601690 -0.484298 98.3607
3  8.210140  0.416186 85.7332
3  8.119800  1.914530 85.7055
3 -7.871070  1.962770 85.6828
3 -7.243890  3.296100 85.6970
3  7.183920  4.317930 85.7242
3  7.500090  3.796470 87.3123
3  7.986240  2.443630 87.2698
3 -5.216520  5.119420 85.7580
3 -4.005930  5.949430 85.7662
3  5.744190  5.729700 87.3174
3  6.212130  5.409190 85.7432
3 -2.009360  6.577020 87.3151
3 -1.446770  6.655630 85.7566
3 -0.076026  7.140030 85.7828
3  0.514647  7.079770 87.3348
3  1.968490  6.937180 87.3612
3  2.542700  7.009270 85.7684
3  3.997720  6.683610 85.7612
3  4.480310  6.465600 87.3877
3 -8.459590  0.032066 87.3321
3 -7.995890  1.414650 87.2822
3  8.207580  1.873900 88.8470
3  8.384480  0.479837 88.8732
3 -6.824950  3.839110 87.2750
3 -7.761230  2.001710 88.8522
3 -7.102000  3.317820 88.8813
3 -5.675850  4.713640 87.2780
3 -5.136810  5.024740 88.8764
3 -3.393190  6.106430 87.3461
3 -3.935080  5.814410 88.8886
3  7.231840  4.285240 88.8721
3  6.203250  5.325700 88.8779
3 -1.463450  6.791150 88.9235
3 -0.053707  7.077080 88.8929
3  2.561090  6.787440 88.8992
3  3.991700  6.593790 88.9506
3 -8.408060  0.019477 90.4481
3 -8.022280  1.423300 90.4472
3 -6.688280  3.711800 90.4626
3  7.584070  3.825320 90.4744
3  8.108170  2.464290 90.4202
3 -5.634880  4.666920 90.5015
3 -3.457830  6.142700 90.4793
3  5.835690  5.749110 90.4800
3 -2.047110  6.660670 90.4954
3  1.919270  6.850200 90.4703
3  0.536139  7.133020 90.5258
3  4.531020  6.421040 90.5050
3  8.242230  1.871450 91.9647
3  8.354740  0.455030 92.0179
3 -7.826640  1.987630 92.0126
3 -7.133860  3.282730 92.0233
3 -5.262100  5.086420 92.0989
3 -3.967280  5.858490 92.0693
3  7.271030  4.248700 92.0455
3  6.359770  5.431230 92.0472
3 -1.472300  6.741470 92.0621
3 -0.055608  7.055180 92.0942
3  2.590210  6.814570 92.0448
3  4.003620  6.470090 92.0607
3 -8.465510  0.076401 93.6046
3 -7.968020  1.454740 93.6264
3  8.306400  1.838400 95.1034
3  8.412240  0.407351 95.1384
3 -7.791420  1.986450 95.2465
3 -7.144900  3.304390 95.2409
3 -6.810280  3.790410 93.6374
3  7.600450  3.809470 93.5849
3  8.113100  2.413770 93.5192
3 -5.755980  4.748310 93.6390
3 -5.222350  5.196680 95.1925
3 -3.907220  5.808340 95.1860
3 -3.350510  6.146820 93.6186
3  5.864540  5.722050 93.6168
3  4.486620  6.221070 93.6753
3  7.249350  4.232110 95.1932
3  6.322620  5.359200 95.2060
3 -1.960640  6.609990 93.6560
3 -1.320970  6.637060 95.1860
3  0.031268  7.099830 95.1693
3  0.553262  7.131680 93.6733
3  2.008840  7.006120 93.6391
3  2.633840  6.987710 95.2130
3  4.007150  6.501670 95.1683
3 -8.582270  0.137598 96.8257
3 -8.129180  1.547550 96.8448
3 -6.736210  3.783960 96.7696
3  7.562640  3.712740 96.7138
3  8.090510  2.388760 96.6957
3 -5.736920  4.872460 96.7632
3 -3.363040  6.061510 96.7540
3  5.809480  5.584970 96.7671
3  4.548790  6.327670 96.7861
3 -1.971700  6.417970 96.7200
3  0.581130  7.045740 96.6940
3  2.027380  7.136960 96.7169
3  8.226220  1.848950 98.3059
3  8.344390  0.394027 98.2984
3 -7.787330  2.060420 98.4185
3 -7.188870  3.382380 98.3530
3 -5.197670  5.217720 98.3206
3 -3.877440  5.834710 98.3704
3  7.300530  4.231920 98.3171
3  6.304030  5.273150 98.3715
3 -1.439890  6.674480 98.3243
3  0.026412  6.911460 98.3070
3  2.658100  7.050210 98.2997
3  4.022050  6.559950 98.3574