298

3 -0.951633 -8.144920 68.2563
3  0.422050 -8.678010 68.2817
3  3.074900 -8.276820 68.3837
3 -3.331120 -6.899930 68.3515
3  4.319780 -7.539330 68.3731
3 -4.237960 -5.807290 68.3429
3  6.187480 -5.599320 68.4084
3  6.838650 -4.291040 68.3872
3 -6.678430 -2.468480 68.2680
3 -6.028090 -3.766130 68.2772
1 -2.386860 -1.857020 68.1574
1  0.346721 -2.270570 68.9839
1 -3.435890 -0.896923 67.9012
1 -3.794690 -0.247688 69.1440
1  1.537370 -1.570990 69.4409
1  2.371230 -0.946270 68.4591
3  7.636750 -1.681180 68.3939
3  7.570370 -0.272211 68.3946
3 -0.991634 -8.133040 70.9461
3  0.355908 -8.659110 70.9627
3  0.977913 -8.636140 69.6176
3  2.400300 -8.346180 69.6880
3 -2.772760 -7.151230 69.6386
3 -3.344300 -6.773360 70.9614
3 -1.564810 -7.906220 69.6351
3  2.985990 -8.078140 71.0181
3  4.780080 -7.146390 69.6718
3  4.236100 -7.484460 71.0437
3  5.773320 -6.099330 69.7301
3 -4.268690 -5.731660 70.9496
3 -4.750460 -5.332090 69.6406
3 -5.700450 -4.284400 69.6278
3  6.081290 -5.498700 71.0087
3  6.822250 -4.259030 71.0547
3 -6.593280 -2.399230 70.9274
3 -5.958260 -3.678290 70.9541
1 -2.020690 -1.762890 69.5244
1 -0.715852 -2.042830 69.9412
3  7.066220 -3.676290 69.7419
3  7.559940 -2.331880 69.7280
3 -6.756690 -1.824470 69.6156
3 -7.154790 -0.459988 69.6027
1 -2.840390 -0.759938 70.1521
1 -2.378970 -0.025060 71.2205
1 -1.033750 -0.176801 71.6227
1 -0.216210 -1.181040 70.9841
1  1.217890 -0.873470 70.6846
3  7.555890 -1.713530 71.0222
3  7.602310 -0.304752 71.0787
3  0.976360 -8.615560 72.2782
3  2.345430 -8.299600 72.3622
3 -2.838560 -7.168980 72.2677
3 -1.633310 -7.932390 72.2840
3  4.764060 -7.087690 72.3513
3  5.718720 -6.086420 72.3421
3 -4.722230 -5.284220 72.2578
3 -5.605920 -4.187610 72.2639
3 -4.453730 -5.815250 73.5807
3 -6.615910 -2.416330 73.5953
3 -5.985550 -3.667400 73.5861
3  6.973770 -3.692040 72.4121
3  7.412530 -2.309550 72.3957
3 -6.692410 -1.802020 72.2827
3 -7.063610 -0.435372 72.2815
3  0.323164 -8.607090 73.6155
3  0.914227 -8.672970 74.9639
3  2.262780 -8.307120 74.9807
3 -3.404640 -6.775620 73.5753
3 -2.873080 -7.088860 74.9236
3 -1.026350 -8.102720 73.6068
3 -1.600660 -7.772670 74.9150
3  2.848260 -7.950000 73.6620
3  4.157370 -7.338030 73.6895
3  4.643820 -6.983940 75.0451
3 -4.791970 -5.326950 74.8729
3 -5.633480 -4.218300 74.9150
3  5.646780 -5.964900 75.0010
3  6.019060 -5.521260 73.6826
3  6.711080 -4.269620 73.7197
2  0.072843 -3.706580 75.2686
2 -0.276988 -2.455880 74.7962
2  1.454600 -3.964860 75.5770
2  2.495980 -2.961020 75.3413
3  6.910170 -3.640150 75.0552
3  7.339960 -2.300860 75.0542
3 -6.670730 -1.704050 74.9395
3 -7.149510 -0.387132 74.9163
2 -1.498410 -1.770250 75.1772
2 -1.225300 -0.345901 75.1969
2  0.718685 -1.408420 74.5360
2  2.082750 -1.715390 74.7717
2  2.840950 -0.659438 75.4668
3  7.510490 -1.654830 73.7356
3  7.526730 -0.247753 73.7438
3  0.894969 -8.536880 77.6382
3  0.265378 -8.538880 76.2539
3 -3.352820 -6.726120 76.2390
3 -2.928010 -7.196080 77.5998
3 -1.062570 -8.146320 76.1967
3 -1.729240 -7.967560 77.5816
3  2.868210 -8.046790 76.3159
3  4.104240 -7.308880 76.3313
3 -4.400280 -5.818310 76.2526
3 -4.909800 -5.393420 77.5805
3 -5.783380 -4.255440 77.5820
2 -0.800330 -4.345680 76.2476
2  1.416820 -4.741770 76.8118
2  0.072875 -4.973480 77.2470
2  2.459270 -4.511600 77.7439
3  6.025200 -5.463310 76.3048
3  6.782830 -4.235430 76.3619
3 -6.455230 -2.315810 76.2589
3 -5.947610 -3.655860 76.2761
2 -2.335380 -2.382580 76.1046
2 -1.959590 -3.666390 76.7111
2  3.528690 -2.746850 76.3086
2  3.489420 -3.536890 77.5048
3  7.359730 -2.323020 77.7170
3 -7.183010 -0.353892 77.5918
3 -6.776470 -1.741720 77.5788
2 -2.850060 -1.564710 77.1646
2 -2.554330 -0.228897 77.2202
2  4.017980 -0.737214 77.6278
2  3.757280 -1.284980 76.3720
3  7.413620 -1.647720 76.4049
3  7.351860 -0.247199 76.3913
3  0.252814 -8.475380 78.9836
3  2.287510 -8.338430 77.6677
3 -3.434280 -6.766800 78.9269
3 -1.164250 -8.187770 78.9527
3  2.848350 -8.078080 78.9848
3  4.624830 -6.990700 77.6371
3  5.573580 -5.915490 77.6562
3  4.093590 -7.360640 78.9600
3 -4.520590 -5.904480 78.9199
2 -0.289048 -5.012270 78.6221
2 -1.503710 -4.314500 79.0777
2  0.754386 -4.732320 79.6368
2  2.077820 -4.473470 79.1448
3  6.062400 -5.487770 79.0166
3  6.927020 -4.317760 79.0443
3 -6.622290 -2.359200 78.9237
3 -6.126190 -3.723020 78.8797
2 -2.268010 -3.579070 78.0912
2 -2.722350 -2.288180 78.4042
2 -2.530340 -1.701590 79.6254
2  3.705960 -2.861320 78.7764
2  2.886610 -3.478710 79.7671
3  7.045410 -3.691150 77.7147
2  4.010930 -1.497600 78.7812
3  7.322290 -1.719350 79.0060
3  7.171820 -0.275958 79.0343
2 -2.284030 -0.308444 79.6813
2  3.465860 -0.699034 79.8562
3 -7.327870  1.549080 68.2756
3 -7.317780  0.148388 68.2842
1 -4.030940  1.876960 67.8748
1 -4.030680  1.128190 69.1894
1  2.843330  0.428933 68.6902
1 -3.455990  3.175640 68.1793
1  1.217070  4.051170 68.4729
1  2.276000  3.103800 68.7262
3  5.849310  3.483760 68.3482
3  6.630100  2.254060 68.3786
3 -6.751570  4.164870 68.2598
3 -6.197300  5.478240 68.2762
1 -1.122830  4.583270 69.0363
3  4.371180  5.722790 68.2996
3 -4.323790  7.484440 68.3017
3 -3.055190  8.169680 68.2730
3  0.927224  8.028930 68.2412
3  3.295330  6.629700 68.2746
3 -0.424236  8.467960 68.2716
3 -7.570410  1.601320 70.9148
3 -7.194450  0.207571 70.8934
1 -3.531500  2.024850 70.1855
1 -2.734600  1.434380 71.2589
1  0.878248  1.418470 71.4821
1  1.715200  0.415531 70.8656
1  2.578400  1.088630 69.9054
3  7.483570  0.393755 69.7049
3  6.961090  1.717830 69.7370
3 -7.389040  2.232000 69.5970
3 -6.911320  3.557530 69.6516
1 -3.126370  3.258970 69.5601
1 -1.989140  3.971330 69.9926
1 -1.166610  3.365100 71.0821
1  0.247546  3.604150 70.6361
1  1.213170  2.674970 70.9469
1  2.309390  2.485080 69.9721
3  5.769660  3.431070 70.9645
3  6.546260  2.281360 71.0164
3 -6.687480  4.139730 70.9298
3 -6.074780  5.444110 70.9184
3 -5.912930  6.078610 69.5592
1  0.250965  4.394420 69.4129
3  5.435390  3.958240 69.6949
3  4.694360  5.186700 69.6454
3  4.221410  5.686300 71.0087
3 -4.905760  7.096780 69.6197
3 -4.288750  7.453000 70.9044
3 -2.478150  8.445120 69.5621
3 -3.137430  8.257350 70.8963
3  1.570850  7.828650 69.5572
3  0.975145  8.138610 70.9110
3  2.726140  7.016410 69.5721
3  3.257130  6.749470 70.9159
3 -1.065730  8.503780 69.6114
3 -0.436946  8.474200 70.9163
3 -7.297570  0.194094 73.6087
3 -7.448530  1.606870 73.5361
1 -1.505290  2.117540 71.5964
1 -0.449113  1.131400 71.7371
3  7.360980  0.376776 72.3774
3  6.841020  1.681420 72.3616
3 -7.372630  2.220220 72.2107
3 -7.053000  3.614270 72.2340
3 -6.810510  4.214860 73.5704
3 -6.177370  5.508820 73.5641
3  5.344730  3.940650 72.2765
3  4.556910  5.131520 72.2823
3  4.223280  5.749530 73.6661
3 -5.747810  5.982190 72.2202
3 -4.800210  7.069440 72.2340
3 -4.298470  7.495000 73.5960
3 -3.045010  8.154360 73.6212
3  1.638640  8.091910 72.2369
3  0.973665  8.307890 73.5929
3  2.832420  7.266990 72.2721
3 -2.483750  8.371370 72.2399
3 -1.079260  8.506390 72.2144
2  0.213502 -0.099151 74.8118
2  0.964613  0.873442 75.4282
3  7.217460  0.363292 75.0570
3  6.729050  1.695460 75.0261
3 -7.423850  2.292730 74.8658
3 -7.094620  3.671900 74.8657
3  5.737680  3.457860 73.6552
3  5.381240  4.014790 74.9842
3  6.440540  2.216430 73.6900
3 -5.815290  6.051110 74.8664
3  4.655090  5.246430 75.0190
3 -4.874700  7.140430 74.9233
3  1.544760  8.046170 74.9294
3  3.207270  6.779750 73.6065
3  2.703450  7.181120 74.9307
3 -2.459380  8.325130 74.9799
3 -0.430186  8.544600 73.5557
3 -1.072780  8.589870 74.9309
3 -7.331370  0.268098 76.2374
3 -7.570260  1.701510 76.2381
2 -1.791790  0.433261 76.1940
2 -0.980457  1.480850 76.8520
2  0.364177  1.687040 76.4851
2  2.340960  0.657956 75.6938
2  2.670720  1.293310 76.9813
3  7.100240  0.365443 77.7258
3 -7.616920  2.301110 77.5898
3 -7.328250  3.721340 77.5503
3  5.680560  3.528750 76.3689
3  6.369880  2.317620 76.3780
3 -6.939660  4.316440 76.2115
3 -6.211860  5.543900 76.2248
3  5.316850  4.061560 77.6991
3  4.469980  5.186640 77.7095
3  4.156220  5.732360 76.3441
3 -5.938250  6.115300 77.5701
3 -4.316590  7.425830 76.2744
3 -4.834730  7.018720 77.5929
3  1.556350  8.076600 77.6513
3  0.988505  8.342640 76.2602
3  2.690940  7.231770 77.6352
3  3.212000  6.802860 76.2615
3 -3.059620  8.108230 76.3059
3 -2.486490  8.287600 77.6440
3 -0.438967  8.608830 76.2689
3 -1.077000  8.596490 77.6574
3 -7.272620  0.296022 78.9245
3 -7.588510  1.691520 78.9389
2 -2.310230  0.438369 78.4630
2 -1.265270  1.457080 78.2552
2 -0.273994  1.672440 79.2426
2  1.428420  1.871500 77.4487
2  1.104630  1.917650 78.7920
2  3.449470  0.587891 77.8768
2  3.075010  0.595582 79.2725
3  6.621800  1.708720 77.7186
3  5.680230  3.525850 79.0592
3  6.291390  2.241620 79.0517
3 -7.093560  4.361270 78.9071
3 -6.441640  5.668030 78.8747
3  4.086770  5.714370 79.0121
3 -4.301740  7.319060 78.9218
3 -3.138500  8.163210 78.9559
3  0.937789  8.300420 78.9841
3  3.206060  6.842660 79.0199
3 -0.460501  8.663700 78.9898
2  1.984430  1.359460 79.7364