292

3  1.094990 -8.232040  8.19634
3 -2.759690 -7.008000  8.18280
3 -1.541040 -7.715360  8.22325
3  4.943060 -6.879620  8.18737
1 -0.298722 -4.585480  8.05328
3 -6.502790 -2.172900  6.93455
1 -2.375140 -2.715710  7.30981
1  3.754690 -2.888590  7.41515
1 -2.772310 -1.297000  7.26094
3  2.493340 -8.056500  8.24809
3 -3.293420 -6.617020  9.53398
3 -0.930656 -7.948820  9.53555
3  0.453585 -8.183260  9.55722
3  3.104890 -7.833990  9.54335
3  4.434610 -7.264080  9.51039
3 -4.262420 -5.613500  9.52108
3 -4.669940 -5.147680  8.18914
1  1.059660 -4.813530  8.63599
1  2.156640 -4.499350  7.84676
3  6.020460 -5.899170  8.20388
3  6.367660 -5.404090  9.53898
3 -6.392790 -2.178860  9.52962
3 -5.887640 -3.460940  9.52155
3 -5.553400 -4.033430  8.20338
1 -2.154520 -3.073790  8.68771
1 -1.147310 -4.012660  8.99878
1  3.262040 -3.736840  8.44057
1  3.164660 -3.214250  9.73231
3  7.236720 -3.473900  8.20759
3  6.929170 -4.028570  9.49192
3 -6.672620 -1.569660  8.20143
3 -7.027180 -0.172976  8.25607
1 -2.849970 -0.819725  8.68534
1 -2.462820 -1.970590  9.52301
1  4.145850 -1.079460  9.07757
1  4.258290 -1.579040  7.73576
3  7.471020 -2.072140  8.16267
3  7.416620 -1.435230  9.47879
3  1.076490 -8.180250 10.90940
3  0.424647 -8.080820 12.20890
3 -2.742780 -6.980350 10.82110
3 -3.262770 -6.641250 12.15050
3 -1.553880 -7.760690 10.83160
3 -0.965320 -7.877110 12.18220
3  2.529970 -8.063590 10.89810
3  3.112400 -7.910540 12.21310
3  4.955930 -6.882310 10.89020
3  4.421810 -7.260240 12.21220
3 -4.718550 -5.151420 10.82190
3 -4.358290 -5.673800 12.14770
1  0.935385 -4.225780  9.92773
3  5.983860 -5.921620 10.91440
3  6.346540 -5.331420 12.25230
3 -6.553470 -2.256060 12.24910
3 -5.559980 -4.051510 10.84440
3 -5.876780 -3.567900 12.19270
1 -0.399923 -3.801600 10.17890
1 -0.729539 -2.737020 11.07880
1  2.016180 -3.540330 10.49140
1  1.732330 -2.401040 11.39540
3  6.970170 -4.078830 12.20550
3  7.069230 -3.432150 10.87710
3 -6.669090 -1.612650 10.89850
3 -6.989210 -0.239808 10.88600
1 -1.727120 -1.752060 10.71760
1 -1.192940 -0.457492 11.03860
1  0.398009 -1.965810 11.64470
1  0.050753 -0.554344 11.71120
1  3.582400 -1.855380 10.05810
1  2.391620 -0.023378 11.11700
1  2.771050 -1.362490 11.08480
3  7.318140 -2.056580 10.88920
3  7.280520 -1.430780 12.22050
3  1.132410 -8.277030 13.52580
3 -2.773680 -6.979450 13.48550
3 -1.575720 -7.735220 13.49350
3  2.537000 -8.119470 13.53950
3  4.920590 -6.909080 13.53350
3 -4.799270 -5.248750 13.55850
3  5.998840 -5.963960 13.57960
3 -5.634650 -4.098290 13.54370
3  7.095100 -3.505760 13.51950
3 -6.908980 -1.754280 13.58290
3 -7.278460 -0.365237 13.51910
3  7.169810 -2.046470 13.52060
3  0.462878 -8.301520 14.88630
3  1.126350 -8.310390 16.17700
3 -3.317550 -6.612070 14.80250
3 -2.704550 -6.934690 16.20370
3 -0.910473 -7.987960 14.91340
3 -1.473950 -7.634260 16.18180
3  2.516130 -8.121740 16.17720
3  3.100540 -7.779080 14.84710
3  4.412170 -7.294680 14.89760
3  4.944340 -6.907600 16.19570
3 -4.396770 -5.689030 14.87810
3 -4.928110 -5.278060 16.24050
3  5.919050 -5.880310 16.20580
3  6.366750 -5.391920 14.86370
3  6.922420 -4.086510 14.86590
3 -6.746390 -2.358900 14.92410
3 -5.779270 -4.172520 16.24820
3 -6.114430 -3.648610 14.92180
2 -0.555663 -3.030230 16.02110
2  1.851150 -3.518500 16.36380
2  2.199540 -2.247600 15.72230
3  7.158150 -3.483820 16.18540
3  7.374840 -2.107820 16.20410
3 -7.018320 -1.784080 16.24440
3 -7.344060 -0.368126 16.21430
2 -0.209249 -1.838300 15.35780
2 -1.009090 -0.639317 15.57830
2  1.178440 -1.451860 15.18240
2  3.343690 -1.701650 16.37680
2  3.413780 -0.268392 16.57580
3  7.284560 -1.459140 14.82310
3  0.487238 -8.188640 17.51370
3 -3.294980 -6.587700 17.50820
3 -0.908925 -7.909520 17.50250
3  3.186900 -8.022440 17.53550
3  4.433580 -7.326540 17.55190
3 -4.400260 -5.687600 17.54400
2  0.117884 -4.292430 17.80700
3  6.393520 -5.411470 17.52250
3 -6.875580 -2.433010 17.53090
3 -6.189380 -3.669460 17.59310
2 -1.226930 -3.942270 18.03350
2 -1.713580 -3.143150 16.90720
2  0.494127 -3.815700 16.54810
2  2.782770 -3.735720 17.44990
2  3.626170 -2.540330 17.47700
3  6.925100 -4.047490 17.53270
2 -2.418530 -1.972910 17.23940
2 -2.057950 -0.691376 16.57830
2  4.172030 -2.058230 18.69320
3  7.535490 -1.481520 17.53050
3  7.426480 -0.062815 17.48430
3  1.139220 -8.205730 18.83490
3 -2.750420 -6.934460 18.82450
3 -1.467950 -7.591330 18.84640
3  2.557640 -8.190430 18.83940
3  4.919320 -6.895970 18.86360
3 -4.817870 -5.243560 18.86650
2  1.009860 -4.640430 18.81690
2  2.393890 -4.242570 18.66720
3  5.977820 -5.927680 18.85140
3 -5.763740 -4.161250 18.86830
3  7.255140 -3.522430 18.86560
3  7.504860 -2.093840 18.83810
3 -7.074750 -1.830610 18.89810
3 -7.428300 -0.416151 18.86600
2 -2.812410 -1.621020 18.59460
2 -2.681050 -0.194562 18.79400
2  4.259390 -0.580350 18.88250
3 -7.332880  0.409250  6.94830
1 -1.812950  1.297000  7.89468
1  2.652520  1.594710  7.28995
1  0.460038  2.307480  7.67020
3 -7.087260  0.458980  9.56383
3 -7.287300  1.870390  9.58410
1 -2.328770  0.435022  8.99910
1 -0.583653  1.636710  9.87174
1  1.883190  1.738600  9.62288
1  3.668330  0.675566  7.65919
1  3.725990  0.296973  9.04753
3  7.258260  0.666662  8.22205
3  7.309410 -0.015929  9.54086
3 -7.267960  3.910890  8.25253
3 -7.463010  2.519990  8.20512
1 -0.730110  2.069200  8.48972
1  1.764080  2.187390  8.25819
3  6.829370  2.006250  8.20631
3  6.145730  3.956560  9.54133
3  6.676310  2.583920  9.56343
3 -7.034500  4.541580  9.57431
3 -6.312240  5.751350  9.54904
3  5.767060  4.406530  8.16633
3  4.953540  5.595240  8.15588
3 -5.873560  6.146770  8.25721
3 -4.861520  7.120150  8.26542
3 -4.358110  7.525000  9.58654
3 -3.039650  8.104930  9.57088
3  1.571850  7.900300  8.13339
3  2.878900  7.399830  8.13389
3  3.357020  6.979190  9.46134
3  4.431400  6.068530  9.44289
3 -2.490820  8.296840  8.22038
3 -0.383786  8.268500  9.53342
3 -1.061330  8.410070  8.18316
3  0.946538  7.899270  9.51219
1 -1.501320  0.587223 10.17630
1  0.685606  1.495520 10.37250
1  1.023420  0.445072 11.36240
1  2.862510  0.818034 10.06800
3  7.261770  0.615351 10.86300
3  7.364750 -0.020575 12.21880
3 -7.323470  2.461090 10.90450
3 -7.081210  3.864200 10.92120
3  6.873720  1.994950 10.86560
3  6.087050  3.887940 12.14010
3  6.688970  2.608140 12.18230
3  5.720810  4.409880 10.82410
3  4.902650  5.599600 10.86590
3 -5.975160  6.252260 10.93650
3 -4.822220  7.168710 10.93880
3  1.552410  7.753840 10.87700
3  2.900740  7.268810 10.86020
3  4.448430  5.997990 12.23310
3 -2.462800  8.295220 10.91550
3 -1.033700  8.386800 10.85160
3 -7.282370  0.321818 12.18510
3 -7.378460  1.752830 12.16840
3  7.278120  0.613862 13.53000
3 -7.446540  2.366760 13.58190
3 -7.169900  3.787370 13.58990
3  6.904610  1.978680 13.55180
3 -7.001970  4.455830 12.24350
3 -6.350640  5.719530 12.28080
3 -5.783040  6.070520 13.63480
3  5.731440  4.361040 13.56310
3  4.935650  5.574630 13.60700
3 -4.232690  7.355730 12.24710
3 -4.798920  7.054440 13.61040
3 -3.006930  8.061090 12.29530
3  1.584970  7.859630 13.57830
3  3.522210  7.079060 12.18120
3  2.965640  7.397240 13.58830
3 -2.471050  8.252450 13.67130
3 -0.399045  8.365420 12.18960
3 -1.034290  8.385770 13.60700
3  0.995609  8.101220 12.18240
3 -7.476770  0.261019 14.86790
3 -7.502260  1.674900 14.87230
2 -0.121432  0.478083 15.62290
2  1.280930  0.021731 15.39660
2  2.325260  0.555617 16.12940
3  7.078370  2.002630 16.19870
3  7.450580  0.597409 16.17120
3  7.279700 -0.029785 14.81570
3 -7.176230  3.742160 16.27090
3 -7.254300  2.320550 16.25980
3  6.095310  3.863000 14.94380
3  6.852050  2.616050 14.85740
3 -6.960130  4.373050 14.95860
3 -6.259620  5.606260 14.96780
3  5.785970  4.390460 16.29210
3  5.008310  5.572780 16.32650
3 -4.259630  7.488860 14.98910
3 -4.809130  7.097310 16.29960
3 -3.054320  8.148590 15.04750
3 -2.341620  8.270640 16.30600
3  3.521690  7.015310 14.95170
3  4.582350  6.061700 14.95020
3 -0.355714  8.355550 14.96940
3 -0.949255  8.325790 16.32490
3  1.054530  8.094230 14.91390
3 -7.562700  0.258815 17.57710
3 -7.362200  1.698280 17.54960
2 -2.237130  0.364679 17.56040
2 -0.315256  1.540020 16.54770
2 -1.417640  1.496920 17.53990
2  2.192790  1.648120 16.94970
2  3.932100  0.295140 17.81810
2  3.164830  1.544170 18.03470
2  0.865440  2.047340 17.28800
3  6.227270  3.870730 17.64170
3  6.905820  2.656950 17.58390
3 -7.082240  4.435100 17.58720
3 -6.267490  5.602510 17.61410
3 -5.836950  6.128070 16.28780
3  4.634000  5.998670 17.66220
3 -4.305950  7.513640 17.62840
3 -2.968810  8.017980 17.66990
3  1.093280  8.068900 17.63990
3  2.944880  7.313420 16.27570
3  3.561990  6.948310 17.65190
3 -0.326933  8.220580 17.63440
3  1.667730  7.925520 16.29910
2 -0.950586  2.022450 18.73580
3  7.106510  2.000880 18.88880
3  7.345060  0.584332 18.84590
3 -7.329900  2.342230 18.92100
3 -7.210870  3.754380 18.91430
2  0.440123  2.399530 18.61960
3 -5.879440  6.185310 18.98260
3  5.871890  4.367230 18.95400
3  5.103880  5.562570 18.95410
3 -4.858250  7.183770 19.00470
3 -2.370130  8.229400 18.99880
3  1.701870  7.971370 18.98260
3  3.006500  7.369330 18.98160
3 -0.996580  8.323290 18.96650