216

3 -4.971320 -6.751210 83.9560
3 -4.541050 -7.223050 82.5287
3 -3.334350 -8.016440 82.5185
3 -2.709010 -8.125130 84.0328
3 -1.305100 -8.418640 83.9878
3 -0.749149 -8.507260 82.5708
3  0.669619 -8.088280 82.4890
3  1.229350 -7.841350 83.9082
3  2.503790 -7.154620 83.9125
3  2.955450 -6.765910 82.4724
3 -6.105850 -5.092420 82.5619
3 -5.824750 -5.589320 83.9786
3  4.039590 -5.856880 82.4506
3  4.582900 -5.472080 83.9045
3  5.561000 -4.449010 83.9074
3 -6.721590 -3.781010 82.5256
3 -6.920470 -3.183140 83.9624
3  5.900670 -3.930700 82.4717
3  6.663860 -2.706080 82.4752
3  7.012670 -2.192420 83.9454
3 -7.095520 -1.765620 83.9521
3 -7.137740 -1.147590 82.5030
3  7.499440 -0.843325 83.9672
3  7.714100 -0.208361 82.4815
3 -4.553640 -7.200980 85.4168
3 -3.357040 -8.020900 85.4385
3 -0.647391 -8.395150 85.3910
3  0.702912 -8.041690 85.3413
3  3.121810 -6.889090 85.3356
3 -6.159000 -5.059110 85.5515
3  4.142580 -5.874530 85.3988
3 -6.694530 -3.779550 85.5128
3  5.971870 -3.965760 85.3912
3  6.694980 -2.705590 85.3996
3 -7.059220 -1.120260 85.3837
3  7.558800 -0.236487 85.4186
3 -5.010400 -6.918010 86.9311
3 -4.601800 -7.323570 88.4161
3 -3.370950 -7.978700 88.4596
3 -2.782380 -8.141010 86.8667
3 -1.324730 -8.464360 86.9055
3 -0.688703 -8.364040 88.2961
3  0.742057 -8.068820 88.2701
3  1.316680 -7.875110 86.8144
3  2.584960 -7.270730 86.7823
3  3.111170 -6.965460 88.3092
3 -6.127470 -5.091500 88.3481
3 -5.885900 -5.731510 86.9232
3  4.563820 -5.491880 86.8446
3  4.251810 -6.035840 88.3028
3  5.630190 -4.468980 86.9122
3 -6.962550 -3.175760 86.9055
3 -6.769650 -3.767540 88.3015
3  6.938410 -2.214210 86.9197
3  6.636740 -2.722180 88.3560
3  5.915300 -3.926300 88.3524
3 -7.066100 -1.748750 86.8922
3 -7.044150 -1.104320 88.3530
3  7.471210 -0.168706 88.4276
3  7.525690 -0.854152 86.8954
3 -5.082960 -6.884020 89.8722
3 -2.748560 -8.198690 89.8075
3 -1.329940 -8.422310 89.6991
3  1.239080 -7.705860 89.6959
3  2.558210 -7.122870 89.7414
3 -5.921400 -5.645210 89.8209
3  4.675060 -5.600190 89.8338
3  5.623990 -4.515770 89.7903
3 -6.965910 -3.176110 89.8300
3  6.749030 -2.131230 89.8464
3 -7.164960 -1.736930 89.7905
3  7.251450 -0.771978 89.8427
3 -4.988880 -6.769730 92.7482
3 -4.551520 -7.202120 91.3242
3 -3.283390 -7.969660 91.2918
3 -1.321990 -8.440770 92.6879
3 -2.710570 -8.134500 92.7155
3 -0.669374 -8.294580 91.2096
3  0.737989 -7.888900 91.1206
3  1.345350 -7.784850 92.6571
3  2.641770 -7.237830 92.6638
3  3.071040 -6.818310 91.2285
3 -6.154480 -5.130620 91.2936
3 -5.878640 -5.628780 92.7309
3  4.220670 -6.001410 91.2455
3  4.740590 -5.610670 92.7699
3  5.578610 -4.459540 92.7612
3 -6.721120 -3.735390 91.2587
3 -6.899310 -3.143320 92.7127
3  5.882320 -3.978990 91.2737
3  6.488880 -2.657560 91.2790
3  6.693670 -2.098040 92.7597
3 -7.004090 -1.125500 91.2134
3 -6.992300 -1.721870 92.6997
3  7.085700 -0.716746 92.7115
3  7.259370 -0.133963 91.2483
3 -4.550000 -7.160140 94.1914
3 -3.271830 -7.917470 94.1632
3 -0.618396 -8.290290 94.1658
3  0.817983 -8.043750 94.2451
3  3.143930 -6.958220 94.2253
3 -6.167120 -5.079560 94.2072
3  4.258540 -6.021840 94.2654
3 -6.708690 -3.742090 94.1945
3  5.911040 -3.926620 94.2420
3  6.532310 -2.637030 94.2566
3 -7.095340 -1.108170 94.1588
3  7.530590 -0.139926 94.2449
3 -7.058140  0.309650 82.4940
3 -6.894870  0.903823 83.9011
3  7.551390  1.850570 83.8853
3  7.620500  1.205750 82.4688
3 -6.472810  2.305220 83.9084
3 -6.265090  2.883310 82.4546
3 -5.521610  4.099960 82.5148
3  7.413920  3.278530 83.8832
3  7.278970  3.859600 82.5396
3 -5.147070  4.654020 83.9816
3 -4.313170  5.887550 83.9567
3 -3.953620  6.301060 82.4788
3  6.284680  5.686730 84.0038
3  6.616770  5.143030 82.5626
3 -2.932840  7.316070 82.4856
3 -2.410820  7.659990 83.9849
3 -0.426916  8.306370 82.4860
3 -1.022350  8.150830 83.9574
3  1.616440  8.491850 83.9670
3  0.993305  8.539940 82.5079
3  3.557080  7.833110 82.5534
3  2.999400  8.024150 83.9969
3  4.776000  7.059410 82.5965
3  5.236040  6.682490 84.0383
3 -6.940690  0.289563 85.3911
3  7.639850  1.189650 85.4453
3 -6.161840  2.852500 85.4017
3 -5.526390  4.174440 85.4157
3  7.262580  3.874380 85.3970
3 -4.000350  6.476470 85.4396
3  6.690680  5.187210 85.3617
3 -2.933470  7.376790 85.4159
3 -0.453734  8.337450 85.4149
3  1.020870  8.528040 85.4228
3  3.515060  7.739790 85.4734
3  4.708640  6.981930 85.4813
3 -6.941690  0.338596 88.3610
3 -6.726410  0.908957 86.8852
3  7.568080  1.870540 86.9100
3  7.533900  1.234140 88.3459
3 -6.318580  2.287700 86.8614
3 -6.062750  2.858520 88.3223
3 -5.487020  4.176610 88.2940
3  7.389040  3.312220 86.8495
3  7.180650  3.914660 88.2955
3 -5.222770  4.728320 86.8568
3 -3.972900  6.299750 88.3986
3 -4.407410  5.930610 86.8804
3  6.348180  5.701070 86.8076
3  6.558010  5.208600 88.2650
3 -2.394130  7.592150 86.8986
3 -2.884830  7.296230 88.3993
3  1.007430  8.462090 88.3141
3 -1.096220  8.213480 86.8570
3 -0.396598  8.305110 88.3127
3  1.567820  8.428150 86.8395
3  3.554620  7.839900 88.2567
3  2.954530  7.955840 86.8959
3  4.832200  7.104140 88.2190
3  5.348410  6.681230 86.8252
3 -6.775310  0.923303 89.7515
3  7.528700  1.874060 89.8019
3 -6.323420  2.286030 89.7439
3  7.305260  3.286970 89.7893
3 -5.199550  4.636070 89.7640
3 -4.366800  5.814240 89.8110
3  6.279310  5.712300 89.7760
3 -2.256120  7.525690 89.7987
3 -0.972706  8.183340 89.7835
3  1.610230  8.441250 89.7148
3  2.993820  8.128260 89.7322
3  5.266990  6.742610 89.7665
3 -6.862360  0.324229 91.2770
3 -6.822450  0.907029 92.6825
3  7.572310  1.253870 91.2418
3  7.582120  1.914700 92.7155
3 -6.202500  2.868470 91.2152
3 -5.563900  4.141110 91.1857
3 -6.487110  2.281810 92.7380
3  7.120370  3.831620 91.2904
3  7.415210  3.297860 92.7183
3 -5.184550  4.630280 92.6784
3 -4.021800  6.395670 91.1811
3 -4.426350  5.880720 92.6757
3  6.218390  5.729640 92.7256
3  6.587630  5.178540 91.2331
3 -2.856000  7.251980 91.1729
3 -2.280540  7.471710 92.6547
3 -1.023220  8.224810 92.6843
3 -0.411656  8.378800 91.1954
3  1.010240  8.528020 91.2197
3  1.582130  8.511760 92.7122
3  2.976790  8.209760 92.7860
3  3.586960  7.887480 91.2752
3  4.798690  7.155520 91.2283
3  5.336360  6.838770 92.7048
3 -7.021960  0.300202 94.1575
3  7.571410  1.338780 94.2545
3 -6.193110  2.831920 94.1735
3 -5.547060  4.140080 94.1358
3  7.274910  3.988520 94.2563
3 -3.922720  6.257940 94.1015
3  6.548680  5.200050 94.2298
3 -2.807090  7.103860 94.1600
3 -0.444356  8.406790 94.1513
3  0.998910  8.498980 94.1829
3  3.620200  7.996840 94.1955
3  4.904960  7.249180 94.1922