321

3 -4.957450 -6.683880  95.6596
3 -2.710100 -8.086900  95.6181
3 -1.294300 -8.320060  95.6818
3  1.346920 -7.910690  95.7580
3  2.630560 -7.246400  95.7513
3 -5.920940 -5.600500  95.6329
3  4.498390 -5.455640  95.6781
3  5.526530 -4.404260  95.6583
3 -7.013490 -3.169430  95.6149
1 -1.772950 -2.671670  96.5159
1  1.107870 -2.653270  96.8927
3  6.775340 -2.044620  95.7052
3 -7.086710 -1.730850  95.6100
1 -3.081260 -2.177360  97.0074
1 -3.028590 -0.676267  96.8663
1 -1.780820 -0.329008  96.2661
1 -1.021050 -1.549500  96.1688
1  0.386529 -1.561080  96.2280
1  1.125330 -0.297967  96.6183
3  7.287240 -0.745447  95.7149
3 -5.106540 -6.716600  98.6494
3 -4.548420 -7.124210  97.1546
3 -3.329980 -7.903910  97.1621
3 -2.739980 -8.072970  98.5731
3 -1.355080 -8.333150  98.5570
3 -0.693173 -8.334840  97.1115
3  0.712866 -8.117550  97.1514
3  1.231360 -7.907570  98.6192
3  2.557010 -7.276610  98.6535
3  3.149240 -6.966260  97.2323
3 -6.295180 -5.161860  97.0755
3 -5.974080 -5.567600  98.5965
3  4.128890 -5.950890  97.1932
3  4.419550 -5.412330  98.6387
3  5.438800 -4.437990  98.6344
3 -6.869950 -3.790120  97.0708
3 -7.161580 -3.196380  98.5609
1 -3.640720 -2.669850  98.2064
1 -2.931850 -3.752740  98.8993
1 -1.802040 -4.302470  98.3954
1 -1.152160 -3.753420  97.2665
1  0.573784 -4.281390  98.6551
1  0.269143 -3.666770  97.4615
1  2.377190 -2.621220  98.9958
3  5.771790 -3.895250  97.1145
3  6.515330 -2.661630  97.2054
3  6.732160 -2.062230  98.6465
3 -7.140770 -1.096720  97.0596
3 -7.290860 -1.766430  98.5014
1 -4.208170 -1.780890  99.1904
1 -4.128540 -0.378326  99.0183
1  2.172580 -2.086180  97.7000
1  2.197080 -0.642239  97.4960
3  7.333140 -0.708666  98.6986
3  7.480840 -0.106420  97.2206
3 -4.510090 -7.101750 100.0530
3 -3.282680 -7.843430 100.0010
3 -0.763168 -8.392570 100.0220
3  0.598629 -8.063220 100.0550
3  2.935710 -6.883810 100.0690
3 -6.284650 -5.054670 100.0320
1 -0.679232 -4.628600  99.2836
1 -0.817211 -4.370180 100.6950
3  4.068170 -5.921950 100.0620
3 -6.942460 -3.782240 100.0230
1 -3.930640 -2.382330 100.5050
1 -3.087790 -3.565120 100.3440
1 -2.027440 -3.825510 101.1820
1  1.449520 -3.525990 100.8670
1  1.536790 -3.678120  99.4549
3  5.820130 -3.898750 100.0860
3  6.648240 -2.687380 100.0770
3 -7.299020 -1.100590  99.9302
1  2.820060 -1.778710 100.1330
1  2.800970 -0.354059  99.8901
3  7.486730 -0.145301 100.1170
3 -5.052730 -6.746430 101.4530
3 -4.634410 -7.149200 102.9850
3 -3.394240 -7.900360 103.0090
3 -2.822060 -8.214120 101.4430
3 -1.410830 -8.381940 101.4470
3 -0.775371 -8.410830 102.8910
3  0.616850 -8.131580 102.9370
3  1.161070 -7.861390 101.5030
3  2.482900 -7.261780 101.5010
3  3.017970 -6.947590 102.9110
3 -6.329100 -5.078000 102.9240
3 -6.002100 -5.668490 101.4890
3  4.082580 -5.984340 102.9520
3  4.470850 -5.515980 101.4740
3  5.414790 -4.415550 101.5140
3 -6.844090 -3.708920 102.8600
3 -7.014890 -3.206180 101.4670
1 -1.788470 -3.060140 102.3690
1  0.282305 -3.890400 101.5280
1 -0.325885 -3.101110 102.6050
1  2.207530 -2.373010 101.3160
3  5.730070 -3.868090 102.9570
3  6.551740 -2.706860 102.9770
3 -7.223790 -1.756990 101.4570
3 -7.354050 -1.050940 102.9260
1 -3.565850 -1.516290 101.6180
1 -3.573080 -0.067472 101.4310
1 -2.488290 -1.847760 102.4910
1 -1.809430 -0.623434 102.8310
1  0.341232 -1.858440 102.7750
1 -0.450923 -0.697867 102.9820
1  1.604010 -1.504230 102.1920
1  1.625840 -0.060533 102.0330
3  6.770970 -2.090890 101.5350
3  7.340940 -0.749603 101.5760
3  7.412930 -0.151502 103.0740
3 -5.067230 -6.622400 104.3670
3 -2.785660 -7.945270 104.4020
3 -1.432120 -8.378990 104.3710
3  1.197630 -7.964740 104.3470
3  2.456680 -7.266550 104.3710
3 -6.049330 -5.600580 104.3620
3  4.536480 -5.620500 104.3900
3  5.411040 -4.478920 104.4070
3 -7.089590 -3.093360 104.3360
3 -7.290840 -1.720270 104.3650
3  6.802800 -2.144320 104.3810
3  7.210500 -0.762263 104.4340
3 -5.071190 -6.638280 107.2850
3 -4.668450 -7.097110 105.7740
3 -3.403710 -7.735300 105.7640
3 -2.885240 -8.007030 107.2040
3 -1.461240 -8.333990 107.2060
3 -0.788946 -8.334950 105.7870
3  0.598324 -8.076780 105.7670
3  1.223950 -7.996240 107.2620
3  2.510020 -7.353660 107.3150
3  3.045450 -7.013890 105.8900
3 -6.440090 -5.053190 105.8120
3 -6.103090 -5.585700 107.2440
3  4.127650 -6.039430 105.8250
3  4.581910 -5.632500 107.3160
3  5.408830 -4.476800 107.2710
3 -7.232090 -3.125720 107.2990
3 -6.987870 -3.743280 105.7840
3  5.774630 -3.964070 105.8370
3  6.480380 -2.691120 105.7940
3 -7.397640 -1.128100 105.8010
3 -7.505560 -1.734190 107.2930
2  0.363271 -0.131625 106.1360
2 -0.874171 -0.435318 106.8140
2  1.620300 -0.581287 106.6740
3  6.733220 -2.125710 107.2630
3  7.164720 -0.782790 107.2840
3  7.240210 -0.164906 105.9020
3 -4.710510 -7.091110 108.7090
3 -3.470880 -7.823280 108.7560
3 -0.902072 -8.193850 108.6520
3  0.554602 -7.950090 108.6640
3  2.936700 -6.952430 108.7060
3 -6.520770 -5.105200 108.7070
3  4.086540 -6.093440 108.7000
3 -7.058120 -3.765860 108.6610
3  5.710880 -3.974030 108.7220
3  6.458200 -2.693360 108.7650
3 -7.527490 -1.146240 108.6550
2 -0.768168 -1.223330 108.0650
2  0.513606 -1.605270 108.5410
2  1.696880 -1.252260 107.8830
2  3.700950 -0.123080 108.5070
3  7.305850 -0.176371 108.7410
3 -6.908140  0.871978  95.5751
1 -1.072170  0.845587  96.5926
1  0.340890  0.844681  96.8103
3  7.554190  1.942050  95.7156
3 -6.556800  2.261880  95.5589
3  7.497700  3.364450  95.6678
3 -5.180130  4.674640  95.5481
3 -4.308520  5.794440  95.5504
3  6.177930  5.748080  95.6555
3 -2.317140  7.531630  95.5726
3 -1.105370  8.243140  95.6471
3  1.559540  8.457190  95.6527
3  3.052250  8.251960  95.6068
3  5.264120  6.812450  95.6452
3 -7.062770  0.316764  97.0339
3 -7.074330  0.933165  98.4730
1 -3.515090  0.195336  97.8506
1 -2.838200  1.422380  98.2221
1 -1.659950  1.751490  97.5868
1  0.613832  1.725640  97.9540
1  1.648480  1.340270  98.7635
1  2.442390  0.151899  98.5999
3  7.364120  1.899590  98.6546
3  7.556330  1.297290  97.2534
3 -6.299400  2.895010  97.0256
3 -6.541910  2.250120  98.4731
3 -5.505150  4.168960  97.0415
1 -0.609199  2.288690  98.3846
3  7.245360  3.333560  98.5891
3  7.220780  3.957550  97.0635
3 -5.135970  4.603530  98.4834
3 -3.940480  6.237920  96.9932
3 -4.270790  5.782670  98.5134
3  6.177780  5.715690  98.5720
3  6.541290  5.241870  97.0634
3 -2.908000  7.264180  96.9809
3 -2.365080  7.608340  98.5103
3 -1.070870  8.170320  98.5214
3 -0.462823  8.308020  97.1089
3  0.950533  8.492850  97.1107
3  1.586580  8.513990  98.4603
3  3.016510  8.348940  98.4293
3  3.649840  8.137270  97.0051
3  4.861730  7.292320  97.0410
3  5.304220  6.881560  98.5622
3 -7.095010  0.320837  99.9571
1 -3.777890  0.411467 100.1310
1 -3.005360  1.592570  99.6447
1  0.351293  2.122930 100.6680
1  1.553670  1.658770 100.1900
1  2.257330  0.537620 100.9090
3  7.362360  1.285900 100.1160
3 -6.342850  2.891430  99.8855
3 -5.624660  4.133290  99.9232
1 -1.960420  2.094850 100.3770
1 -0.764088  2.505010  99.7940
3  7.008820  3.867710 100.0870
3 -3.887910  6.209420  99.9335
3  6.461210  5.189000 100.0560
3 -2.868210  7.267490  99.9183
3 -0.458333  8.311390  99.9116
3  3.569100  8.006310  99.9556
3  4.820820  7.245410  99.9750
3  1.020540  8.458420  99.9435
3 -7.241920  0.377550 102.8750
3 -7.108240  1.012530 101.2990
1 -1.643380  1.541560 101.6430
1 -2.406140  0.428158 102.0590
1 -0.252847  1.533690 101.8230
1  0.335643  0.464033 102.5370
3  7.370800  1.873250 101.5520
3  7.444190  1.295890 102.9850
3 -6.627220  2.343530 101.3080
3 -6.261090  2.844690 102.8740
3 -5.458870  4.085220 102.8840
3  6.978830  3.896320 102.9010
3  7.162820  3.294560 101.5410
3 -5.193960  4.601920 101.3900
3 -4.376010  5.787630 101.3840
3 -4.045710  6.333190 102.8370
3  6.136860  5.734670 101.5490
3  6.425540  5.223080 102.9090
3 -2.935000  7.295700 102.9140
3 -2.428290  7.690590 101.4040
3 -1.109970  8.217990 101.4390
3 -0.506131  8.440240 102.9160
3  0.956306  8.518530 102.8850
3  1.538170  8.454510 101.4660
3  2.962150  8.194820 101.4280
3  3.487990  7.965980 102.9100
3  4.709250  7.249940 102.8920
3  5.289630  6.917540 101.4670
3 -7.169650  0.997446 104.2770
3  7.424080  1.967370 104.4010
3 -6.676340  2.354260 104.2710
3  7.247710  3.383320 104.3880
3 -5.185400  4.569870 104.3240
3 -4.406970  5.783380 104.3440
3  6.127390  5.723110 104.4540
3 -2.418890  7.557420 104.4130
3 -1.143080  8.241440 104.4180
3  1.488370  8.505500 104.3030
3  2.896700  8.156390 104.2970
3  5.108260  6.763220 104.4250
3 -7.193170  0.330624 105.8060
3 -7.138130  0.955585 107.2120
2 -1.732700  1.883250 106.4720
2 -1.863730  0.583193 106.9820
2 -0.487822  2.149060 105.7880
2  0.542390  1.212360 105.6300
2  1.897820  1.578010 105.7810
2  2.638180  0.438088 106.3720
2  3.629730  0.715462 107.3360
3  7.343690  1.242130 105.8720
3  7.466300  1.896740 107.3340
3 -6.313210  2.846780 105.8310
3 -5.600350  4.079560 105.8220
3 -6.632840  2.280900 107.2060
2 -1.091720  4.004850 107.0930
2 -2.042210  2.963030 107.3320
2 -0.071168  3.491610 106.1770
2  1.217830  3.944260 106.3190
2  2.252530  2.906610 106.1140
2  3.307130  3.217980 107.0730
3  7.146050  3.986440 105.9160
3  7.299900  3.349660 107.3170
3 -5.150690  4.526200 107.3280
3 -3.948580  6.225950 105.8340
3 -4.354070  5.708020 107.3700
2  1.596880  4.826160 107.3830
3  6.050600  5.694810 107.2930
3  6.450570  5.268050 105.8640
3 -2.943610  7.224290 105.8470
3 -2.474190  7.568240 107.3330
3 -1.088070  8.127750 107.3170
3 -0.573181  8.472990 105.7960
3  1.417350  8.552410 107.3860
3  2.849000  8.227650 107.3850
3  3.419230  7.951080 105.8410
3  4.622530  7.122240 105.8410
3  5.092810  6.783800 107.2850
3  0.896542  8.622640 105.7840
3 -7.237930  0.288166 108.6720
2 -2.440950  0.366502 108.3340
2  3.988970  2.076340 107.6350
3  7.532210  1.277420 108.7510
3 -6.290260  2.816360 108.7880
3 -5.583100  4.078130 108.7490
2 -2.614300  2.756630 108.5710
2 -0.768574  4.888330 108.1640
2  0.645147  5.173630 108.3170
2  2.932530  4.363860 107.8510
3 -0.589269  8.382640 108.7750
3  0.826732  8.583450 108.7930