295

3  7.330550 -2.392580 104.267
3  0.962707 -8.361400 104.227
3  0.311728 -8.369870 105.589
3  2.407410 -8.346550 104.233
3 -2.806950 -6.942730 104.316
3 -3.339930 -6.547560 105.649
3 -1.642500 -7.756160 104.311
3 -1.078150 -8.041160 105.595
3  2.977100 -8.155790 105.586
3  4.882220 -7.160650 104.242
3  4.268050 -7.606340 105.564
3  5.809800 -6.136600 104.243
3 -4.697810 -4.999160 104.339
3 -4.295770 -5.481250 105.686
3  6.079730 -5.614030 105.554
3  6.780400 -4.333900 105.571
3 -5.582500 -3.907160 104.318
3 -5.894960 -3.289620 105.591
3  7.013860 -3.777570 104.268
3 -7.048760 -1.608530 104.315
3 -7.750550 -0.362458 104.273
3 -6.753730 -2.183950 105.614
3  7.246700 -0.272235 105.564
3  7.396370 -1.731470 105.554
3  0.994739 -8.442480 106.969
3  0.330165 -8.427290 108.277
3  2.426950 -8.258800 106.919
3 -2.746170 -6.888170 106.937
3 -1.004040 -7.957220 108.281
3 -1.596700 -7.715720 106.961
3  3.039080 -8.143030 108.295
3  4.767270 -7.158570 106.978
3 -4.689880 -4.967480 106.973
3  5.703190 -6.095100 106.916
3  6.131200 -5.611150 108.299
3  6.800030 -4.341120 108.290
3 -5.435290 -3.748360 107.007
3  6.997950 -3.718220 106.925
3  7.203510 -2.325960 106.887
3 -6.720820 -2.198720 108.285
3 -7.052640 -1.625490 106.946
3 -7.606240 -0.289740 106.954
1 -0.247319 -0.151682 107.798
3  7.248430 -1.557760 108.273
3  7.271460 -0.106476 108.222
3  0.996580 -8.520210 109.603
3  2.441820 -8.426410 109.611
3 -3.241200 -6.392390 108.235
3 -2.715830 -6.819490 109.587
3 -1.579280 -7.651550 109.603
3  4.251410 -7.490020 108.350
3  4.715300 -7.026970 109.673
3 -4.227510 -5.435120 108.296
3 -4.659680 -4.989640 109.596
3  5.791420 -6.103880 109.658
3 -5.936950 -3.363970 108.300
3 -5.575670 -3.917770 109.610
3  6.911440 -3.626290 109.604
3  7.087300 -2.224650 109.608
3 -7.070060 -1.603330 109.634
3 -7.598980 -0.303196 109.603
1 -2.638260 -0.481567 108.354
1 -3.467560 -0.744196 109.531
1 -0.710551 -1.668330 109.408
1 -1.306760 -0.959341 108.236
1  0.993179 -0.328129 108.526
1  0.714563 -1.301890 109.531
3  0.361293 -8.440500 110.941
3  0.998245 -8.449800 112.341
3  2.432880 -8.382760 112.340
3  3.033340 -8.130800 110.987
3 -3.134380 -6.368130 110.898
3 -2.620920 -6.746030 112.270
3 -0.960898 -7.993880 110.921
3 -1.482650 -7.609760 112.288
3  4.285940 -7.489760 111.014
3  4.820260 -7.111700 112.318
3 -4.111730 -5.373350 110.877
3 -4.545560 -4.920500 112.199
3  5.794450 -6.093820 112.328
3  6.152720 -5.597310 111.000
3  6.625830 -4.259060 110.939
3 -5.970120 -3.374360 110.907
3 -5.478170 -3.818250 112.200
3  6.936460 -3.629390 112.249
3  7.114550 -2.214860 112.245
3 -6.763990 -2.212780 110.908
3 -6.951720 -1.595500 112.267
3 -7.443360 -0.237838 112.301
1 -2.966220 -1.597760 110.587
1 -3.175080 -1.090220 111.997
1 -1.516580 -1.927880 110.520
1 -0.935231 -1.737310 111.816
1  1.240350 -1.110690 110.839
1  0.404026 -1.365520 111.992
1  2.103240 -0.007396 111.107
3  7.228260 -1.567140 110.918
3  7.356080 -0.138607 110.888
3  0.404877 -8.349990 113.696
3  3.032630 -8.109210 113.671
3 -3.075760 -6.353220 113.615
3 -0.922463 -7.847460 113.656
3  4.304640 -7.469450 113.690
3 -4.087950 -5.376610 113.614
3  6.108530 -5.563820 113.653
3  6.627080 -4.218300 113.590
3 -5.753690 -3.258000 113.583
3 -6.570370 -2.150210 113.596
1 -1.973970 -1.284970 112.758
1 -1.558140 -0.283433 113.684
1  0.875894 -0.515199 113.084
3  7.104130 -1.506720 113.594
3  7.221830 -0.074813 113.586
3  0.462346 -8.292280 116.321
3  1.020750 -8.497070 115.016
3  2.465450 -8.255830 115.016
3 -3.086050 -6.397960 116.285
3 -2.642020 -6.835670 114.983
3 -0.952026 -8.010070 116.317
3 -1.482380 -7.661920 114.947
3  3.099030 -8.102540 116.360
3  4.311170 -7.350510 116.331
3  4.838520 -7.081870 114.987
3 -4.034980 -5.302690 116.281
3 -4.485960 -4.882210 114.918
3  5.880200 -6.150630 115.006
3  6.152060 -5.475020 116.276
3  6.782880 -4.203170 116.249
3 -5.376760 -3.760900 114.965
3 -5.653390 -3.166240 116.342
3  6.836730 -3.568940 114.958
3  6.855720 -2.151700 114.913
3 -6.462080 -2.002280 116.296
3 -7.539630 -0.329553 114.957
3 -6.848120 -1.564500 114.972
3  7.014470 -1.515270 116.226
3  7.133570 -0.074862 116.246
3 -2.639570  7.973230 104.244
3 -1.236690  8.057250 104.241
3 -7.848440  0.266331 105.627
3 -8.071980  1.671830 105.596
3  7.183130  0.321643 104.211
3 -7.934240  2.334960 104.258
3 -7.541280  3.707370 104.323
3  5.931200  3.610190 105.450
3  6.669670  2.321660 105.438
3 -7.280870  4.259540 105.637
3 -6.653060  5.557960 105.629
3  4.286100  5.709040 105.465
3 -6.252720  6.053350 104.291
3 -5.161140  6.955990 104.281
3 -4.609300  7.395880 105.583
3 -3.276290  7.899230 105.524
3  0.890204  7.923630 105.458
3  3.250320  6.751210 105.519
3 -0.548403  8.137090 105.507
1 -1.918750  1.628950 107.418
1 -3.006140  0.827550 107.830
1 -0.580348  1.164780 107.370
3  7.026550  1.831210 106.781
3  7.170750  0.437384 106.843
3 -7.953170  2.361520 106.985
3 -7.541450  3.745130 106.967
1 -1.846460  3.075950 107.653
1 -0.449384  3.411300 107.797
1  0.285952  2.200620 107.761
3  6.009300  3.672970 108.078
3  6.768230  2.495200 108.138
3  4.820710  5.375650 106.793
3  5.719170  4.238370 106.783
3  4.442450  5.877480 108.118
3 -6.127570  6.029650 106.989
3 -5.139800  7.056190 106.939
3 -4.552900  7.389600 108.215
3 -3.236020  7.904690 108.208
3 -2.614010  7.924790 106.856
3  1.527780  7.804560 106.765
3  0.880486  7.898260 108.170
3  2.836510  7.239530 106.788
3  3.428960  6.926000 108.112
3 -1.180400  8.060980 106.847
3 -0.526017  8.004620 108.173
3 -7.711430  0.316665 108.310
3 -8.027860  1.731080 108.352
1 -4.212670  0.409839 109.762
1 -3.973860  1.432110 108.765
1  1.788430  0.761821 108.884
1  2.496590  0.861309 110.120
3  7.319270  0.510673 109.578
3  6.933210  1.910620 109.586
3 -7.957120  2.418120 109.666
3 -7.561370  3.740720 109.588
1 -2.797770  3.615960 108.519
1 -3.810390  2.768210 109.041
1  1.498250  2.070860 108.416
1  1.833860  3.006790 109.411
3 -7.208160  4.303930 108.268
3 -6.519940  5.498300 108.283
3 -6.118760  6.050330 109.649
1 -2.476410  4.625360 109.526
1 -0.107613  4.358360 108.782
1 -1.121960  4.907140 109.656
1  1.057790  4.168610 109.602
3  4.797440  5.312220 109.457
3  5.774730  4.276660 109.429
3 -5.064830  7.053580 109.596
3  1.485300  7.774160 109.471
3  2.807870  7.191390 109.454
3 -2.602710  8.021650 109.540
3 -1.177220  8.125390 109.546
3 -7.661670  0.362130 110.968
3 -7.878860  1.729990 110.997
1 -4.461300  0.778362 111.120
3  7.245000  0.541370 112.207
3  6.963370  1.927430 112.167
3 -7.849850  2.349960 112.301
3 -7.478360  3.732140 112.279
1 -4.398750  2.239310 111.375
1 -4.104770  3.195050 110.361
1  1.378890  3.945150 112.055
1  2.506170  2.288290 110.503
1  2.215070  2.722210 111.821
3  6.100360  3.766460 110.815
3  6.814890  2.529960 110.860
3 -7.331610  4.337300 110.948
3 -6.547370  5.536710 110.924
1 -3.251580  4.347030 110.680
1 -2.690750  4.456540 112.015
1 -1.332470  4.818870 112.144
1 -0.574598  5.034800 110.966
1  0.782666  4.544330 110.938
3  4.837670  5.436220 112.104
3  5.747900  4.345890 112.099
3  4.330780  5.837930 110.791
3 -6.121900  6.127170 112.254
3 -5.052440  7.075310 112.271
3 -4.537980  7.433760 110.947
3 -3.224170  7.915520 110.876
3  1.497940  7.870980 112.157
3  0.892809  8.086460 110.859
3  2.763640  7.203880 112.149
3  3.297880  6.781020 110.801
3 -2.570780  8.183710 112.225
3 -1.179000  8.190110 112.203
3 -0.535030  8.220040 110.868
3 -7.611260  0.352591 113.656
3 -7.853980  1.736830 113.662
1 -3.890830  0.041593 112.160
1 -3.544320  1.101990 113.142
1 -2.350190  0.856736 113.925
1 -0.145053  1.459900 114.204
1 -0.124577  0.053958 113.900
1  1.882180  0.394553 112.503
1  1.866210  1.748880 112.820
1 -3.884050  2.418110 112.681
1 -2.988790  3.403510 112.973
1 -1.494120  1.950280 114.293
1 -1.811900  3.236410 113.790
1  0.873599  2.299790 113.713
1  0.543720  3.619580 113.198
3  6.013600  3.779690 113.463
3  6.696190  2.546870 113.518
3 -7.231500  4.373050 113.612
3 -6.500440  5.607670 113.578
1 -0.782922  4.048950 113.221
3  4.350520  5.860070 113.532
3 -4.607400  7.480230 113.599
3  3.242510  6.778650 113.551
3 -3.238800  8.016980 113.613
3 -0.508438  8.184300 113.560
3  0.940461  8.079830 113.523
3 -7.748610  0.320185 116.328
3 -7.877130  1.743660 116.326
3  6.881220  1.924820 114.956
3  7.201700  0.558991 114.923
3 -7.823610  2.340370 114.952
3 -7.550780  3.732520 114.947
3  6.004210  3.835050 116.150
3  6.668300  2.575960 116.224
3 -7.323680  4.329730 116.266
3 -6.550040  5.559680 116.282
3  4.362840  5.926710 116.187
3  4.759880  5.481460 114.808
3  5.773380  4.443270 114.817
3 -6.181990  6.096470 114.943
3 -5.159000  7.094960 114.968
3 -4.489340  7.334020 116.287
3  1.560860  7.859840 114.831
3  3.286320  6.828750 116.194
3  2.744270  7.181570 114.878
3 -2.598950  8.041830 114.897
3 -3.143580  7.872250 116.245
3 -0.496061  8.364170 116.156
3 -1.165070  8.220760 114.855
3  0.913997  8.170980 116.135