318

3  1.087620 -8.330300 -5.053580
3  2.464130 -8.222380 -5.039940
3 -2.682300 -6.913880 -5.106410
3 -1.545000 -7.736060 -5.056440
3  4.892140 -6.987000 -5.020740
3 -4.425720 -4.835050 -5.064530
3  5.877240 -5.997590 -5.030720
3 -5.312840 -3.687810 -5.048370
3  6.907810 -3.577470 -5.092610
3  7.019020 -2.131730 -5.097680
3 -6.752260 -1.474780 -5.040370
3 -7.461960 -0.278076 -5.027450
2 -0.301919 -0.687678 -4.376090
3  0.403650 -8.323090 -3.698860
3  1.021220 -8.377780 -2.358510
3  2.449030 -8.123980 -2.365280
3 -3.096620 -6.381780 -3.763360
3 -2.684550 -6.891670 -2.388060
3 -1.003810 -8.011780 -3.701200
3 -1.551900 -7.697510 -2.357950
3  3.083760 -7.935610 -3.735500
3  4.314760 -7.291950 -3.753440
3  4.859160 -6.960760 -2.426400
3 -4.064170 -5.363260 -3.763240
3 -4.546030 -4.961850 -2.430580
3  5.866950 -5.978870 -2.429210
3  6.308480 -5.434920 -3.707410
3 -6.420010 -2.031480 -3.733900
3 -5.313760 -3.773830 -2.436230
3 -5.598350 -3.163460 -3.738490
3  6.886180 -4.130040 -3.782150
3  7.078630 -3.501840 -2.461380
3 -6.739390 -1.495020 -2.375830
3 -7.468690 -0.307546 -2.392490
2 -2.649680 -0.877035 -3.544160
2 -3.408980 -0.810247 -2.318940
2 -1.348200 -1.333080 -3.583680
2 -0.689732 -1.708360 -2.332200
2  0.897747 -0.684102 -3.603620
2  0.705092 -1.348470 -2.395720
3  7.232930 -2.105240 -2.491380
3  7.070330 -1.444660 -3.805260
3  7.187720 -0.052530 -3.802350
3  0.374977 -8.376370 -0.996035
3 -3.225010 -6.503720 -1.074320
3 -0.993296 -7.953060 -1.041720
3  3.019530 -7.858390 -1.062650
3  4.338340 -7.303630 -1.097460
3 -4.186820 -5.483430 -1.096030
3  6.248330 -5.436700 -1.156470
3 -5.805180 -3.325880 -1.073860
3  6.867260 -4.144380 -1.173190
3 -6.514520 -2.109880 -1.064470
2 -3.043890 -0.497103  0.093665
2 -2.854810 -1.276860 -1.080640
2 -1.481670 -1.753480 -1.150320
2 -0.822520 -1.277080  0.020016
2  1.357860 -0.914003 -1.257030
2  0.543366 -0.837066 -0.001933
3  7.276660 -1.454490 -1.199000
3  0.434595 -8.260210  1.664520
3  1.075790 -8.401750  0.328709
3  2.451710 -8.140220  0.276268
3 -3.151380 -6.461010  1.561760
3 -2.646970 -6.829770  0.258947
3 -0.971202 -7.915750  1.633480
3 -1.549520 -7.710200  0.295912
3  3.174400 -7.932670  1.567290
3  4.392050 -7.233600  1.547570
3  4.852480 -6.871860  0.194080
3 -4.183810 -5.486760  1.549760
3 -4.560540 -4.958490  0.245300
3  5.943210 -5.981250  0.170583
3  6.311910 -5.431980  1.495030
3 -5.449790 -3.870770  0.253081
3 -5.992340 -3.400340  1.580500
3  6.876840 -4.115020  1.471600
3  7.062960 -3.520080  0.162335
3 -6.767470 -2.206420  1.598430
3 -6.914120 -1.612040  0.255918
3 -7.448160 -0.337226  0.262841
2 -1.753680 -0.479978  0.805160
3  7.265880 -2.113140  0.125915
3  7.167190 -1.493030  1.454100
3  1.111830 -8.221820  2.956550
3 -2.750290 -7.049230  2.902890
3 -1.499330 -7.708950  2.915730
3  2.523130 -8.121770  2.920500
3  4.875270 -6.833150  2.885070
3 -4.681530 -5.058050  2.875730
3  5.987600 -5.890450  2.863300
3 -5.606620 -3.965890  2.874300
3  7.121230 -3.524930  2.767390
3 -6.927170 -1.623880  2.927970
3 -7.430610 -0.297678  2.960410
3  7.401060 -2.162190  2.818860
3  0.478397 -8.133470  4.261460
3  1.082340 -8.170110  5.581440
3  2.503250 -7.973310  5.559660
3 -3.295510 -6.624130  4.241960
3 -2.789550 -7.067100  5.566400
3 -0.899872 -7.943210  4.230710
3 -1.544500 -7.740340  5.541820
3  3.119650 -7.802740  4.257750
3  4.418410 -7.148390  4.196800
3  4.998110 -6.905920  5.555430
3 -4.263590 -5.558840  4.260670
3 -4.725900 -5.111500  5.562570
3  6.031710 -5.871570  5.566880
3  6.407880 -5.393820  4.220710
3 -6.613140 -2.219440  4.266670
3 -5.552980 -3.969330  5.574010
3 -5.947040 -3.441790  4.242530
1 -0.967374 -2.401680  5.354050
1  0.412341 -2.854260  5.041700
3  6.978170 -4.066390  4.191100
3  7.262320 -3.505740  5.548930
3 -6.765090 -1.574570  5.607510
3 -7.245510 -0.206929  5.614140
1 -1.311000 -1.054670  5.339580
1 -0.289840 -0.089335  4.959710
1  1.024120 -0.472473  4.654150
1  1.404120 -1.922560  4.768650
1  2.678770 -2.005620  5.371610
1  3.197750 -0.697184  5.625010
3  7.300950 -2.108010  5.535310
3  7.152470 -1.469930  4.199350
3 -3.285990 -6.620130  6.867040
3 -0.952475 -7.860240  6.860960
3  0.455756 -8.129720  6.878100
3  3.152690 -7.877050  6.880980
3  4.387830 -7.162540  6.861420
3 -4.309090 -5.644310  6.890490
1 -0.484726 -4.229070  6.681580
1  1.993330 -4.113030  6.488590
3  6.527380 -5.414160  6.889810
3 -5.917310 -3.479640  6.900290
1 -1.507460 -3.268280  6.367660
1  0.719312 -4.003160  5.918330
1  2.985740 -3.113280  6.177340
3  7.135170 -4.132120  6.898870
1 -2.165350 -0.508700  6.303280
1  3.969920 -0.504552  6.812330
3  7.329290 -1.452610  6.857530
2 -3.098940  0.272752 -4.355460
2 -0.670839  0.504543 -5.137190
2 -2.053110  0.924629 -5.146220
2  0.205731  1.629020 -5.165690
2  1.370410  1.635890 -4.371970
3  6.866860  1.976280 -5.146520
3  7.090480  0.625616 -5.123870
3 -7.804650  2.378200 -5.063380
3 -7.488950  3.777580 -5.029480
2 -2.912410  3.139600 -4.415740
2 -1.970790  2.385540 -5.181420
2 -0.595530  2.827880 -5.129310
2 -0.163054  3.999390 -4.479560
3  5.722580  4.388540 -5.236570
3  4.744970  5.406650 -5.207080
3 -6.075230  5.991230 -5.127030
3 -5.030170  6.983430 -5.114810
3  1.518350  8.012350 -5.191010
3  2.759220  7.347270 -5.228910
3 -2.533880  8.005900 -5.190310
3 -1.125960  8.356010 -5.210160
3 -7.625390  0.323367 -3.721870
3 -7.722350  1.740480 -3.739370
2 -4.022710  1.036220 -3.568510
2 -4.135720  0.378421 -2.303290
2  1.726770  0.523747 -3.573700
2  2.552400  0.920802 -2.399370
3  7.056240  0.554971 -2.500210
3  6.853730  1.962650 -2.517480
3 -7.723700  2.426220 -2.429690
3 -7.542820  3.831870 -2.392240
2 -4.024640  2.470870 -3.647790
2 -4.095800  3.164620 -2.427840
2  1.821380  2.820440 -3.651830
2  2.533180  2.402930 -2.480130
3  6.097560  3.896210 -3.855390
3  6.668720  2.577440 -3.782920
3 -7.243080  4.402000 -3.733000
3 -6.472200  5.553240 -3.735780
2 -2.453680  4.322110 -3.603560
2 -3.166380  4.324290 -2.387560
2 -1.124200  4.767220 -3.721850
2 -0.509191  5.170600 -2.447350
2  1.015370  3.935550 -3.710100
2  0.830123  4.688140 -2.453730
3  5.682180  4.453000 -2.536780
3  4.816670  5.569530 -2.553400
3  4.423630  6.011330 -3.916290
3 -6.057670  6.185340 -2.444520
3 -4.991330  7.052120 -2.442270
3 -4.450630  7.416460 -3.781900
3  1.529590  7.946630 -2.529430
3  2.774400  7.270560 -2.549730
3  3.302370  6.893800 -3.908370
3 -3.136170  7.955130 -3.832020
3 -2.506580  8.212170 -2.523690
3 -1.102660  8.444820 -2.573370
3 -0.503277  8.382630 -3.840320
3  0.889335  8.116010 -3.869680
3 -7.584580  0.335006 -1.053710
3 -7.716960  1.794520 -1.070210
2 -4.288840  1.116770 -1.160970
2 -3.768310  0.680021  0.057105
2  2.017900  0.973586 -0.045215
2  2.264650  0.224834 -1.215320
3  7.144330 -0.065667 -1.219890
2 -4.262600  2.535250 -1.164340
2  2.332710  3.170760 -1.270620
2  2.018600  2.386960 -0.091041
3  6.052000  3.913570 -1.180360
3  6.517570  2.560790 -1.150080
3 -7.068740  4.360460 -1.092680
3 -6.395680  5.622890 -1.155650
2 -2.611890  4.817160 -1.184250
2 -1.240850  5.293900 -1.273370
2  1.475650  4.325230 -1.277080
3  4.441070  6.072070 -1.224370
3 -4.410050  7.585040 -1.126050
3  0.903599  8.142260 -1.233780
3  3.373260  6.970930 -1.201970
3 -3.119000  8.115750 -1.212160
3 -0.470692  8.390450 -1.251530
3 -7.442320  0.309123  1.604490
3 -7.509070  1.752360  1.600820
2 -3.358180  1.849840  0.834844
2 -2.115580  1.834490  1.526690
2 -1.314690  0.692498  1.429680
2  0.063767  1.084110  1.460870
2  0.958152  0.307242  0.727455
3  6.884750  0.533914  0.189686
3  6.971410 -0.091136  1.481740
3 -7.544920  2.395350  0.269132
3 -7.332650  3.782470  0.270342
2 -3.715240  3.011030  0.125953
2 -2.857560  4.156710  0.085683
2 -1.240060  3.013050  1.508580
2 -1.557680  4.138540  0.739667
2  0.080505  2.552260  1.538800
2  1.117870  3.160640  0.743762
3  6.725070  1.965680  0.159084
3  6.059230  3.970640  1.466010
3  6.537330  2.608010  1.493180
3 -6.999180  4.445360  1.594510
3 -6.304240  5.628490  1.534910
2 -0.592342  4.868450  0.002170
2  0.781569  4.418310  0.059930
3  5.783640  4.546330  0.137040
3  4.883340  5.642460  0.130935
3  4.425790  6.098590  1.441840
3 -5.977770  6.147700  0.194182
3 -4.843530  7.027110  0.174532
3 -4.322590  7.370680  1.481040
3  1.572320  7.973750  0.126049
3  2.851350  7.441520  0.104164
3  3.396530  7.095980  1.435700
3 -3.059710  7.967720  1.491670
3 -2.515440  8.288410  0.126675
3 -1.091500  8.436990  0.114607
3 -0.414187  8.307840  1.468350
3  0.985095  8.110990  1.475390
3  6.828270  0.569218  2.817800
3 -7.407480  2.399140  2.912720
3 -7.134740  3.806880  2.888560
3  6.659790  1.982450  2.806020
3  5.741950  4.501290  2.818150
3  4.872290  5.611910  2.802630
3 -5.903010  6.145320  2.829340
3 -4.841670  7.047650  2.810200
3  1.586940  8.021900  2.827130
3  2.892210  7.442630  2.820150
3 -2.472800  8.194140  2.807820
3 -1.077800  8.371190  2.790550
3 -7.489030  1.779390  4.245120
3 -7.448420  0.376512  4.295020
1 -0.589574  1.145800  5.713150
1  2.188840  0.275865  5.232170
3  7.092300  0.596865  5.502520
3  7.052930 -0.046030  4.183980
3 -7.486050  2.449230  5.603370
3 -7.299680  3.861690  5.580840
3  6.722560  1.976770  5.456640
3  6.012720  3.888570  4.150710
3  6.481220  2.504960  4.135380
3 -7.019260  4.433170  4.235320
3 -6.283560  5.687630  4.207210
3  5.716020  4.471440  5.482650
3  4.910250  5.616600  5.467770
3 -5.908960  6.172380  5.546490
3 -4.825680  7.081840  5.512830
3 -4.333150  7.480020  4.154030
3 -3.055220  8.037360  4.177750
3  2.892670  7.364830  5.463000
3  3.419990  7.050940  4.117970
3  4.466980  6.118780  4.129210
3 -2.460090  8.242170  5.481250
3 -1.049440  8.437110  5.471960
3 -0.470128  8.298560  4.141590
3  1.569890  7.961630  5.471740
3  0.963756  8.220750  4.156330
3 -7.480300  1.833630  6.910260
1 -1.700020  0.815238  6.572460
1  0.523058  1.806180  6.313720
1  1.903600  1.328040  6.100390
3  7.277080  0.003571  6.892700
3  6.006990  3.890080  6.829640
3  6.573080  2.571210  6.808990
3 -7.125860  4.504680  6.867600
3 -6.270470  5.702940  6.870510
3 -4.361760  7.512290  6.849720
3 -3.096750  8.082330  6.842210
3  3.478910  7.095760  6.839870
3  4.462720  6.086190  6.849890
3 -0.416107  8.408000  6.806340
3  0.956280  8.113420  6.793980