306

3 -5.291500 -6.616960  2.47031
3 -2.938620 -7.796990  2.49159
3 -1.578450 -8.169240  2.44829
3  0.999291 -7.737980  2.43749
3  2.336390 -7.271750  2.52246
3 -6.350310 -5.621150  2.51226
3  4.441840 -5.560420  2.48747
3  5.228030 -4.408720  2.47985
3 -7.429260 -3.165030  2.56454
3  6.643090 -2.152520  2.54293
3 -7.692090 -1.789020  2.55212
1 -1.150150 -1.388910  2.77285
1 -1.810160 -0.187334  2.50017
1  0.163140 -1.598760  2.30724
1  2.461950 -1.574590  2.84052
1  2.165620 -0.578076  1.84737
3  7.220640 -0.852542  2.48095
3 -4.800150 -7.019820  4.04806
3 -3.478460 -7.648250  3.98807
3 -0.933383 -8.296110  3.99600
3  0.443297 -7.990840  3.97720
3  2.872870 -6.884290  3.98585
3 -6.651810 -5.109690  3.96074
3  3.976090 -5.944640  3.98588
3 -7.315020 -3.796940  3.96005
1  0.837950 -2.549420  4.43072
1 -0.512924 -2.300180  4.91386
1  1.173620 -2.225820  3.10451
3  5.620940 -3.886440  3.96271
3  6.365420 -2.670370  3.97586
3 -7.733830 -1.232740  3.99087
1 -1.496060 -1.805020  4.11333
1 -2.321480 -0.765622  4.69884
1  3.402850 -1.405630  3.84916
1  4.188710 -0.174075  3.84697
3  7.266150 -0.257140  3.98825
3 -5.326670 -6.633800  5.41473
3 -4.802770 -7.049520  6.85660
3 -3.552860 -7.724650  6.92446
3 -2.915770 -7.914960  5.45424
3 -1.537440 -8.314210  5.43665
3 -0.917939 -8.340800  6.86894
3  0.510313 -8.041190  6.87805
3  1.152650 -7.920220  5.41585
3  2.358720 -7.187080  5.41190
3  2.862780 -6.901590  6.92042
3 -6.619590 -5.102900  6.90827
3 -6.334520 -5.649020  5.45134
3  4.418740 -5.536180  5.42494
3  3.951860 -5.942740  6.90663
3  5.276210 -4.357790  5.42846
3 -7.435850 -3.194060  5.43534
3 -7.221890 -3.816320  6.89146
1 -0.365981 -2.036630  6.36510
1  1.063050 -2.004940  6.68152
1  1.805090 -2.345290  5.47098
3  5.581490 -3.786050  6.84479
3  6.444350 -2.623190  6.89251
3 -7.675210 -1.800730  5.42206
3 -7.708110 -1.235230  6.96137
1 -1.273680 -1.047550  6.95352
1 -2.223650 -0.456682  6.06441
1  3.034370 -1.794150  5.21629
1  3.519960 -0.768674  6.10611
3  6.694240 -2.137940  5.44328
3  7.208660 -0.830338  5.44629
3  7.327050 -0.230755  6.93547
3 -5.333160 -6.702850  8.32422
3 -2.996660 -8.040590  8.36663
3 -1.590570 -8.247790  8.40711
3  1.080150 -7.932100  8.31619
3  2.356330 -7.304000  8.38911
3 -6.327910 -5.686680  8.31468
3  4.391570 -5.444920  8.33905
3  5.343060 -4.365590  8.31334
3 -7.495760 -3.282730  8.36047
3  6.683530 -2.125570  8.31059
3 -7.740760 -1.878160  8.40922
1  0.677539 -0.054875  8.10298
1 -0.682338 -0.027162  7.78137
1  2.816440 -0.439047  7.30372
1  1.546690 -1.027210  7.57961
3  7.174120 -0.759741  8.34363
3 -5.408460 -6.740410 11.32930
3 -4.875010 -7.125240  9.81271
3 -3.598750 -7.820180  9.80700
3 -0.985361 -8.254650  9.79576
3  0.453261 -8.057820  9.83349
3  2.847840 -6.845610  9.79432
3 -6.661720 -5.143440  9.84942
3 -6.283540 -5.620450 11.29400
3  3.941910 -5.890110  9.75461
3  4.328560 -5.489800 11.20610
3  5.246690 -4.382080 11.19700
3 -7.286930 -3.871570  9.80064
3 -7.497300 -3.316930 11.30940
3  5.622680 -3.902150  9.74160
3  6.387920 -2.698840  9.71399
3  6.652050 -2.111280 11.12690
3 -7.811930 -1.253510  9.88734
3 -7.766490 -1.914650 11.33700
3  7.308280 -0.216938  9.70746
3  7.127270 -0.781534 11.16840
3 -4.868050 -7.122950 12.76340
3 -3.012040 -7.977050 11.23710
3 -3.610600 -7.889600 12.76210
3 -1.589630 -8.197530 11.24380
3 -0.988312 -8.194060 12.70440
3  0.463598 -7.999570 12.69650
3  1.032200 -7.825960 11.28540
3  2.343070 -7.220150 11.27000
3  2.798190 -6.815650 12.64220
3 -6.632980 -5.174340 12.69110
3  3.861250 -5.841060 12.66650
3 -7.380500 -3.923600 12.67670
3  5.529250 -3.863310 12.66350
3  6.443310 -2.774520 12.61580
3 -7.787690 -1.299720 12.71350
2 -0.798794 -1.130760 12.25420
2  0.651593 -1.502320 12.17370
2  1.322240 -2.094330 13.24380
2  1.339640 -0.482806 11.39890
2  3.370250 -0.659910 12.70390
3  7.387140 -0.229776 12.63130
3 -5.363860 -6.749570 14.23550
3 -3.016370 -7.932750 14.16360
3 -1.562310 -8.063490 14.15340
3  1.057730 -7.937440 14.11720
3  2.291790 -7.217920 14.12170
3 -6.306480 -5.694770 14.23110
3  4.236930 -5.460980 14.14460
3  5.208600 -4.350990 14.13270
3 -7.592860 -3.373710 14.15890
3  6.691020 -2.154310 14.14260
3 -7.885360 -1.965290 14.21860
2 -2.265500 -0.216927 14.04170
2 -1.401730 -1.266140 13.52560
2  0.590967 -2.208440 14.50680
2 -0.779366 -1.933530 14.63850
2  2.757950 -1.565640 13.56930
2  2.847720 -1.489850 15.00070
3  7.193490 -0.798593 14.09480
3 -7.329120  0.783987  2.50503
1 -1.186210  0.837262  1.73263
1  2.872310  0.635990  1.97984
3  7.433430  1.805570  2.52792
3 -6.792310  2.131550  2.55018
1 -1.324740  2.241260  2.02043
1  0.475400  3.713090  2.71110
1  2.795180  2.859140  2.46819
3  7.356800  3.259030  2.54946
3 -5.408300  4.417660  2.61917
3 -4.438470  5.457850  2.66559
3  6.467390  5.806870  2.53870
3 -2.261410  7.047360  2.66682
3 -0.968427  7.660960  2.59550
3  1.678860  8.056830  2.57244
3  3.071470  7.827570  2.56190
3  5.540470  6.888270  2.54962
3 -7.482940  0.170694  3.98344
1 -2.534200  0.251970  3.67838
1 -2.695630  1.577960  4.03820
1  3.922100  0.841481  2.93066
3  7.358610  1.180860  3.93490
3 -6.539120  2.678110  4.01979
3 -5.769560  3.909830  4.03832
1 -2.060250  2.591820  3.18514
1 -1.434130  3.536200  4.09923
1 -0.227802  4.184150  3.84025
1  1.885170  3.867980  2.93876
1  2.094320  4.298780  4.35244
1  3.773460  2.246400  3.32910
1  3.920940  2.634830  4.67313
3  7.319640  3.935260  3.95172
3 -3.937550  5.789070  4.12685
3  6.828660  5.283710  3.95354
3 -2.803770  6.636970  4.16887
3 -0.363811  7.880750  4.07607
3  1.074590  8.056330  4.01717
3  3.669710  7.680630  4.02191
3  5.034230  7.194050  3.98309
3 -7.550360  0.187508  6.99190
3 -7.342480  0.792739  5.55105
1 -2.361970  0.952084  6.49108
1 -2.506550  1.966120  5.48443
1  4.231240  0.213894  5.30452
1  4.098340  1.564140  5.69792
1  3.223390  1.914890  6.84922
3  7.423440  1.819870  5.44634
3  7.492310  1.237150  6.89111
3 -6.757640  2.099620  5.53373
3 -5.585040  3.841690  6.96730
3 -6.399000  2.638100  7.00547
3 -5.383700  4.377820  5.52264
1 -1.728260  3.107080  5.41376
1 -0.940361  3.426100  6.51481
1  0.362846  4.098970  6.24634
1  2.566830  3.186550  6.51813
1  3.003920  3.603410  5.19681
3  7.370030  3.886750  6.86234
3  7.346060  3.274140  5.46211
3 -4.369880  5.387660  5.49395
3 -3.866850  5.726400  6.95440
1  0.697839  4.433030  4.88867
3  6.537270  5.805400  5.47026
3  6.825680  5.224320  6.93337
3 -2.693800  6.671520  7.00909
3 -2.196380  6.913580  5.55770
3 -0.917780  7.624480  5.51708
3 -0.347262  7.867750  6.97987
3  1.084120  8.081350  6.90147
3  1.713620  8.016130  5.44292
3  3.150990  7.921960  5.42544
3  3.687690  7.765070  6.90678
3  5.008500  7.172760  6.90263
3  5.548600  6.819610  5.44708
3 -7.353380  0.787140  8.39881
3 -6.780890  2.108050  8.38834
1 -1.361340  1.218950  7.52173
1  2.676150  0.996981  7.63286
1  1.366830  1.239540  8.12600
3  7.526590  1.835720  8.28719
3 -5.338290  4.421380  8.47449
1 -0.684774  2.431180  7.50901
1  0.717107  2.516520  7.86966
1  1.329090  3.501490  7.10669
3  7.429560  3.303900  8.30723
3 -4.256950  5.274530  8.44866
3  6.464380  5.685120  8.33884
3 -2.105880  6.882430  8.40793
3 -0.981376  7.728430  8.39768
3  1.701290  8.141870  8.32086
3  3.135450  8.021560  8.32405
3  5.480140  6.751800  8.34125
3 -7.398800  0.170100  9.85760
3 -7.208480  0.727813 11.27620
2  0.399906  0.517895 11.04960
2  0.777450  1.869180 10.92830
3  7.581310  1.201040  9.72078
3 -6.510090  2.665660  9.84033
3 -5.721920  3.857910  9.82173
3 -6.768680  2.100130 11.29660
2  2.153920  2.343930 11.16260
3  7.315440  3.825760  9.81412
3 -5.214310  4.271390 11.29170
3 -3.755050  5.665660  9.80597
3  6.807030  5.196740  9.83207
3 -2.604520  6.575810  9.84079
3 -0.362125  7.859960  9.83389
3  1.063520  8.169750  9.78082
3  3.123190  8.098460 11.27980
3  3.692990  7.790050  9.77765
3  4.936640  7.089020  9.80928
3 -7.452320  0.088177 12.74590
2 -1.657250  1.196910 12.12440
2 -0.872173  0.150504 11.62810
2  2.689670 -0.063920 11.56780
2  3.130640  1.326740 11.48670
2  4.290140  0.333821 13.30890
2  4.064160  1.596750 12.57560
3  7.743410  1.795450 11.19760
3  7.792040  1.186160 12.62260
3 -6.464250  2.556260 12.67210
3 -5.616560  3.739660 12.69470
2 -1.383000  2.563880 11.94360
2 -0.159939  2.918580 11.34440
2  0.740231  3.985270 11.91690
2  2.136260  3.562860 11.82560
2  3.032310  3.829050 12.88590
2  3.954050  2.842460 13.25160
3  7.441770  3.188920 11.22910
3  7.259800  3.841940 12.69230
3 -4.212880  5.261530 11.25060
3 -3.836820  5.773230 12.69620
2  0.307172  4.593370 13.10030
3  6.473400  5.745610 11.21300
3  6.814290  5.219290 12.65560
3 -2.131160  6.886860 11.28620
3 -2.704980  6.664090 12.70690
3 -0.899660  7.597250 11.32200
3 -0.347170  7.889210 12.70910
3  1.672340  8.267700 11.25010
3  1.034450  8.310330 12.72340
3  3.670030  7.833110 12.71700
3  4.931290  7.070040 12.69080
3  5.385150  6.665820 11.23530
3 -7.238230  0.650096 14.20710
2 -2.515650  0.979897 13.32390
2  4.240690  0.483213 14.71250
3  7.810470  1.877400 14.05640
3 -6.612940  1.994600 14.19480
2 -2.481750  2.228420 14.02730
2 -1.813750  3.159100 13.13940
2 -0.964224  4.121730 13.70840
2  4.031840  2.942880 14.66880
3  7.548320  3.298730 14.02920
3 -5.220640  4.251530 14.19250
3 -4.300690  5.357360 14.15640
2  1.241560  4.990020 14.13470
2  2.554960  4.636050 13.99500
3  6.554740  5.784400 14.18980
3 -2.233200  7.120430 14.12860
3 -0.981794  7.772510 14.13680
3  1.664650  8.216780 14.13230
3  3.114330  7.988930 14.14220
3  5.475670  6.825930 14.16410