328

3  6.747830 -0.145221  92.6437
3  5.979670 -2.188160  93.7378
3  6.201920 -0.795518  93.7531
3 -8.890050 -1.387090  93.1292
3 -5.728130 -6.439940  87.0388
3 -4.498830 -7.136370  87.0789
3 -1.711420 -7.590410  87.2219
3 -0.293708 -7.581790  87.2838
3 -7.581900 -4.461740  87.0306
3  2.233950 -6.332600  87.4094
3  3.284920 -5.431380  87.5100
3 -8.114420 -3.172030  87.0147
3  5.164420 -3.412030  87.6828
3  6.121560 -2.387960  87.7354
3 -8.618470 -0.416033  87.0610
3  6.545220 -1.746640  86.5665
3  7.379750 -0.628776  86.6292
3  5.275050 -4.075510  92.4269
3 -6.025440 -6.797270  89.4337
3 -4.759750 -7.414630  89.4645
3 -3.935460 -7.436430  88.3206
3 -2.552050 -7.631690  88.3522
3 -1.918040 -7.719390  89.6179
3 -0.491231 -7.527510  89.6870
3  0.305772 -7.392730  88.5309
3  1.512810 -6.690400  88.5444
3  2.048140 -6.365630  89.7581
3 -7.912130 -4.650290  89.4230
3 -7.380750 -5.196230  88.2296
3 -6.431910 -6.209130  88.2274
3  3.205520 -5.619230  89.8768
3  3.797170 -5.063960  88.7438
3  4.809000 -4.136100  88.8367
3 -8.350400 -2.593190  88.2607
3 -8.431280 -3.351210  89.4078
3  5.223260 -3.693390  90.0875
3 -8.507520 -1.211830  88.2437
3 -8.579810 -0.528160  89.4732
3  6.571840 -1.932770  89.0001
3  7.242010 -0.694441  89.0552
3 -6.084400 -6.800320  91.8632
3 -4.805990 -7.377740  91.9664
3 -4.095220 -7.559540  90.7596
3 -2.709320 -7.745950  90.7610
3 -1.957060 -7.632270  91.9603
3 -0.556599 -7.572080  92.0529
3  0.155534 -7.376200  90.9037
3  1.481400 -6.954370  90.9234
3 -7.964100 -4.697640  91.9010
3 -7.589670 -5.307300  90.6907
3 -6.672290 -6.422960  90.6494
3  3.777500 -5.368100  91.0976
3  4.764360 -4.410090  91.1901
3 -8.433500 -3.359690  91.8739
3 -8.703160 -2.697720  90.6440
3  6.194390 -2.675670  90.1423
3  6.605240 -2.215960  91.4046
3 -8.787120 -1.280820  90.6687
3 -8.842060 -0.648091  91.9332
3  6.973230 -0.853413  91.4478
3 -4.074960 -7.424050  93.1416
3  7.368730 -0.082210  90.3262
3 -2.669010 -7.550510  93.1662
3  0.179923 -7.688850  93.2809
3  2.151880 -6.783660  92.1327
3  1.537850 -7.313160  93.2706
3 -7.459020 -5.211620  93.1306
3 -6.562120 -6.263260  93.1033
3  4.838440 -4.778090  93.5523
3  3.890530 -5.820260  93.4252
3  3.291530 -6.025640  92.1969
3 -8.586410 -2.725250  93.1290
3  6.076740 -2.888730  92.5244
3 -6.504250 -6.190180  95.5364
3 -5.950980 -6.575970  94.3426
3 -4.041500 -7.333700  95.5594
3 -2.710950 -7.672770  95.5336
3 -1.957900 -7.588020  94.3527
3 -0.569586 -7.737280  94.4515
3  0.121819 -7.920150  95.6393
3  1.494060 -7.702360  95.6544
3  2.194240 -7.269030  94.5055
3  3.344940 -6.453650  94.5609
3 -7.443720 -5.163650  95.5899
3 -7.750490 -4.573340  94.3269
3  3.729880 -6.010980  95.8232
3  4.406590 -4.771010  95.9011
3 -8.733120 -2.745830  95.6037
3 -8.389010 -3.353770  94.3645
3  4.845420 -4.126420  94.7749
3  5.284090 -2.782820  94.7861
3 -8.947370 -1.364230  95.6088
3 -8.969000 -0.681359  94.4056
3  5.045550 -2.057900  95.9712
3  5.215100 -0.668584  95.9804
3 -2.748090 -7.960670  97.9256
3 -2.011320 -7.985820  96.7308
3 -6.069090 -6.689630  96.7684
3 -6.567550 -6.277780  97.9653
3 -4.763630 -7.228520  96.7657
3 -4.086880 -7.584340  97.9190
3 -0.623097 -8.166450  96.7740
3  0.053156 -8.415470  97.9521
3  1.404400 -7.979150  98.0225
3  2.115660 -7.533850  96.8956
3  3.076100 -6.535850  96.9402
3 -7.526790 -5.311330  97.9975
3 -7.957710 -4.726540  96.8194
3  3.254490 -5.950780  98.1850
3  3.937070 -4.708560  98.2131
3 -8.527930 -3.459050  96.8034
3 -8.776020 -2.787770  98.0473
3  4.269390 -4.041560  97.0595
3  4.648090 -2.738710  97.1095
3 -8.917580 -1.389100  98.0375
3 -8.916210 -0.661045  96.8074
3  4.655250 -2.050840  98.3351
3  4.819310 -0.678874  98.3672
3 -2.830270 -8.439770 100.3080
3 -2.069950 -8.267520  99.1262
3 -0.699192 -8.487510  99.1485
3 -5.953140 -6.809190  99.0980
3 -6.444810 -6.398240 100.3120
3 -4.704970 -7.453230  99.1332
3 -4.137850 -7.990860 100.2920
3  1.905540 -7.616300  99.2886
3  2.789530 -6.514660  99.3573
3 -7.437340 -5.406810 100.3920
3 -7.933570 -4.808490  99.2312
3 -8.526260 -3.509470  99.2488
3 -8.464610 -2.795390 100.4370
3  4.245840 -4.146610  99.4644
3  4.438970 -2.774400  99.4995
3 -8.669780 -1.415890 100.4680
3 -8.764640 -0.732721  99.2668
3 -2.211190 -8.898880 101.4670
3 -0.831725 -8.816990 101.5440
3 -5.873850 -6.899600 101.4600
3 -4.793490 -7.748040 101.4920
3 -0.039267 -8.520940 100.4200
3  1.300010 -8.035890 100.4730
3  1.846460 -7.688640 101.6980
3  2.946340 -6.808610 101.7940
3 -7.629990 -4.756320 101.5990
3  3.347980 -6.158840 100.5910
3  3.929370 -4.883310 100.5980
3 -8.128600 -3.476880 101.6100
3  3.974190 -4.192670 101.7730
3  4.297000 -2.842120 101.8640
3 -8.547120 -0.678398 101.6650
1 -3.269420 -0.396596 101.3770
1 -0.859890 -0.788258 101.5240
3  4.358850 -2.090540 100.7020
3  4.541380 -0.720977 100.7430
1 -1.929970 -0.096948 100.9420
3 -4.732530 -7.183760  94.3613
3  7.620080 -0.046784  87.8795
3 -8.570740  1.003280  87.0451
3  8.010650  1.296380  87.9035
3  8.328700  1.955440  86.7323
3 -7.772160  3.684590  87.1017
3  7.719010  4.044980  87.8671
3  8.244230  3.371590  86.7205
3 -7.040050  4.869740  87.1316
3  7.076050  5.286900  87.7451
3 -4.826540  6.551270  87.1236
3 -3.556100  7.209370  87.1684
3 -0.820696  7.903160  87.2971
3  0.573250  7.800880  87.3260
3  4.648630  6.670890  87.5355
3  3.299300  7.061390  87.5138
3 -8.405010  1.653160  88.2916
3 -8.417020  0.874933  89.4936
3 -8.061510  3.032420  88.3184
3 -7.729570  3.563290  89.6129
3  7.847500  1.979540  89.1273
3  7.751200  3.394890  89.0937
3 -6.533880  5.293850  88.3725
3 -6.981690  4.769070  89.6106
3  6.489920  5.956950  88.8748
3 -5.394700  6.134630  88.3702
3 -4.713860  6.394690  89.5931
3 -3.537750  7.193010  89.6381
3 -2.896250  7.539580  88.4098
3 -1.565720  7.991720  88.4830
3 -0.911359  8.098120  89.7167
3  0.510925  8.112140  89.7252
3  1.226470  7.764680  88.5416
3  2.571700  7.468560  88.6224
3  3.245160  7.666490  89.8325
3  4.584390  7.181270  89.8953
3  5.282250  6.688300  88.7785
3 -8.518270  0.720316  91.9672
3 -8.246730  1.410700  90.7915
3  2.483240  8.369720  93.4499
3  7.489240  1.320540  90.3172
3 -7.883150  2.792850  90.8279
3 -7.493120  3.302210  92.0479
3  6.981660  1.997040  91.3996
3  7.028620  3.344090  91.3858
3 -6.708010  4.462090  92.0453
3 -6.386870  5.156750  90.8438
3  6.727030  5.342420  90.1139
3  7.233410  4.068210  90.2211
3 -5.192630  5.920200  90.8163
3 -4.587210  6.245770  92.0421
3 -3.455090  7.074180  92.0917
3 -2.912540  7.489060  90.8670
3 -1.612640  7.998260  90.9058
3  1.146870  8.279270  90.9465
3  2.521400  8.105610  91.0150
3  5.157430  7.016540  91.1555
3  6.108970  5.956040  91.2322
3 -0.970016  8.243250  92.1634
3  0.446932  8.443240  92.1579
3 -8.202200  1.269850  93.2081
3  1.083490  8.557050  93.3882
3  6.744360  1.261000  92.5727
3 -7.725690  2.576190  93.2518
3  6.536190  1.978820  93.7738
3  6.617590  3.375230  93.7211
3 -6.133990  4.843200  93.2778
3 -5.087250  5.754590  93.2648
3  6.686450  4.067120  92.5311
3  6.326810  5.382620  92.4692
3 -2.969020  7.525580  93.3154
3  3.189960  8.033120  92.2486
3  4.539180  7.546330  92.3243
3  5.053520  7.208350  93.5821
3  5.891150  6.038260  93.6500
3 -1.679650  8.140420  93.3770
3 -8.289780  1.310640  95.6356
3 -8.497590  0.650411  94.4349
3  5.879480 -0.047376  94.8947
3  6.169600  1.335770  94.9313
3 -7.603960  2.482260  95.6988
3 -7.341020  3.138600  94.4886
3  6.024520  1.973720  96.1297
3  6.287890  3.342450  96.1550
3 -6.117620  4.788590  95.6944
3 -6.560800  4.259840  94.4937
3 -5.086000  5.720600  95.6757
3  6.330800  4.044370  94.9501
3  6.066310  5.404620  94.8839
3 -3.561050  7.167770  94.5418
3 -4.584510  6.200800  94.4831
3 -3.053870  7.620130  95.7952
3  4.856140  7.221410  95.9496
3  4.375250  7.654490  94.7349
3  5.613200  6.058390  96.0357
3 -1.803680  8.253570  95.7911
3 -1.049890  8.461460  94.5742
3  0.331785  8.735390  94.5702
3  1.041690  8.738880  95.8115
3  2.452410  8.623500  95.8441
3  3.096340  8.215670  94.6728
3 -8.638650  0.705186  96.8133
3 -8.462610  1.316500  98.0515
3  5.091850  0.009953  97.2174
3  5.506480  1.333210  97.2349
3 -7.891940  2.563620  98.0803
3 -7.335530  3.091310  96.9085
3 -6.595120  4.259930  96.9255
3 -6.285850  4.892110  98.1049
3 -5.241880  5.843620  98.1347
3  6.077410  4.083840  97.3217
3  5.810000  5.447470  97.2694
3 -4.670610  6.250280  96.9510
3 -3.671260  7.234000  97.0061
3 -3.058240  7.559100  98.1912
3  4.311770  7.796340  97.1229
3 -1.836160  8.238250  98.1846
3 -1.148640  8.466650  96.9813
3  0.223428  8.728750  96.9896
3  0.914193  8.806160  98.2189
3  2.348420  8.787200  98.2299
3  3.129250  8.564320  97.0538
3 -8.640530  0.676715  99.2733
3 -8.509400  1.390810 100.4830
3  4.750920  0.008328  99.5740
3  4.901870  1.373510  99.5596
3 -7.678250  3.280030  99.2813
3  5.868350  3.362690  98.4830
3  5.436620  2.002530  98.4250
3 -6.910650  4.453520  99.2962
3  5.730690  4.090130  99.6623
3  5.670630  5.516720  99.6299
3 -4.844040  6.335650  99.3813
3 -3.712160  7.124880  99.3938
3  4.824520  7.377620  98.3987
3  4.297250  8.029910  99.5619
3  5.530090  6.186620  98.4115
3 -1.217030  8.500120  99.4174
3  0.173628  8.714540  99.4326
3  2.964370  8.605960  99.4833
3 -8.570440  0.685435 101.6780
1 -4.020120  0.839358 101.4030
1 -1.826950  1.331270 100.7300
1  0.448156  1.327850 101.6930
1  0.324621 -0.056251 101.8890
3  4.463970  0.015487 101.9560
3  4.625000  1.410830 101.9390
3 -8.101500  2.722680 100.4890
3 -7.881990  3.426020 101.7150
1 -3.118930  1.917980 101.0200
1 -3.161800  3.183930 101.6320
1 -0.660324  2.034960 101.0970
1 -0.735399  3.337150 101.7340
3  4.858720  2.126350 100.7520
3  5.277990  3.465060 100.8160
3 -6.627400  5.100100 100.5180
3 -7.204740  4.648660 101.7040
1 -1.975190  3.930560 101.9850
3  5.270330  4.154210 102.0140
3  5.376430  5.541490 102.0390
3 -5.584320  6.084670 100.5680
3 -5.225290  6.682430 101.7740
3 -3.988090  7.366460 101.7870
3 -3.225340  7.666630 100.6000
3  4.679730  7.436910 100.7770
3  5.338950  6.184940 100.8140
3  4.096720  7.966880 101.9520
3 -1.981020  8.325330 100.6230
3 -1.314060  8.359890 101.9230
3  0.817248  8.706740 100.6730
3  0.058045  8.620150 101.8740
3  2.200490  8.690930 100.6670
3  2.795240  8.479010 101.9000