125

3 -0.996010 -8.435590 -7.138360
3  1.125160 -9.215960 -6.286140
3 -1.000860 -7.008050 -7.032450
3 -4.656320 -3.417660 -7.038090
3 12.220100 -2.761080 -7.092160
3 -2.675810 -1.328090 -6.572420
3 12.410700 -1.759490 -6.203740
3 -0.175741 -6.451900 -6.081750
3  0.890397 -6.047190 -5.241160
3  1.822370 -8.285280 -5.559140
3  1.876640 -7.055810 -4.827700
3  3.241760 -7.946370 -2.967520
3  0.903127 -4.806670 -4.572880
3  0.114889 -3.803030 -5.013590
3 -2.188210 -0.187014 -5.877770
3 12.070900 -0.862191 -5.246850
3  2.611880 -6.990400 -3.640320
3  2.740030 -5.693820 -3.168740
3  1.650100 -4.800100 -3.350960
2 -1.453630 -1.522780  5.664500
2 -0.496785 -0.638803  5.023790
2  0.797470 -0.871833  5.633950
2 -0.766133 -2.279040  6.687790
2 -3.403920 -1.344420  7.160030
2 -4.202070 -0.197024  7.518700
2 -2.749970 -1.060770  5.910640
2  0.615554 -1.875470  6.661910
2 -1.407660 -2.561110  7.915070
2 -2.756510 -2.080530  8.156050
2  1.319040 -1.772520  7.872260
2  2.182850 -0.639794  8.074960
3 15.984800 16.501500 -6.885160
3 -3.251800  0.784658 -5.751200
3 -1.013490  0.491498 -6.270460
3 11.564000  0.395379 -5.011480
3 10.367200  1.035370 -5.060210
3  9.256200  1.751690 -5.139420
3  8.090340  2.347330 -5.153110
3 16.802300 15.256200 -4.680760
3 16.427700 15.955800 -5.767280
3 17.227400 14.976800 -3.454250
3 17.630700 14.158300 -2.546900
3 19.528800 12.609100 -1.482350
3 18.648900 13.487400 -2.017210
1  9.227480  3.938440  1.753850
3 20.336300 11.779200 -0.844159
3 21.030100 10.811700 -0.361806
1  6.924300  1.813070  3.483910
1  8.143020  1.035450  3.600490
1  9.113400  1.618970  2.702240
1 10.442800  1.747620  3.139790
1  7.163750  2.884560  2.547150
1  6.579870  4.134210  2.698330
1  8.505570  2.757340  2.043190
1 10.601500  4.015210  2.197540
1 11.215700  2.921060  2.862490
1  5.752290  4.380730  3.860130
1  7.337240  5.319080  2.421490
1  8.640040  5.242630  1.962830
1  9.665180  6.130340  2.470890
1 10.867600  5.382910  2.638740
1 11.765500  5.600320  3.676620
1  6.986220  6.306910  3.387450
1  7.965340  7.141280  3.908940
1  9.320110  7.109790  3.406340
2 -3.140700  0.263345  5.489110
2 -2.204510  1.115050  4.892250
2 -0.864741  0.667311  4.642130
2  0.036372  1.783930  4.810780
2  1.288120  1.554610  5.401850
1  6.083810  2.017590  4.564570
1  6.474790  1.495470  5.862800
1  7.664190  0.750145  6.000980
1  8.518980  0.554266  4.863920
1  9.893330  0.704442  5.278460
1 10.860300  1.222610  4.416140
1 11.836700  2.126680  4.957340
2 -2.150450  2.513670  5.227520
2 -0.766271  2.943560  5.182620
1  5.525580  3.331960  4.767080
1 12.065100  3.162560  3.987940
1  6.010040  5.724680  4.296490
1  6.003250  6.054870  5.660580
1 12.299600  4.467050  4.391890
1 12.315900  4.789700  5.784230
1  8.011530  7.453810  5.321430
1  9.388330  7.552660  5.709530
1 10.214800  7.372950  4.529270
1 11.413300  6.629870  4.654460
2 -4.037110  0.800577  6.481580
2  1.671380  0.219179  5.827210
2  2.379020  0.341087  7.091140
2  2.424570  1.751680  7.437960
1  8.201570  2.003990  8.095630
1  8.533170  1.023410  7.138800
1  9.906210  0.969425  6.688570
1 10.867800  1.863620  7.204990
2 -3.024090  3.029680  6.188830
2 -3.996530  2.163980  6.832380
2 -2.526540  3.954930  7.173630
2 -0.305978  3.834380  6.164530
2  0.977185  3.604700  6.773850
2  1.748770  2.486260  6.399970
1  5.566540  3.643440  6.171360
1  6.167750  2.513850  6.851330
1  6.974120  2.758280  7.952820
1 11.250300  4.053690  7.917420
1 11.770600  2.494210  6.299320
1 12.017800  3.818900  6.735650
2 -1.185710  4.377000  7.158150
1  5.795970  4.975370  6.613510
1  6.720730  5.200010  7.691150
1 11.735400  6.090540  5.961880
1  7.024620  6.943660  6.187160
1  7.429200  6.404050  7.454810
1  8.746300  6.506240  7.890390
1  9.730580  7.060030  6.968600
1 10.943900  6.315990  7.100640
2 -4.077870  2.553000  8.225680
2 -3.165990  3.653670  8.425870
2  0.895905  4.020900  8.164060
1  7.265500  4.113640  8.360940
1 10.513800  2.832180  8.218640
2 -0.452521  4.482050  8.398010
1 10.727400  5.304640  8.127370