372

3  6.761420 -1.385560 131.422
3 -6.598510 -7.009310 118.323
3 -5.332540 -7.616940 118.303
3 -2.590710 -8.076910 118.359
3 -1.204340 -8.078510 118.403
3  1.436480 -7.064750 118.361
3 -8.695150 -5.164700 118.236
3  2.678540 -6.374050 118.326
3 -9.245930 -3.816490 118.254
3  4.554500 -4.273440 118.352
3  5.282210 -3.068810 118.381
3 -9.048090 -0.994815 118.346
3  6.281760 -0.448009 118.414
3 -7.249230 -6.635550 119.510
3 -6.730390 -7.016980 120.708
3 -5.422170 -7.514780 120.721
3 -3.305800 -7.902900 119.510
3 -4.711950 -7.761650 119.541
3 -2.624740 -7.769720 120.688
3 -1.230050 -7.779030 120.721
3 -0.484829 -7.836540 119.570
3  0.873034 -7.452330 119.557
3  1.480290 -7.016590 120.733
3 -8.306020 -5.727850 119.471
3 -8.711900 -5.153660 120.676
3  2.647730 -6.257490 120.769
3  3.210400 -5.850250 119.528
3  4.198960 -4.854480 119.559
3 -9.385700 -3.139960 119.490
3 -9.322110 -3.896880 120.673
3  4.664350 -4.278190 120.750
3  5.417680 -3.112220 120.771
3  5.655010 -2.453710 119.569
3 -9.321710 -1.717620 119.522
3 -9.250000 -1.100450 120.789
3  6.355150 -0.425379 120.778
3  6.137930 -1.132200 119.605
3 -7.359490 -6.761670 121.904
3 -5.476220 -7.594550 123.133
3 -4.766590 -7.665060 121.939
3 -3.371650 -7.796860 121.886
3 -2.664830 -7.967710 123.036
3 -1.287440 -7.768040 123.077
3 -0.544007 -7.627870 121.898
3  0.815187 -7.241200 121.929
3  1.362120 -6.884490 123.163
3 -8.346730 -5.726840 121.888
3  3.199580 -5.789730 122.001
3  4.305540 -4.875980 121.962
3 -9.532420 -3.248860 121.906
3  4.750150 -4.331000 123.211
3  5.667190 -2.451760 121.977
3 -9.518660 -1.808430 121.944
1 -1.401150 -0.017941 121.057
1 -2.588620  0.020905 121.915
1 -0.488469 -0.997305 121.608
1  0.909142 -0.801382 121.560
3  6.144660 -1.089800 121.975
3 -6.759480 -7.088600 123.106
3 -7.481950 -6.924170 124.294
3 -4.757930 -7.867540 124.278
3 -3.375870 -8.117080 124.247
3 -0.615559 -7.738860 124.262
3  0.597028 -7.114910 124.298
3  2.505870 -6.100480 123.178
3 -8.852740 -5.283130 123.130
3 -8.493770 -5.928720 124.323
3  2.997710 -5.605100 124.374
3  4.037170 -4.648860 124.364
3 -9.518650 -3.388290 124.393
3 -9.373200 -3.961410 123.144
1 -0.249040 -1.873950 123.866
3  5.479400 -3.126740 123.160
3  5.827070 -2.429910 124.324
3 -9.653710 -1.951590 124.438
3 -9.445780 -1.182540 123.214
1 -2.383290 -0.933815 123.002
1 -2.751600 -0.599741 124.325
1 -1.097070 -1.579260 122.779
1  1.786100 -1.190190 122.656
1  2.879830 -0.213449 122.769
1  1.186920 -1.701320 123.819
3  7.083980 -0.836537 132.677
3  6.513210 -0.418594 123.120
3  6.421710 -1.154390 124.320
3 -4.707160 -8.109660 126.632
3 -3.362320 -8.429840 126.599
3 -5.451770 -7.790440 125.473
3 -7.295120 -6.866010 126.698
3 -6.742170 -7.261370 125.472
3 -2.652930 -8.316730 125.422
3 -1.258510 -8.107370 125.434
3 -0.574903 -7.962890 126.607
3  0.555806 -7.128760 126.696
3  1.088620 -6.650530 125.506
3 -8.336840 -5.934490 126.740
3 -8.964220 -5.450410 125.570
3  2.199910 -5.789780 125.518
3  2.509620 -5.116040 126.680
3  3.579280 -4.241630 126.676
3 -9.658810 -3.432190 126.868
3 -9.474620 -4.096310 125.599
3  4.277420 -3.919100 125.515
3  5.159710 -2.850810 125.476
3  5.669730 -2.316020 126.661
3 -9.757940 -1.974530 126.944
3 -9.602060 -1.264170 125.717
3 -9.247400 -1.890530 133.137
1 -1.915440 -0.972139 125.447
1 -2.047310  0.048847 126.478
1 -0.682084 -1.601840 125.214
1  0.476765 -1.197470 125.983
1  1.629940 -1.268510 125.120
1  2.705540 -0.380204 125.261
3  6.364580 -1.087890 126.709
3  6.670890 -0.447481 125.522
3 -5.374960 -7.971360 127.821
3 -4.764910 -8.504660 128.956
3 -3.374050 -8.681170 128.996
3 -2.631460 -8.623160 127.811
3 -8.187760 -6.033910 129.143
3 -7.147060 -6.910650 129.071
3 -6.584910 -7.220270 127.849
3 -1.264680 -8.217560 127.797
3 -0.680644 -7.772810 128.976
3  0.372836 -6.901120 129.017
3 -9.346260 -4.173850 128.064
3 -8.672510 -5.394260 127.993
3  0.971113 -6.520040 127.834
3  1.866850 -5.466250 127.859
3  2.420900 -4.916740 129.019
3  3.572520 -4.150800 129.003
3  4.146060 -3.738360 127.827
3  5.224550 -2.862980 127.844
3  5.687490 -2.271930 129.000
3 -9.521470 -1.391190 128.194
3 -8.981720 -0.115072 128.288
1  0.369222 -0.193299 126.944
3  6.540860 -1.189140 129.048
3  6.784990 -0.474945 127.894
3 -5.443060 -8.441520 130.182
3 -2.669870 -8.552620 130.188
3 -6.597510 -7.607830 130.178
3 -1.384690 -7.987940 130.159
3 -8.529740 -5.557150 130.406
3 -9.321900 -4.443910 130.471
3  0.876858 -6.371990 130.209
3  1.806410 -5.327740 130.205
3 -9.555020 -2.189880 129.395
3 -9.517340 -3.609310 129.309
3  3.513130 -4.093940 131.368
3  4.146780 -3.715740 130.207
3  5.279210 -2.882920 130.195
3 -9.416160 -1.643010 130.647
3 -8.778390 -0.429503 130.706
3  6.931110 -0.599902 130.302
3 -5.354460 -8.662660 132.616
3 -4.700920 -8.802310 131.342
3 -3.310480 -8.724310 131.394
3 -2.606850 -8.681830 132.605
3 -8.013750 -6.277410 131.499
3 -6.580400 -7.981980 132.533
3 -7.137970 -7.326600 131.434
3 -1.386240 -8.001980 132.626
3 -0.792218 -7.663710 131.392
3  0.243257 -6.694620 131.380
3 -8.450570 -5.825750 132.771
3 -9.211870 -4.646880 132.897
3  0.761648 -6.238000 132.572
3  2.305700 -4.825900 131.390
3  1.833470 -5.315380 132.584
3 -9.473030 -3.865290 131.762
3 -9.491220 -2.434690 131.813
3  4.188200 -3.825400 132.548
3  5.859860 -2.501370 131.374
3  5.342510 -3.038280 132.557
3 -8.653240 -0.621362 133.146
3  4.214730  6.667100 133.180
3  4.577230  6.120560 131.958
3 -8.598530  0.324619 118.506
3  6.347880  0.964799 118.440
3 -7.119400  2.621500 118.694
3 -6.287850  3.717680 118.761
3  5.816950  3.695210 118.604
3 -4.616470  5.961370 118.879
3  5.175300  4.935460 118.667
3 -3.845040  7.122610 118.925
3 -3.385910  7.711980 117.760
3  2.139910  7.784620 118.971
3  3.256220  6.955600 118.928
3 -2.273990  8.562240 117.794
3 -1.674410  8.817710 119.051
3 -0.285992  9.059080 119.071
3  0.475031  9.152600 117.836
3  1.657960  8.335490 117.765
3 -8.295840  0.854577 119.768
3 -8.632130  0.146725 120.906
3  6.599840  0.971248 120.845
3  6.529100  1.671470 119.652
3 -7.511510  2.006870 119.871
3  6.181030  3.055280 119.751
3  6.110680  3.764760 120.919
3 -6.054980  4.328250 120.003
3 -5.153460  5.394970 120.049
3  4.960400  5.617880 119.882
3  5.525050  5.038150 121.015
3 -3.375010  7.542980 120.191
3 -2.277870  8.374160 120.244
3  3.952070  6.590180 120.050
3  0.423124  8.756190 120.283
3  1.710300  8.212930 120.242
3 -8.411070  0.779391 122.147
3 -7.583830  1.956540 122.283
1 -3.229040  1.258940 122.204
1 -0.861550  1.158700 120.499
1  0.578260  1.356570 120.463
1  2.639020  0.771943 121.726
1  2.870680  2.128890 122.007
1  1.457810  0.383710 120.968
3  6.725490  1.694590 122.010
3 -7.276660  2.623550 121.111
3 -6.569800  3.810950 121.192
3 -6.185810  4.359510 122.441
1 -2.603390  2.471500 121.663
1 -1.474540  2.430760 120.823
1 -0.413446  3.423030 120.986
1  0.852674  2.759090 120.746
1  1.994980  3.158300 121.486
3  6.446090  3.093930 122.104
3 -5.272790  5.392410 122.487
3 -4.730350  5.852850 121.304
1 -0.512345  4.469490 121.929
3  5.179040  5.585360 122.276
3 -3.877710  6.949250 121.356
3 -3.393170  7.445820 122.595
3  2.428470  7.832340 121.392
3  3.530240  7.014490 121.311
3  4.139370  6.520470 122.439
3 -1.607220  8.473870 121.470
3 -2.223480  8.197790 122.704
3 -0.222415  8.726440 121.507
3  0.444729  8.438020 122.693
3  1.782110  7.973510 122.645
3 -8.926510  0.161879 123.286
3 -8.695290  0.757323 124.544
3 -7.954370  1.925750 124.687
1 -3.619190  1.586180 123.588
1  3.576320  1.593290 124.351
3  6.766050  0.973658 123.212
3  6.882000  1.665490 124.415
3 -7.450730  2.566950 123.504
3 -6.653670  3.739710 123.627
1 -3.190480  2.935770 123.860
1 -2.594660  3.475640 122.690
1  1.869780  4.184590 122.503
1  2.643010  3.762690 123.646
1  3.304920  2.525760 123.330
3  6.353930  3.741310 123.318
3  6.631730  3.045220 124.482
3 -6.227800  4.207720 124.863
3 -5.369610  5.322850 124.938
3 -4.865020  5.884450 123.748
1 -1.626630  4.468690 122.833
1 -1.173530  4.863250 124.139
1  0.657413  4.871070 122.700
1  0.229451  5.137590 124.072
3  5.409810  5.530880 124.704
3  5.753710  4.994440 123.407
3 -3.930870  6.946350 123.800
3 -3.490380  7.381090 125.075
3 -2.262850  8.071680 125.156
3  1.887770  7.934390 125.048
3  2.435560  7.619220 123.821
3  3.652660  6.890140 123.723
3  4.289830  6.384040 124.840
3 -1.588660  8.314760 123.952
3 -0.190231  8.481350 123.941
3  0.531778  8.283610 125.092
3 -8.707960  0.584713 127.061
3 -7.799090  1.690890 127.148
1 -3.395720  0.656970 124.632
1 -2.924020  1.059010 125.948
1  2.568650  0.661948 126.255
1  3.107170  1.881400 125.702
3  7.015250  0.901006 125.579
3  7.189030  1.599070 126.809
3 -7.514350  2.369660 125.951
3 -6.583740  3.476070 125.983
1 -2.763110  3.339030 125.132
1 -2.602890  2.390010 126.197
1 -0.942919  4.015040 126.458
1  0.453510  4.225000 126.399
1  2.253950  4.043710 124.950
1  2.509490  3.130880 126.029
3  6.577860  3.682530 125.707
3  6.948830  2.974110 126.885
3 -5.023250  5.895980 126.224
1 -1.753260  4.348710 125.295
1  1.009540  4.723840 125.165
3  5.418080  5.321340 127.089
3  5.833970  4.824950 125.842
3 -4.076710  6.917570 126.280
3 -1.504390  7.981510 126.350
3  2.575600  7.515700 126.164
3  3.739350  6.708020 126.057
3  4.348920  6.219290 127.174
3 -0.118956  8.191060 126.348
1 -0.899061  0.441956 127.220
1 -0.614762  1.832590 127.568
1  0.846008  2.040080 127.488
1  1.426590  0.772054 127.076
3  7.310420  1.507160 129.249
3  7.304060  0.865336 127.972
3 -7.393240  2.211990 128.416
3 -6.113790  3.969550 127.232
3 -6.473410  3.292090 128.435
1 -1.487560  2.801830 127.028
1  1.385450  3.245750 126.967
3  6.680350  3.560860 128.136
3  6.996770  2.861860 129.343
3 -5.489790  5.240350 127.370
3 -5.004750  5.673870 128.619
3  5.948550  4.750830 128.220
3 -4.028180  6.711350 128.730
3 -3.473930  7.216560 127.519
3 -2.185400  7.710060 127.540
3 -1.399290  7.751670 128.695
3 -0.003801  7.861460 128.721
3  1.990860  7.711780 127.379
3  2.803430  7.475140 128.474
3  3.942740  6.665960 128.414
3  0.646885  7.966270 127.493
3 -8.569140  0.365000 129.546
3 -7.791430  1.513610 129.587
3 -7.279360  1.951770 130.802
3  7.264120  0.734683 130.411
3 -6.075930  3.810770 129.704
3 -6.380120  3.033210 130.837
3  6.805500  3.501700 130.606
3 -5.341950  5.000650 129.776
3 -4.739000  5.374240 131.001
3 -3.771660  6.334690 131.091
3  5.584420  5.248220 129.489
3  5.983270  4.653270 130.682
3 -3.322290  6.931980 129.934
3 -1.998790  7.460920 129.919
3 -1.206930  7.425270 131.075
3  0.176330  7.484860 131.056
3  0.792225  7.735510 129.860
3  2.927380  7.366900 130.870
3  2.186230  7.666170 129.733
3  4.095650  6.656730 130.772
3  4.559170  6.193210 129.533
3 -8.425390  0.097584 131.960
3 -7.657100  1.302870 131.968
3 -7.341430  1.839000 133.233
3  7.180300  0.550680 132.804
3  7.220940  1.358750 131.651
3 -5.974250  3.545670 132.113
3 -6.439700  2.948140 133.293
3  6.950670  2.738430 131.783
3  6.608830  3.262340 133.016
3 -5.153760  4.717310 132.162
3  5.915650  4.451010 133.067
3  5.548930  5.149660 131.922
3 -1.780610  7.071520 132.285
3 -3.087940  6.524230 132.306
3  0.968477  7.464900 132.197
3  2.342230  7.563700 132.098
3  3.057920  7.413070 133.281
1  3.345480  0.181741 124.065
3 -8.996410  0.032643 125.717