301

3 -5.393920 -6.763660 17.1219
3 -4.818890 -7.010190 15.6228
3 -3.596690 -7.752990 15.6225
3 -2.966280 -7.898330 17.1363
3 -1.554390 -8.049000 17.1211
3 -0.955136 -8.205430 15.6837
3  0.514938 -8.090580 15.6886
3  1.052540 -7.965750 17.1326
3  2.368540 -7.329280 17.1360
3  2.810340 -6.900590 15.6319
3 -6.712930 -5.184070 15.7315
3 -6.406700 -5.732550 17.1848
3  3.904130 -5.943770 15.5921
3  4.263610 -5.410630 17.0827
3  5.258270 -4.370400 17.0647
3 -7.461070 -3.962170 15.7074
3 -7.560420 -3.360780 17.1721
3  5.631390 -3.892670 15.6359
3  6.540560 -2.760260 15.6002
3 -7.805110 -1.989040 17.1926
3 -7.836620 -1.365470 15.7046
2 -2.111370 -0.065813 15.4603
2 -1.103200 -1.155360 15.8700
2 -0.210071 -0.823313 16.8927
2  1.569710 -1.819180 15.5501
2  1.177580 -1.130390 16.6907
2  2.062620 -0.253804 17.4483
2  3.731340 -0.571542 15.6119
3  6.775260 -2.182360 17.0271
3  7.286940 -0.819473 17.0512
3  7.452980 -0.218108 15.6045
3 -4.891240 -7.144100 18.5787
3 -3.558170 -7.748060 18.5914
3 -0.974654 -8.065410 18.5969
3  0.502925 -8.008190 18.5991
3  2.935390 -6.956050 18.5767
3 -6.832610 -5.278960 18.6766
3  4.011940 -5.947320 18.5176
3 -7.471350 -3.991090 18.6430
3  5.707130 -3.918810 18.4716
3  6.565850 -2.755810 18.3960
3 -7.689880 -1.320260 18.6227
3  7.444440 -0.204549 18.4871
3 -5.381460 -6.716960 20.0773
3 -4.930830 -7.044080 21.5019
3 -3.635350 -7.633370 21.5066
3 -3.013770 -7.866140 20.0573
3 -1.525760 -7.897020 20.0458
3 -1.010600 -8.032850 21.5058
3  0.433343 -7.961420 21.4711
3  1.059310 -7.788100 19.9972
3  2.354130 -7.185250 20.0248
3  2.803380 -6.774720 21.4559
3 -6.736350 -5.200740 21.5647
3 -6.405420 -5.748970 20.0676
3  3.996120 -5.961420 21.4256
3  4.479810 -5.565540 20.0233
3  5.402080 -4.431800 20.0025
3 -7.545040 -3.311420 20.0508
3 -7.339830 -3.914840 21.5986
1 -1.447740 -4.138490 21.5017
1 -2.862140 -3.639350 21.5884
1 -2.846600 -2.391800 20.7257
1  0.709736 -3.069330 21.0355
1 -0.680030 -3.220130 20.7459
3  5.820820 -3.906000 21.4153
3  6.627280 -2.715520 21.3865
3  6.928840 -2.252810 19.8809
3 -7.643120 -1.945220 20.0225
3 -7.548520 -1.287480 21.5402
1 -3.550110 -1.294400 21.2770
1 -1.518280 -2.184730 20.2685
1 -0.930185 -0.935265 20.2447
1  0.467844 -0.714609 20.6128
1  1.278670 -1.718920 20.9695
3  7.407460 -0.174760 21.3931
3  7.311670 -0.828181 19.9668
3 -5.407770 -6.664450 22.9993
3 -3.013450 -7.794480 22.9376
3 -1.594230 -7.994160 22.9285
3  1.088900 -7.886490 22.9271
3  2.341780 -7.156290 22.8818
3 -6.432550 -5.687070 22.9652
1 -1.666670 -4.859820 23.9412
1 -0.896430 -4.781940 22.6807
1  0.493841 -4.498590 23.0117
3  4.511170 -5.521460 22.9351
3  5.432680 -4.381810 22.8858
3 -7.454150 -3.257830 23.0116
1 -4.199980 -2.461450 23.2932
1 -3.504570 -3.614980 22.8466
1  2.245190 -2.692610 22.8094
1  1.292220 -3.625900 22.2132
3  6.864430 -2.119600 22.8750
3 -7.490880 -1.843730 22.9783
1 -4.321170 -1.287210 22.4965
1  2.218190 -1.491150 22.0272
1  2.337970 -0.238153 22.6523
3  7.387240 -0.804725 22.8036
3 -5.441620 -6.723240 25.8996
3 -4.875810 -7.033380 24.4036
3 -3.574540 -7.624620 24.4111
3 -3.041980 -7.936680 25.8219
3 -1.573390 -8.176870 25.7718
3 -0.998098 -8.125530 24.3782
3  0.463038 -7.995300 24.3851
3  1.095970 -7.790900 25.8100
3  2.911640 -6.781650 24.3099
3  2.396030 -7.151990 25.8025
3 -6.805370 -5.199600 24.4487
3 -6.424530 -5.678160 25.8671
1 -0.675569 -4.517200 25.0295
1  0.603551 -4.304360 24.4413
3  4.059150 -5.921220 24.3172
3  4.500530 -5.479700 25.8416
3  5.397280 -4.309700 25.8572
3 -7.385950 -3.240570 25.8750
3 -7.375050 -3.869810 24.4941
1 -3.321350 -3.463140 25.2593
1 -4.108970 -2.378010 24.7301
1 -2.982550 -4.286280 24.0580
1  2.261440 -2.564970 24.2402
1  1.503660 -3.471160 25.1043
3  5.792170 -3.877940 24.3128
3  6.609600 -2.703140 24.2925
3 -7.590590 -1.249220 24.4210
3 -7.534280 -1.828310 25.8874
1 -4.031510 -1.125710 25.3382
1  2.293130 -1.286240 24.8271
1  2.373610 -0.131374 24.1017
3  6.842110 -2.153040 25.7798
3  7.418340 -0.833616 25.7322
3  7.548610 -0.234178 24.2772
3 -4.873950 -7.008820 27.3061
3 -3.584820 -7.655180 27.3123
3 -0.968301 -8.164680 27.2141
3  0.454002 -7.991140 27.2084
3  2.861030 -6.785470 27.2316
3 -6.728600 -5.197760 27.3728
3  3.997780 -5.846910 27.2742
3 -7.340980 -3.850170 27.3383
1 -1.011130 -3.723870 26.1244
1 -2.365950 -3.194780 26.1891
1 -0.117801 -2.841340 26.7805
1  1.219330 -2.710710 26.3223
3  5.898620 -3.918110 27.2638
3  6.699730 -2.712980 27.2708
3 -7.490630 -1.206350 27.2937
1 -3.177900 -0.892608 26.4967
1 -2.347120 -1.976480 26.9207
1 -0.932575 -1.736810 27.2403
1 -0.433979 -0.448419 27.0739
1  0.860739 -0.236160 26.5547
1  1.724680 -1.315070 26.1759
3  7.459060 -0.111354 27.1757
2  4.243040  1.771730 15.4023
2 -0.798179  4.219430 15.1431
2  3.124910  3.955880 15.1332
3 -7.461510  0.062081 15.6527
3 -7.190280  0.584751 17.1270
3 -6.621840  1.898220 17.0961
2 -2.089940  1.139580 16.1811
2 -1.153350  1.435170 17.2425
2  3.222100  0.187031 16.7670
2  3.502110  1.589940 16.6006
3  7.650990  1.856790 16.9861
3  7.679900  1.249260 15.5382
3 -6.301690  2.498110 15.5721
3 -5.542750  3.706430 15.6395
2 -2.345990  2.316450 15.4451
2 -1.416330  3.348590 15.9588
2 -0.757735  2.789900 17.0611
2  2.533280  3.789360 16.3280
2  1.190120  4.251260 16.5337
2  2.725730  2.611360 17.1225
3  7.453130  3.249910 16.9790
3  7.348920  3.856210 15.5843
3 -5.142520  4.229020 17.0331
3 -4.218480  5.334980 17.0272
3 -3.847190  5.867320 15.5616
2  0.538159  4.778270 15.4199
3  6.505950  5.683480 17.0892
3  6.823950  5.225310 15.5969
3 -2.835940  6.822440 15.5557
3 -2.249800  7.026790 17.0299
3 -0.950571  7.739730 17.0697
3 -0.381462  7.927290 15.6369
3  1.052480  8.209340 15.6368
3  1.658440  8.093880 17.0283
3  3.113790  7.972180 17.0015
3  3.694690  7.835570 15.6093
3  4.942590  7.140330 15.6223
3  5.473880  6.771380 17.0309
3 -7.431820  0.047607 18.6009
2 -0.218036  0.451988 17.6307
2  1.157850  0.797935 17.8986
2  1.526780  2.126370 17.7555
3  7.772310  1.245450 18.4464
3 -6.265400  2.450180 18.4792
3 -5.475440  3.665680 18.4842
2  0.507669  3.239000 17.3432
3  7.424140  3.824890 18.4872
3 -3.879230  5.797790 18.4793
3  6.808830  5.167890 18.4506
3 -2.827610  6.757850 18.4314
3 -0.360208  7.960460 18.4767
3  1.039120  8.100830 18.4241
3  3.715630  7.833690 18.5124
3  4.969740  7.170160 18.5193
3 -7.419790  0.127098 21.4842
3 -7.275600  0.715252 20.1170
3 -6.603510  1.967890 20.0343
1 -2.980620  0.100678 21.2009
1 -1.676680  0.177550 20.6905
1 -0.750827  1.147970 21.3388
1  0.550315  0.559141 21.2183
3  7.774970  1.819620 19.9786
3  7.764360  1.200840 21.3908
3 -6.289580  2.581770 21.4249
3 -5.470010  3.751340 21.3650
3 -5.057380  4.177860 19.9292
3  7.589410  3.258820 19.9854
3  7.400880  3.831920 21.4346
3 -3.849820  5.912110 21.3122
3 -4.197150  5.344400 19.8875
3  6.795390  5.136030 21.4317
3  6.403260  5.617110 19.9300
3 -2.818910  6.871590 21.3241
3 -2.274750  7.196210 19.8650
3 -0.954117  7.733740 19.8492
3 -0.370135  7.897510 21.2866
3  1.692270  8.287750 19.9358
3  1.052530  8.154200 21.3168
3  3.615680  7.647190 21.3521
3  4.872530  7.055400 21.3587
3  3.134040  8.050100 19.9460
3  5.393570  6.660310 19.9662
3 -7.332460  0.785357 22.8971
3 -6.684760  2.086620 22.9170
1 -3.460980  0.907665 22.3084
1 -4.241500  0.022544 23.1516
1 -2.527630  1.801660 22.8901
1  1.050560  1.633160 23.3827
1  1.430950  0.832292 22.2353
3  7.818960  1.826360 22.8687
1 -1.226590  1.990060 22.3587
1 -0.242957  2.211330 23.4508
3  7.703210  3.294570 22.8788
3 -5.182150  4.237140 22.8164
3 -4.241190  5.343620 22.8638
3  6.427330  5.709970 22.8100
3 -2.282980  7.081790 22.8759
3 -0.954056  7.647760 22.8281
3  1.603840  8.285800 22.7901
3  2.976270  7.907850 22.8330
3  5.344990  6.666270 22.7739
3 -7.438310  0.178126 24.3885
3 -7.249360  0.785635 25.8117
3 -6.778680  2.162410 25.8539
1 -3.214580  1.077280 25.2471
1 -4.077840  0.091637 24.5591
1 -2.371760  1.865330 24.3679
1 -0.982619  2.135680 24.6742
1 -0.490529  1.573190 25.8442
1  0.862596  0.984670 25.8114
1  1.546330  0.957163 24.5530
3  7.796520  1.203400 24.2612
3  7.637710  1.882410 25.7099
3 -6.358340  2.654010 24.2960
3 -5.560920  3.820160 24.2900
3 -5.261910  4.370190 25.7309
3  7.386830  3.903340 24.2678
3  7.600150  3.318610 25.7042
3 -3.887680  5.915570 24.3235
3 -4.303780  5.427180 25.7201
3  6.794790  5.211270 24.2434
3  6.362530  5.691620 25.6894
3 -2.781180  6.807490 24.2972
3 -2.280110  7.153470 25.8115
3 -0.951710  7.662000 25.8150
3 -0.434996  7.949850 24.2234
3  1.013540  8.333190 24.3378
3  1.594320  8.127920 25.8445
3  3.019370  7.857360 25.8062
3  3.502700  7.630450 24.3113
3  4.817940  7.010590 24.2925
3  5.315520  6.702950 25.6826
3 -7.381640  0.246163 27.2575
1 -2.665460  0.430786 26.3681
1 -1.284180  0.632026 26.6984
3  7.621830  1.294740 27.1309
3 -6.554490  2.754490 27.2236
3 -5.701330  3.978240 27.1938
3  7.462140  3.939580 27.2069
3 -4.015390  6.011650 27.1866
3  6.725580  5.139390 27.1668
3 -2.868520  6.893430 27.2255
3 -0.468724  7.943060 27.2365
3  0.949399  8.070800 27.2754
3  3.567600  7.674750 27.1845
3  4.851270  7.056370 27.1742